file	F	P	R	F.tag	P.tag	R.tag	TP	FP	FN	TP.tag	FP.tag	FN.tag
20120117_timesofindia.indiatimes.com_22c1d64206e29a0dca411ee86f44ea616b8f8ac5c652cf30f2382385	76.72	67.76	88.41	0.00	0.00	0.00	206	98	27	0	5	7
20120117_www.orissadiary.com_6ac515d4b60cdb80d6746c10ff74c02087e132b7e63fb77b6a5d70a6	80.66	75.97	85.96	0.00	0.00	0.00	196	62	32	0	2	4
20120117_m.smh.com.au_2837b4beda2d9647673c8344773c6914407ae87298d155731de503cd	80.00	75.21	85.45	0.00	0.00	0.00	364	120	62	0	18	20
20111215_www.telegraph.co.uk_c56e99f68fdb6b7f284f287ac8b1133b20ba731b77a8a9cb96d16260	79.95	72.86	88.57	0.00	0.00	0.00	341	127	44	0	14	15
20120112_news.bbc.co.uk_f75ece81098631dbd272e4b34ed73383c37d719c26d1d72a6a080931	78.17	74.22	82.57	0.00	0.00	0.00	308	107	65	0	14	16
20120117_news.nationalpost.com_d014b8d85ef1cbb634831c871b4bdda202e92660d1062b4f19457c02	88.61	84.31	93.38	0.00	0.00	0.00	747	139	53	0	25	22
20120117_visitbulgaria.info_54a20f9f7abb52319ad7988e1b4e1170c4ea3cf97827941b6f9a2624	86.67	81.45	92.60	0.00	0.00	0.00	338	77	27	0	7	8
20120112_online.wsj.com_078a9cdd4b90e6cb0fd7112799485760d0fc0ee223259c46111498e8	2.09	4.35	1.38	0.00	0.00	0.00	10	220	716	0	9	16
20120117_www.cosmosmagazine.com_ca99584dc34b621b196e5469128147ca2a2596f9ef72cb11548df45e	87.83	86.68	89.01	0.00	0.00	0.00	729	112	90	0	17	20
20111215_www.metro.co.uk_59956104e4f612d6f61f5497ddfdfea1352c597763ea33c207929059	72.02	60.68	88.59	0.00	0.00	0.00	233	151	30	0	8	10
20111215_www.guardian.co.uk_bdb75d0a9df1d38d02528b2a05ff19f310e2a3e96dadbe8b92c332af	80.62	72.45	90.87	0.00	0.00	0.00	468	178	47	0	7	8
20111215_www.dailymail.co.uk_3f608d00736156a323ab476a86a3c7bca40bcb05ee1d74ceb546bbd5	63.90	55.85	74.67	0.00	0.00	0.00	339	268	115	0	29	20
20120112_psychcentral.com_d083c6b0c8d0c244d419c175957011d592d58ad75eae67ccc1195938	87.99	83.63	92.83	0.00	0.00	0.00	557	109	43	0	14	14
20120117_www.mirror.co.uk_b9d91e8cabba8832ceed69fd1edbc73b1c204ba6dfd9df89ce4260b4	74.14	63.56	88.93	0.00	0.00	0.00	225	129	28	0	8	10
20120117_www.bbc.co.uk_7b29bbb105b5aa555f5c798457911b5d76b2ceedcf800086b1e75327	80.90	77.14	85.04	0.00	0.00	0.00	324	96	57	0	11	15
20111215_www.dh.gov.uk_0a9cbae2299a36326acfa07e1a72eb684e38363967d46b929f16e7b6	75.70	67.40	86.35	0.00	0.00	0.00	215	104	34	0	7	10
20120117_news.nationalpost.com_72ee301752737078845a7b55b80760e571b4b0ce0605d2fef8354964	88.37	86.25	90.60	0.00	0.00	0.00	646	103	67	0	27	25
20120117_www.kake.com_f53c043c168bfe50334316658bfc69588b8ddcc26efa05a315da78b1	53.54	50.00	57.62	0.00	0.00	0.00	87	87	64	0	6	8
20120112_www.theglobeandmail.com_a82c942896627b03cbdaaad77d3fd77b4d6ffb18f3006e9c2f4784ec	2.50	6.21	1.56	0.00	0.00	0.00	10	151	630	0	0	15
20120112_www.businessweek.com_a005cdc19204ac2e3d4a5b818aa8c77e5968802888d329495c31085c	83.58	78.30	89.62	0.00	0.00	0.00	285	79	33	0	10	11
20120117_www.stuff.co.nz_53ba40796817ab0ee7fe18d7db255eebc0a5de2acb375b7df7b8ab9e	87.72	85.35	90.23	0.00	0.00	0.00	600	103	65	0	18	21
20111215_www.bbc.co.uk_10ad28b17f9e43976b02a6c94273819d431408d013d600dd689c1168	83.45	79.13	88.27	0.00	0.00	0.00	489	129	65	0	17	21
20120112_www.webmd.com_e32ac08f1b45b33ae2008ecd653f647c5b3eada798c6d439717a374d	67.02	77.80	58.87	0.00	0.00	0.00	438	125	306	0	17	28
20120112_www.prnewswire.com_8d259fddc33accecceb54274199d80eb29bca4526ca3ce0efb210d6d	73.49	62.92	88.33	0.00	0.00	0.00	772	455	102	0	31	28
20120112_www.google.com_fa0d9757941c336d81b6a57178537f035510e965958079464a0ade9d	83.33	77.87	89.62	0.00	0.00	0.00	285	81	33	0	10	11
20120117_www.ohio.com_3257efd6ddffd185f2fe02a3033e51b100d23cfe1bbb6974825ab535	80.93	73.49	90.04	0.00	0.00	0.00	488	176	54	0	23	23
20120112_news.sky.com_894e7a03c5dd0220ce188ac32e8eb1ee0cc463613a722b966cf9a2a4	78.17	73.59	83.36	0.00	0.00	0.00	471	169	94	0	24	27
20111215_www.bbc.co.uk_e96f24839be5d51388265d2a50689ac0e3d174c1dcee1d0100219777	57.23	69.04	48.87	0.00	0.00	0.00	194	87	203	0	8	16
20120117_www.cambridgefirst.co.uk_5738cca15743d499f55994f6132bef39d9e0ac6c6709654080d91340	16.51	27.56	11.78	0.00	0.00	0.00	35	92	262	0	1	8
20120112_www.metro.co.uk_63ca8cbe651c3917efb0977f6ea7a4b5fe936b9bd5367591a2f6570c	72.45	63.02	85.20	0.00	0.00	0.00	167	98	29	0	6	9
20120117_www.scotsman.com_9da257b1239aa7ede6b742e611265879c4c71c95ee65f3e21375cc03	83.95	78.21	90.60	0.00	0.00	0.00	578	161	60	0	25	25
20120112_www.cbsnews.com_45aa314d1bba90dfc9b74aedc130fef139c9c92d7c02f72def10138d	89.39	87.48	91.37	0.00	0.00	0.00	699	100	66	0	17	19
20120112_www.webmd.com_252d2169ba7e553ec3c5f51e82c9cb2f7290b97c3ff5e9fe75c6cc16	71.79	73.75	69.93	0.00	0.00	0.00	486	173	209	0	15	26
20111215_www.google.com_f15ae5e3a902a6f4010166ea66e95dd7202bfd7da6da6cdf9eb68bc3	84.90	79.90	90.56	0.00	0.00	0.00	326	82	34	0	10	11
20111215_www.guardian.co.uk_51844ecc39330dff62a070e5c2b90bad74c03e084f1f2456f297d216	88.87	84.47	93.74	0.00	0.00	0.00	854	157	57	0	13	16
20120117_www.latimes.com_4bbc92767919d8d2467d301487a59707c439c8fd97dff978db56ecc0	86.08	83.58	88.73	0.00	0.00	0.00	850	167	108	0	19	21
20120112_www.express.co.uk_2cc333acdf6ed5465ec0d4d7f4458731780f0c07bca31232aa18a858	65.47	53.20	85.08	0.00	0.00	0.00	382	336	67	0	5	18
20120117_www.dailymail.co.uk_56994e6d6576437c4deaf0da93ed39e5e4ef091958832cf3ec83bd6d	61.45	73.21	52.94	0.00	0.00	0.00	306	112	272	0	12	23
20120117_gazette.jhu.edu_47e76623eb1c3d7206d1cb4165d0b85123ddbbf0f2b1dcd64ab40bee	87.31	82.20	93.09	0.00	0.00	0.00	337	73	25	0	7	7
20111215_www.google.com_1dadb7b8b785257c96e75525287128a33660828a93c87864be59ed53	83.68	78.71	89.33	0.00	0.00	0.00	318	86	38	0	10	11
20120117_www.slbc.lk_ffe253f28e00d6fe592352ade540a8794f1fc39629982208652ab870	76.06	66.67	88.52	0.00	0.00	0.00	108	54	14	0	0	3
20120112_www.dailymail.co.uk_8360aa5d0696320532ff3bc6d5393aaa725db973d2bb2400aef68dda	78.37	73.46	83.98	0.00	0.00	0.00	346	125	66	0	13	17
20120112_www.foxnews.com_758b76cc0f6cf537c117dd591073f38157240017e084e3fb8e1a2d9a	87.03	83.82	90.51	0.00	0.00	0.00	896	173	94	0	33	32
20120117_www.independent.ie_d1f8adf15cd45d6f91736f7d8e6a4ce125b36f88402b3c699e0fcfd2	81.21	77.21	85.65	0.00	0.00	0.00	376	111	63	0	15	16
20120117_www.bbc.co.uk_ee4014a4f6529d9216f9b35b8c4b03d285024160369fef89b9c86b45	72.52	65.18	81.73	0.00	0.00	0.00	161	86	36	0	7	10
20111215_www.bbc.co.uk_b549e6b7ec6bf53a79536b51213191b0752f33e134ba1eaef6ff1b45	81.39	76.48	86.98	0.00	0.00	0.00	374	115	56	0	15	16
20111215_www.google.com_bceb9bbdc9587b15b2cfe90aec22a9d6443a010bc7b7f8755fc2a4fa	85.64	80.92	90.96	0.00	0.00	0.00	352	83	35	0	10	11
20120112_www.theglobeandmail.com_4d28a75adf58743732cee0ecc20179df60b2a311ff393cef89b6088d	79.45	79.00	79.91	0.00	0.00	0.00	553	147	139	0	15	19
20111215_www.4ni.co.uk_e89a5849150069d124708ee2d5f01fcaa2004fe4e62393fcc61dcd61	89.37	90.31	88.45	0.00	0.00	0.00	559	60	73	0	0	20
20120112_www.google.com_2dfbec827e0f441c89fcc448d891770f6e5730f6b1554e1c6dc49cca	85.55	80.94	90.70	0.00	0.00	0.00	361	85	37	0	10	11
20120112_www.scotsman.com_05fc82470d64b6000b7e2bebc552b812a0d8708cd7935287e992f6ac	88.64	85.96	91.49	0.00	0.00	0.00	441	72	41	0	15	16
20120112_www.dailytelegraph.com.au_19da765522c25f1e05b4e2e5c71ead9d2a29c56f410c0e9466d84987	76.04	67.21	87.53	0.00	0.00	0.00	330	161	47	0	14	15
20111215_www.google.com_cdb26ea5a65abb028b8670a95d873fd0db5b7494bc03a29153cfabed	82.25	77.78	87.28	0.00	0.00	0.00	343	98	50	0	10	11
20120117_allafrica.com_ca8306a6e2b39b6e3390076bae8b3db6d31234d8ff6dd0ff5480512a	65.80	54.45	83.13	0.00	0.00	0.00	202	169	41	0	6	6
20120112_www.theage.com.au_3b2621b040935fc7babe189f04a8195e5d6d42f318738af356788972	75.92	68.36	85.37	0.00	0.00	0.00	175	81	30	0	7	10
20120112_www.bbc.co.uk_43f849f890fd1367180abcc0c8b8ae3faf43c4b09a53371d52e33efe	65.70	76.20	57.74	0.00	0.00	0.00	541	169	396	0	19	36
20120117_www.bbc.co.uk_ad83ea8e08d8bd9271e717ba6eeaff8101d3e810c810c17c84451469	47.61	67.49	36.77	0.00	0.00	0.00	164	79	282	0	7	19
20120117_www.mirror.co.uk_33b2a6dd191f2233bfa3c1ef3a49c492b505832883d3050e1940961b	83.08	77.20	89.93	0.00	0.00	0.00	491	145	55	0	16	19
20120117_www.nzherald.co.nz_63f4577ddd683088d27fd6492f831bb6a82726aa2da4eb42f87e9961	84.23	79.92	89.03	0.00	0.00	0.00	633	159	78	0	26	29
20120117_www.yorkshirepost.co.uk_50c87a669df9177b29c3a5d3019d875e04957d02d996b8bb2aac1801	87.29	85.04	89.65	0.00	0.00	0.00	381	67	44	0	15	16
20120112_www.forbes.com_06573abe0d2325fb80b1052a1c35174ba5f221041c38d5faf508b603	87.63	84.37	91.15	0.00	0.00	0.00	556	103	54	0	7	9
20120112_www.cbc.ca_130930eda8db2366fb07c8bcc86b1a960ac1e07d67e36909de294ace	75.05	68.55	82.91	0.00	0.00	0.00	194	89	40	0	8	10
20111215_www.bbc.co.uk_1cf23adb7a882e3c2684f4ef8a0b9f10a45fe51c00624f3307d1cbee	80.34	77.10	83.85	0.00	0.00	0.00	431	128	83	0	14	23
20120112_www.jta.org_4a3379d1f9ec531d5a916677a5a73da5877555db9a120018deeaadb3	73.63	77.04	70.51	0.00	0.00	0.00	349	104	146	0	8	11
20120112_www.azfamily.com_901416d2d30deb043a1da49860792aee2db6df9ed7892be62b8290ce	58.16	43.26	88.72	0.00	0.00	0.00	590	774	75	0	21	20
20120117_www.voxy.co.nz_9822c3f85f78abf468f9e7670d120cd101c2e5cca1defd3b2a312240	79.77	73.33	87.45	0.00	0.00	0.00	209	76	30	0	7	8
20120117_vitals.msnbc.msn.com_446c16a3f7e197591efce13b4ab472f3462cd95375d64b6ec18e8d43	3.93	2.71	7.14	0.00	0.00	0.00	16	575	208	0	1	6
20120112_www.radionz.co.nz_019b7a4433f39cc0bb4134f3fdb4aef3ccc81b7d442d811868a1aa61	81.20	76.24	86.86	0.00	0.00	0.00	324	101	49	0	13	17
20120112_www.slashgear.com_aa9a030c90af5872c76046a4801e9c3a704b820c13ccb4842159f709	80.56	71.65	92.00	0.00	0.00	0.00	230	91	20	0	4	5
20120112_www.cbc.ca_2013ab16a33b8e9a328db6d85e9640d6fdc1f27529f5c142819b392b	80.33	74.19	87.57	0.00	0.00	0.00	296	103	42	0	10	10
20120112_yourlife.usatoday.com_ebe50592eeff17817363219c543164cc48dd75d9b67e95c8cb630c69	74.18	64.76	86.81	0.00	0.00	0.00	612	333	93	0	3	24
20111215_www.dailymail.co.uk_d0ea63908ff796a09c45b95e841dfac33563e802387991bcc135fa4a	77.37	74.18	80.85	0.00	0.00	0.00	477	166	113	0	18	24
20120117_lifestyle.aol.co.uk_03bd3f3ec24087f69f7cc62ad2014eefaa0653bf0aed586e6dac305b	72.57	66.85	79.35	0.00	0.00	0.00	123	61	32	0	0	6
20120117_www.news.com.au_45ec13db07ca54a903d0b2f1ab5560495b485cdc62e5e573caaa8bfc	79.21	73.52	85.86	0.00	0.00	0.00	261	94	43	0	9	11
20120117_www.indianexpress.com_9f97c347cb56cdb2f44406a269d038ab499160f00601ff033fc0334d	79.57	74.50	85.39	0.00	0.00	0.00	187	64	32	0	7	9
20120117_www.gmanetwork.com_a3c1ac3e865f27770d7ead834a1ac09d3e544a5148721a6270991dc2	87.82	85.24	90.56	0.00	0.00	0.00	566	98	59	0	0	19
20120112_www.christian.org.uk_cb17ae52b290ea628635022a174dc740094a13675818745240a199a9	76.50	78.55	74.55	0.00	0.00	0.00	293	80	100	0	12	19
20120117_www.dailymail.co.uk_d2047223c1ca302714775c2e00e6b7f6a24a339fb4cbbb1ff6f96b6a	78.61	74.60	83.07	0.00	0.00	0.00	417	142	85	0	16	22
20120117_www.globes.co.il_d09882c1df29dc17384de479959ebd23c7cb2846d3e30b2735d42fb1	76.22	68.34	86.17	0.00	0.00	0.00	218	101	35	0	6	8
20120117_www.asianscientist.com_13d649500425e7e8398807a5f05fadebbfd7d61ccf9533e59c348f2f	81.46	78.82	84.29	0.00	0.00	0.00	413	111	77	0	14	14
20120117_www.frenchtribune.com_4265bebad043b0d08948897b8390eaceaf5efe5961cd40268644e147	86.20	81.89	90.99	0.00	0.00	0.00	303	67	30	0	7	9
20120117_www.dailymail.co.uk_71b8164fa3ae3b22d1815a056cfb7ea99dcb3f38a3568ea16b50d6c7	39.22	25.47	85.23	0.00	0.00	0.00	202	591	35	0	22	9
20120112_www.usforacle.com_f2891c69339edef2dbc4a373f6ae6dd076bba28fb00514a78a3453eb	80.87	80.57	81.17	0.00	0.00	0.00	651	157	151	0	22	23
20120117_www.vancouversun.com_71478413f90e0d6f2262f3a2cadb7a30be7d7f726e3215acbbd9912d	84.16	79.84	88.99	0.00	0.00	0.00	582	147	72	0	20	20
20120112_www.pulsetoday.co.uk_9be002fbea0f0cda68ec64a3d969d7c5f981f67724253017eb93b917	78.74	71.47	87.67	0.00	0.00	0.00	263	105	37	0	1	7
20120117_www.cbc.ca_d280ab600eeced3edfccf6115b9f97c18cfc3e5eaeb1e8a008078b1f	82.42	78.78	86.41	0.00	0.00	0.00	464	125	73	0	20	21
20120112_www.guardian.co.uk_8255a113def1cb887ffd98ceb14bd87e2cc219bb634d56f22185eea0	86.32	82.52	90.48	0.00	0.00	0.00	798	169	84	0	17	21
20120117_www.vancouversun.com_eb21b7043fcf3025de7089f813da30ebf2866ec79e08ebd77f289128	85.60	81.68	89.92	0.00	0.00	0.00	437	98	49	0	9	12
20120112_capsules.kaiserhealthnews.org_bd950f35c3d4bbfedd3679aa8ed5911ac1670d24388a5c68bc43101b	84.39	77.66	92.41	0.00	0.00	0.00	438	126	36	0	9	11
20120117_www.emirates247.com_3a7aa28fa801bdb4409674b8dbbfa9898076418e079d5b7f7e85b041	16.40	9.10	82.76	0.00	0.00	0.00	168	1678	35	0	67	10
20120112_www.winnipegfreepress.com_0c2c3ed6118a3315ea5ab46444a5010ad180a3b82a0182cbaf9749f7	82.86	75.84	91.31	0.00	0.00	0.00	788	251	75	0	25	24
20120112_yourlife.usatoday.com_91a9ac0660db9f0283c2a185ac06624c308da067ad8d6a7d644a0d9d	65.49	52.97	85.77	0.00	0.00	0.00	428	380	71	0	3	17
20120112_www.guardian.co.uk_5f4756f5d32b866aac3bd29eb56a5e7d613ace85e3e89d50bd409360	72.69	63.49	85.02	0.00	0.00	0.00	193	111	34	0	6	9
20120112_www.winnipegsun.com_73165016b6c9d0a560d91e989e05fc18e0377bfdc9f8cda970e26a7d	54.89	73.18	43.91	0.00	0.00	0.00	292	107	373	0	9	22
20120112_www.northamptonchron.co.uk_c71218a36a51118e3cc0a73afdc72812de85815c1ac68f94a735da28	92.58	91.93	93.25	0.00	0.00	0.00	1629	143	118	0	53	54
20120112_www.medicalnewstoday.com_15b285f600b9236be7ce88cfb81f1a5a229f078321d2e94265ddb1ed	86.62	83.71	89.74	0.00	0.00	0.00	586	114	67	0	0	20
20120117_www.ctv.ca_c0c7faf0396c90b75a307acbd2afa92f8ba4ec226b64ad3af584feba	4.59	2.55	23.00	0.00	0.00	0.00	23	879	77	0	26	5
20120117_www.vancouversun.com_53f7cb2729dbc799a8053833c38c1e209189cec3232585a24e480a55	79.28	72.85	86.96	0.00	0.00	0.00	220	82	33	0	7	9
20120112_www.theage.com.au_020d43d60b12fc5b5432754642742548282d8dc150d8c95f4aebac53	81.58	75.20	89.14	0.00	0.00	0.00	279	92	34	0	10	11
20120117_www.cbc.ca_fb2fbf10401b86e2b4a3e896dcdcb805f0219e982383b31112bfe3c0	65.98	52.60	88.51	0.00	0.00	0.00	385	347	50	0	20	16
20120117_www.theglobeandmail.com_dca2e983ade8cad2062e2eec6581452ca813f4e46dd64a09d141c6fa	84.45	88.15	81.05	0.00	0.00	0.00	774	104	181	0	20	25
20120112_www.iol.co.za_90e7e6721be682e0eeaa0fe149743f9903a70d6254096bd7a050f83a	77.97	71.70	85.43	0.00	0.00	0.00	299	118	51	0	0	14
20120117_www.wwltv.com_39defc5e9432230c3fa6895d4f902155e08b7962fe2f5cc0c87f7d6e	80.11	76.13	84.51	0.00	0.00	0.00	453	142	83	0	19	17
20120117_www.wpix.com_04afe7c6a61eacd831ba894e3a88f33664ad60c558e91837eefe23e2	74.56	70.07	79.67	0.00	0.00	0.00	192	82	49	0	0	10
20120117_ibnlive.in.com_d4550f517a2cf8bc5702aa113f5f415d4476ae0ca0898420aa0e5fc6	74.13	64.14	87.81	0.00	0.00	0.00	245	137	34	0	8	9
20120117_www.nzherald.co.nz_ad956db50d001d3ce17d3c6342e808aa1238bd8e8206f01d4812bf72	79.87	76.95	83.03	0.00	0.00	0.00	494	148	101	0	25	27
20120117_www.calgaryherald.com_aa6d5bb9c192dfedf78aaf49cba9647132f8db9f3e4c92f2044f9fc5	89.03	84.94	93.53	0.00	0.00	0.00	795	141	55	0	19	20
20111215_www.google.com_8e4063dc6cfb782088d53af715efdf52447cbd4aa6b8e56060cda6f7	83.04	77.60	89.31	0.00	0.00	0.00	284	82	34	0	10	11
20120112_www.nydailynews.com_5bc94e5c54af59d5708af729a68924bc8fe11ef5ba62e0505efde515	73.89	73.09	74.72	0.00	0.00	0.00	334	123	113	0	11	18
20120112_www.sunderlandecho.com_c306b8c96a9bba70a2a2093dc16cbd8e0890f9f3d2072429d3b8c95a	89.57	87.87	91.33	0.00	0.00	0.00	674	93	64	0	26	26
20120112_medicalxpress.com_dca594b0d3bee481b3ace56bdba6f1d55f4bf62c2e78aad13f2121be	77.03	83.28	71.65	0.00	0.00	0.00	503	101	199	0	6	8
20120117_www.cbc.ca_1db9a3fe019e11e392aebc86ca7bd63b11ec2c4e7fd0bea2a421e98c	83.35	77.62	90.00	0.00	0.00	0.00	378	109	42	0	10	12
20120117_www2.canada.com_768405a9cf2dadc2769a56edb9fc57549c7d628cb373c38b75f12919	79.85	73.17	87.87	0.00	0.00	0.00	210	77	29	0	8	9
20120112_www.telegraph.co.uk_773824591d924ebde22bf3e709e355466c64015956ebded4595ca892	65.83	77.84	57.03	0.00	0.00	0.00	418	119	315	0	18	28
20111215_www.dailymail.co.uk_7c9b923c2051007465a44b4b1ab66f37fe7f273adbf47ea20c5efb95	73.72	67.57	81.09	0.00	0.00	0.00	373	179	87	0	12	18
20111215_www.bbc.co.uk_03e7bd4c10f54b7af926369ff843d86668ea229d4dd7026bbea5fc4e	80.27	76.19	84.82	0.00	0.00	0.00	352	110	63	0	15	19
20120117_www.langleyadvance.com_c094f71e549e47744144566197f0abf73ca1eb707ff060e3a7c068da	86.34	82.73	90.27	0.00	0.00	0.00	594	124	64	0	23	23
20111215_www.squidcard.com_714e53ab0bff1684b6fbd242c45b85b57564ef44e5d5b1f25609b3ea	85.96	84.51	87.46	0.00	0.00	0.00	300	55	43	0	1	13
20120117_www.dailymail.co.uk_905874e9183dbcee4b84cb6c3f533cee6b0e814d39a50100fa3e9ca0	66.83	75.72	59.80	0.00	0.00	0.00	418	134	281	0	15	27
20120117_www.cbc.ca_1c7a295ecb833dbabc9f3cb6df64331739f50f5e467c61da22a89d96	60.45	46.02	88.04	0.00	0.00	0.00	405	475	55	0	25	15
20120112_www.medicalnewstoday.com_4c0a5615e5b184879734f654b435da5a4b081e8a98c663ac18b51e70	79.88	72.30	89.25	0.00	0.00	0.00	415	159	50	0	0	12
20111215_news.stv.tv_3868f9a920e6afeaee5a4ad05a77fb2386c5b3738b549471e37acf50	83.08	78.81	87.84	0.00	0.00	0.00	383	103	53	0	17	17
20120117_www.ctv.ca_d2892bc031e361b72819e7d96a4daadcb17d0afb60e6bd19733dff65	85.45	81.29	90.06	0.00	0.00	0.00	417	96	46	0	14	15
20111215_www.bbc.co.uk_3a66abad09329b54c3dc699d80ce85384beb21ecf3d480f7bd1dd8f3	81.75	80.27	83.28	0.00	0.00	0.00	533	131	107	0	15	26
20120117_www.stuff.co.nz_cc415cc1a7f98456f362ad5d9d0f5768c4bfece11189bd576907fbb9	86.07	82.77	89.63	0.00	0.00	0.00	735	153	85	0	23	25
20120112_abcnews.go.com_7b2ea90b30176ca2e098e6e3a331dc3bcd6beb0216747a49b2fd9f07	80.62	72.43	90.90	0.00	0.00	0.00	599	228	60	0	20	19
20120112_boingboing.net_2156ac82499859c52b946dd08fd4049125d5db03b78a252bd99a827e	87.46	83.95	91.28	0.00	0.00	0.00	565	108	54	0	14	16
20120112_cmvlive.com_b02be15c980c375ec956cf6f1c9f265ea7807b112a901fdef80b25a8	88.24	84.56	92.25	0.00	0.00	0.00	964	176	81	0	33	33
20120112_www.cbc.ca_3d0724e574ef5beec2407286148b10363daffed804199cf0cbe28b06	80.80	75.62	86.74	0.00	0.00	0.00	242	78	37	0	9	10
20120117_www.vocm.com_1f56795a46048751504db2ae132b6e49c057205e76a3a5f61f81ab85	73.11	66.41	81.31	0.00	0.00	0.00	87	44	20	0	2	3
20120117_www.indianexpress.com_7533df9985a7e604c04952d27e24f4d3d3d4a8e2b5ec810cd9352760	76.99	66.10	92.17	0.00	0.00	0.00	353	181	30	0	3	5
20120117_www.bbc.co.uk_0711524886a0068794cb31a55a2f3b3fbc82b501f7e46fb84581a3e1	83.14	79.26	87.41	0.00	0.00	0.00	493	129	71	0	20	23
20120117_www.rte.ie_0588a81cedf5f3db088bd632512682241a0d6ea97d3ea4c0c3cd02fb	84.81	81.96	87.88	0.00	0.00	0.00	377	83	52	0	17	20
20120117_www.digitaljournal.com_b09361ea8ad05070e41243e4b1683ee7a51c5c7490138d8a9959f967	84.36	83.33	85.42	0.00	0.00	0.00	410	82	70	0	0	11
20120112_www.medicalnewstoday.com_0d4f2d84bf8fc9e3bb097865447abd0246a26175b6cf6dc3442e997c	84.37	81.38	87.58	0.00	0.00	0.00	529	121	75	0	0	19
20120117_www.sundaytimes.lk_2487e3d3adadb2a5b545433f20eda72bb6989b9ee1b9acace784c93c	92.42	90.65	94.26	0.00	0.00	0.00	756	78	46	0	15	18
20120117_www.montrealgazette.com_a00fae0797653465b25ac1a13bcde9e485b514421c4cba8c2c2e196c	85.50	83.60	87.50	0.00	0.00	0.00	581	114	83	0	15	18
20120112_www.wctv.tv_dd68b342550c281cd298181258a33c400869d5839c47ccda0d20dbef	0.89	1.80	0.59	0.00	0.00	0.00	2	109	335	0	0	9
20120112_www.dailymail.co.uk_c7d3f6443d15e3e8b751d734c063d919bf90ddb5735ceab36b6a1320	67.47	57.60	81.42	0.00	0.00	0.00	644	474	147	0	33	29
20120112_www.latimes.com_9fa8e2c8423350080ea1cde836f5a140d026cdb7b2c8030d52023479	77.86	77.11	78.62	0.00	0.00	0.00	320	95	87	0	0	11
20120112_mobihealthnews.com_e0281a435ccce60a61a8046c519d57be049fffc3e8b44c21c87976e5	86.45	82.60	90.68	0.00	0.00	0.00	584	123	60	0	13	15
20120117_www.straitstimes.com_bd59413015818e41702e70acee39591dd6c12b52dd4c4e1df12fd833	64.44	52.49	83.45	0.00	0.00	0.00	116	105	23	0	4	6
20120112_www.inpharm.com_6e18f109719fb4aefa4da84792800594e38ea3227bb27066de7fe10f	71.87	61.81	85.84	0.00	0.00	0.00	382	236	63	0	17	19
20120117_www.google.com_54167310f35c90568e351f22718af2dc78f4b552976150e79d78e1f4	87.00	82.83	91.61	0.00	0.00	0.00	415	86	38	0	10	11
20120117_www.inpharm.com_13cb4a94a2af912370425c72652866dde00b4a67607b08a8969f0da7	70.65	59.44	87.08	0.00	0.00	0.00	337	230	50	0	13	15
20111215_www.webmd.com_72fa7465e3530407517fefa9a2ad2857103e31185e0007520828d1ab	85.45	81.66	89.62	0.00	0.00	0.00	561	126	65	0	17	21
20120117_www.heraldscotland.com_998648fa54f1a5e658f33d51eaa231745078400669f2affaa69b117e	18.01	39.39	11.68	0.00	0.00	0.00	39	60	295	0	2	13
20120112_www.independent.co.uk_8a8296e812a999e1bfa78ac3986f76676160111381e627c8e020f33f	84.83	77.66	93.47	0.00	0.00	0.00	730	210	51	0	16	16
20120112_calgary.ctv.ca_011a082345b3ea8b74fb5e7a126df7c3c577899170d821748d85b2f3	82.14	75.48	90.09	0.00	0.00	0.00	391	127	43	0	12	13
20120117_www.bayofplentytimes.co.nz_1b02a85be013542b49f5462100cd39f556fc6d289c7992aa4516db81	62.01	48.80	85.04	0.00	0.00	0.00	324	340	57	0	2	17
20120112_www.walesonline.co.uk_c74de3f2c3597ac5a357a970261183f1c40796d56c78aab8804648cf	85.47	80.74	90.80	0.00	0.00	0.00	612	146	62	0	20	22
20120117_www.timescolonist.com_d30fb2248f49e66acdcf2f56609771cc53758577da2ce8122c2b594e	85.41	81.45	89.78	0.00	0.00	0.00	527	120	60	0	21	22
20120117_www.publicservice.co.uk_683dca4bb6eee80acfac2190184fa833cc3537974475a827280ad603	89.20	88.28	90.14	0.00	0.00	0.00	384	51	42	0	0	9
20120112_www.newsnet5.com_a339ef70684390395b35975a87f0da722f6ed87b9000cf614fe53f61	66.35	54.94	83.73	0.00	0.00	0.00	139	114	27	0	6	8
20120112_www.telegraph.co.uk_9adb8d607dc4fbf1b30f508947f1c9187bf004627c748562e32f5a05	60.95	80.06	49.21	0.00	0.00	0.00	249	62	257	0	7	20
20120117_www.foxnews.com_444ed31fe47dfd22b178e57c15acfb2165abd521080b21aa8513d890	78.13	70.35	87.85	0.00	0.00	0.00	159	67	22	0	5	6
20120117_www.bbc.co.uk_a5a89301d68c7940a0dfcbae5bf161aab81b577a17044afe5217f47d	77.49	71.03	85.24	0.00	0.00	0.00	179	73	31	0	7	10
20120112_scienceblogs.com_19abf46d03c2b6d959e4778242ae61fd6a51461ec61c0ad6ea97c073	87.46	86.22	88.73	0.00	0.00	0.00	1464	234	186	0	23	28
20120117_ibnlive.in.com_f09aeec9c93d8a20702206d19b6cf9e3f5d22723802c2b7cb0fb53cc	87.16	83.10	91.63	0.00	0.00	0.00	241	49	22	0	1	5
20120112_www.indianexpress.com_9048c2ae85891363446489fa9274ed43dce8dd87b5e6538d3dc1ac63	84.00	80.53	87.78	0.00	0.00	0.00	273	66	38	0	9	11
20120117_www.emailwire.com_335519a0d2e7ba4e9a89bb9e4e3e5296f89616588d24dd921701b601	84.26	79.35	89.81	0.00	0.00	0.00	388	101	44	0	0	12
20120117_www.cbc.ca_922864e1693fe48d4ee7464d2dadb10346b9ef217ef20cc2fe7484ad	63.67	54.93	75.73	0.00	0.00	0.00	78	64	25	0	3	4
20120117_popwatch.ew.com_76e12c8d51a7b68e71f13f8d98b5561ca8dbaa558d239a1df9e4df4c	71.19	63.91	80.33	0.00	0.00	0.00	147	83	36	0	6	6
20120112_www.latimes.com_5b3d04d073c7bfb9af751c9dd8cce0959454a25874f8972f0e37c1d5	81.41	80.43	82.41	0.00	0.00	0.00	370	90	79	0	0	12
20120112_www.three.fm_57439652367bbf1e93b2db66588a8bb1804217ae8431c45b343b87b7	81.57	80.60	82.57	0.00	0.00	0.00	270	65	57	0	0	13
20120117_www.businessweek.com_f298dda4630d2996a1586d8ab7f06f5d7f36990454ec6ac5edc0efde	88.66	86.00	91.48	0.00	0.00	0.00	891	145	83	0	4	30
20120117_www.theglobeandmail.com_2f8c4f3e053f8a1c6f1e3c029d13a4535cfedff37081e875c2409398	68.42	74.67	63.13	0.00	0.00	0.00	286	97	167	0	10	15
20120117_ibnlive.in.com_699400a4278cba71902aee6965c6cb60f3a1dd057377414ce021cb4e	87.68	82.96	92.96	0.00	0.00	0.00	185	38	14	0	1	2
20120117_www.usmagazine.com_efcef509d986f4bac6c1d7fd7525bd246623d12b797626e82db6cf3e	14.64	8.17	70.22	0.00	0.00	0.00	158	1776	67	0	27	9
20120117_www.ctv.ca_34ad8b4063fcac90f46f9d32b9889468774971649484712c3d9b524c	73.68	64.56	85.81	0.00	0.00	0.00	133	73	22	0	5	6
20120112_www.huffingtonpost.com_5cabf1e343190d832484b66570e32417a284f6f0697cad99c8acaf58	72.07	60.06	90.09	0.00	0.00	0.00	418	278	46	0	18	13
20120112_www.dailymail.co.uk_3c74f06a28bdd9795551e38107f828db9177ad22dde8e5002b43cf5a	74.10	66.63	83.47	0.00	0.00	0.00	631	316	125	0	26	28
20120117_www.bizjournals.com_c06b61a58e8e7913454abdb02067b7fc0edcf99c9d848c2d4fea81a1	39.81	26.23	82.52	0.00	0.00	0.00	85	239	18	0	5	4
20120117_www.voxy.co.nz_fac19adfb84f2747fdadfa08c89497057bd56f075e53f941550b4906	86.89	84.10	89.86	0.00	0.00	0.00	709	134	80	0	25	18
20120117_www.guardian.co.uk_5977a9e5cd21e538685d6a42680a0a2c40e8315ae224dd8784d005de	86.19	82.67	90.02	0.00	0.00	0.00	749	157	83	0	16	17
20120112_3d-car-shows.com_568a696a9b0b74e33aa9f371e1894d6bb8e919d0745fd18d26771bdc	88.19	85.58	90.96	0.00	0.00	0.00	795	134	79	0	24	29
20111215_www.guardian.co.uk_055efffff0eae3cdab727ce3d9f781b240ae2e830348fe44213c15f2	87.35	83.57	91.49	0.00	0.00	0.00	753	148	70	0	16	18
20120117_www.figo.org_3afca4e68b47f41368c4616b05e859aa2e01ddb54185d6c811503d6f	69.95	58.36	87.30	0.00	0.00	0.00	213	152	31	0	6	8
20120117_www.guardian.co.uk_dd9d50d1d184dd0ab2d74149f4b884e10bec69f8527a729027f23a54	82.12	77.78	86.98	0.00	0.00	0.00	581	166	87	0	16	18
20111215_www.belfasttelegraph.co.uk_c84a9b7d5164656bef295220fa5cc6c072c6d139d92c9f51f7959946	82.77	75.82	91.12	0.00	0.00	0.00	759	242	74	0	23	30
20120117_www.bbc.co.uk_e3fd678203c31aa09445d655a2e56a7f8bf4c1651ceef12345789a9c	72.10	69.14	75.32	0.00	0.00	0.00	177	79	58	0	9	12
20120117_www.google.com_6efdc613eb93d12a9500bf91a355693091eb23744fb0d6621b6e50ef	82.62	76.99	89.14	0.00	0.00	0.00	271	81	33	0	10	11
20120112_www.dailymail.co.uk_185a9e04efa6651dc4a7c53c5e3b35a18b6b69daa75de77487232257	80.66	75.68	86.33	0.00	0.00	0.00	442	142	70	0	14	18
20120112_www.businessweek.com_1151af0dcad3cda5773eb2d1d26cf0e3ac2ebb5f8f34a99434129516	78.31	75.14	81.76	0.00	0.00	0.00	278	92	62	0	4	8
20120112_www.news.com.au_337c7f67bcf3647aba9e786d7a9ac0ae90374fb4af4270431fc04416	66.33	55.08	83.33	0.00	0.00	0.00	130	106	26	0	7	7
20120117_www.foxnews.com_eb7e134296b991dec4a9750fe0bdbdf6e9c51dc264a5b3a6278d7bbd	58.76	44.17	87.76	0.00	0.00	0.00	674	852	94	0	0	21
20120112_www.washingtontimes.com_92d81e4d373524316f170850ce146c98a5ef60b1ee2d323de4eb5f05	82.08	79.78	84.52	0.00	0.00	0.00	426	108	78	0	10	15
20120112_www.cbc.ca_1343723ddc7858d97ad7be2636252e4b904a6cd969bd559fa4924042	68.97	63.36	75.66	0.00	0.00	0.00	230	133	74	0	9	12
20120117_www.mirror.co.uk_9d27adf9ae5483609c257e7dec02cd92a9783b26fad0e33760a5b4dc	53.49	38.56	87.29	0.00	0.00	0.00	467	744	68	0	54	27
20120117_www.vancouversun.com_bc6137a56083e9dab259a97f6bde13f07d4c97b1dd27b66335eb8127	85.14	82.40	88.07	0.00	0.00	0.00	679	145	92	0	29	31
20120112_www.thelocal.de_ddaee297447b9afccf5dd65b59635271f32f2332c1f35f99f6fff576	76.16	84.50	69.33	0.00	0.00	0.00	278	51	123	0	0	13
20120112_www.medpagetoday.com_b51db5f1ba536e7d5bd5b28f46d46cb4020037bea04bbc7475af681c	76.75	65.98	91.71	0.00	0.00	0.00	774	399	70	0	31	26
20120117_www.massey.ac.nz_fa35656e661a39d744a330d797279aa4dbb320d8de27ff4621b53d3e	88.35	88.62	88.07	0.00	0.00	0.00	709	91	96	0	0	19
20120112_www.mid-day.com_f63fe3934549b712cececaccd571684914441962cd115c9ea00bf307	84.80	84.55	85.06	0.00	0.00	0.00	279	51	49	0	0	12
20111215_www.bbc.co.uk_6289b8881ced4e2577bfe460766ab040744647dad9f6913b235cea1a	67.26	56.75	82.55	0.00	0.00	0.00	492	375	104	0	24	24
20120112_www.heraldsun.com.au_ef4764e85b5e7926ce73df01f103d5e2d66db0cf41577864e4f5db99	77.84	71.58	85.30	0.00	0.00	0.00	267	106	46	0	10	12
20120117_www.abc.net.au_67a8e08a830fc6731e29d12e0cf8c46e1d7b88558f7a2586234f5807	82.97	79.41	86.86	0.00	0.00	0.00	509	132	77	0	23	26
20120112_www.expertclick.com_c849b6ebb9fb8fcf0191255177b241e41d03986f8e0eb9a3421361fc	91.48	89.33	93.74	0.00	0.00	0.00	854	102	57	0	0	14
20120117_topnews.ae_de7616081fc45200997e2360ad973eff77025b1eb4bef5ad70b4ebbf	83.87	78.14	90.51	0.00	0.00	0.00	286	80	30	0	7	9
20120117_www.guardian.co.uk_391eecad2ee1c02543a7c9a17ac788046d6dd5b6204b7f11d0dfbc73	81.39	74.69	89.41	0.00	0.00	0.00	608	206	72	0	19	20
20120112_www.dailymail.co.uk_07c11eeabada1ffd6b2d5303de0f296d539ba3f7865d8d88509f1abd	69.10	60.99	79.69	0.00	0.00	0.00	569	364	145	0	25	28
20120112_www.calgaryherald.com_2d319a6f950e9c0f3569098d55658d4719c7c4f902c3627cb39a9cf7	81.84	77.42	86.81	0.00	0.00	0.00	737	215	112	0	33	33
20120112_news.nationalpost.com_db84bb6bef5278925cad1cb6ee9f78ef5341659326967b3a77cf8799	83.74	83.68	83.80	0.00	0.00	0.00	564	110	109	0	21	23
20120112_ibnlive.in.com_4de5c68e2c3cb25169d585548d45e75e5e249bb42be4f54e2f9ca8df	80.29	72.41	90.11	0.00	0.00	0.00	328	125	36	0	2	9
20120112_www.businessweek.com_2a21025f6f4dc13c9eb8ebf3d249f3fd66c6dd25a65a594f0083b2b7	83.70	77.90	90.43	0.00	0.00	0.00	416	118	44	0	4	15
20120117_www.dailymail.co.uk_056de4e608770f24708213450cd4dde723d54b60236578976c0b056d	70.71	67.91	73.75	0.00	0.00	0.00	309	146	110	0	16	20
20120112_www.medicalnewstoday.com_3c7a2b3347ff9a9f376ef57ffccea1eb33898b6064fab71224d80c19	84.00	80.35	88.00	0.00	0.00	0.00	462	113	63	0	0	18
20120117_www.latimes.com_2b1c2cabdb7c25ec353fcc7c3c7a7c3a96328c67b4d64dc0de54dd9c	74.26	68.88	80.56	0.00	0.00	0.00	290	131	70	0	0	12
20120112_www.foxnews.com_0d269a696925fa21989131eee82ab39ef86ab3900cca39b9d2fb0317	84.74	80.78	89.09	0.00	0.00	0.00	433	103	53	0	12	14
20120117_timesofindia.indiatimes.com_87093d456225c802820c5a70f7f0ab9c67178751ba6dcb659390b030	84.98	81.95	88.24	0.00	0.00	0.00	345	76	46	0	8	10
20120117_theuptowner.org_5e03c90055896adb8d8f3cba18a5ecf4b076702f7d9805c8b9a81422	91.78	90.26	93.35	0.00	0.00	0.00	1010	109	72	0	22	25
20111215_www.guardian.co.uk_907efa7d6598430e7d998858ce55198cd1b93d8f6173d82e2b3071ee	75.47	66.01	88.11	0.00	0.00	0.00	200	103	27	0	7	8
20120112_lifestyle.aol.co.uk_309f2cdd5524511152e51f935e103c5c47b90e9601158efa0d8c2ed6	44.10	78.27	30.70	0.00	0.00	0.00	245	68	553	0	0	24
20120112_www.latimes.com_a3c4f7092044d8d4a9fc93264445da7fd27088e47318ea679d881db6	82.08	78.46	86.04	0.00	0.00	0.00	561	154	91	0	0	13
20120117_www.newstrackindia.com_be31d862c62a21db5da44f6f04dfbefa0db30b8871335add44765e18	85.01	82.86	87.27	0.00	0.00	0.00	377	78	55	0	15	17
20120117_insideireland.ie_bd5694f07cacedbc1f7469f11cdb8aafce10444b6e845730fe15dc50	76.52	67.69	88.00	0.00	0.00	0.00	176	84	24	0	7	8
20120117_www.dnaindia.com_fd3765adb1b01b810d1167ba1712a8470fba7b0fb2891182c2b1a100	80.35	73.91	88.03	0.00	0.00	0.00	272	96	37	0	13	14
20120112_www.torontosun.com_f2a19d5b2abbc3b13069721457c368493c5bd5ffafaa0a8ddd6b7d87	59.79	55.39	64.94	0.00	0.00	0.00	113	91	61	0	8	9
20120112_www.boston.com_074caa4afb62a4df906fb8620e35f09208d6ed2d6b9326eb114f35ef	81.86	76.64	87.85	0.00	0.00	0.00	571	174	79	0	19	21
20120117_www.telegraphindia.com_f2c7f602fb72a37c60841753229e49c1ff9169695ea2b9ad3cba98c0	86.17	83.99	88.47	0.00	0.00	0.00	813	155	106	0	0	25
20120112_www.foxnews.com_83236102d82f5fe34b8e10d360c0cbc9d74fca8f3720841e259e0b12	86.54	82.83	90.61	0.00	0.00	0.00	685	142	71	0	20	21
20120112_www.google.com_16ba7af039d5e83a5722d8de6bdf55167ee80ce457b03f27739be3c7	81.63	76.98	86.88	0.00	0.00	0.00	331	99	50	0	15	16
20120117_www.travelagentcentral.com_fa9f01519f4110031bce2f2035dbc52b6e9e27b88cabc88f52274f8b	71.68	67.77	76.07	0.00	0.00	0.00	267	127	84	0	6	6
20120117_www.mirror.co.uk_d5396eacefe93b59cd52afd69fa9cb9d6dd055a8fa73b7e391b758c4	73.05	65.85	82.02	0.00	0.00	0.00	187	97	41	0	8	10
20120117_www.dailymail.co.uk_24323412761f93cb64df4009599e78c7bdd303f93c33b0c4031eef78	76.61	72.20	81.61	0.00	0.00	0.00	457	176	103	0	15	21
20120112_www.vancouversun.com_4e062ebd37d16f1783d3d58accff0e8c0d9a9da531f5b98a5a173c5c	82.49	77.28	88.44	0.00	0.00	0.00	551	162	72	0	18	20
20120112_ckom.com_7e263a94f02d5a1d7bffccd680f372762e6b05c502e4bd889b5815ff	76.50	68.21	87.08	0.00	0.00	0.00	236	110	35	0	10	12
20120117_www.mirror.co.uk_7d5e6f67a6979c53c5555614287d5e615c527c53fb9760236b95b8b9	83.32	78.48	88.79	0.00	0.00	0.00	412	113	52	0	14	15
20120117_www.globalpost.com_79a4dd9737349e7695e9f386a54b849a1e025e959db8a50954f798fb	73.35	63.47	86.88	0.00	0.00	0.00	245	141	37	0	7	7
20120117_www.google.com_ce49b38ed4b0a0cfa78cc173c5dc33aebe2019d6c3b60a9e0d3b445d	81.31	75.65	87.88	0.00	0.00	0.00	261	84	36	0	10	11
20111215_www.foxnews.com_8c8755e6e6cf31b8ddad1ada9085a3089802a05e23e37b0e8316b1a4	85.44	81.65	89.60	0.00	0.00	0.00	405	91	47	0	10	13
20120117_gothamist.com_a6b6a49ce44b1e33a5d2baff994e803b5ef5bbb15ce7642075df08ae	72.17	65.67	80.10	0.00	0.00	0.00	153	80	38	0	3	3
20120112_www.dailymail.co.uk_7fc700fa999a47bf65a04fca9dbc19294b1135da4d39fe3efcb81de7	2.84	2.09	4.44	0.00	0.00	0.00	17	798	366	0	22	3
20111215_www.bloomberg.com_89eb5fb6f715c79f7b80b996dcbdfe57e6f6837e3fb513c7948dee1e	76.18	67.60	87.26	0.00	0.00	0.00	315	151	46	0	8	10
20120112_www.winnipegfreepress.com_31beb74ad5cc37754e1d33ec41cd9c4b8cf4c68c52611eb58a5b2a2d	74.35	68.27	81.61	0.00	0.00	0.00	142	66	32	0	8	8
20111215_lifestyle.aol.co.uk_937d9eb5be35cb3a1e059d8e65792dd4b977f232ebdadc68c861a53f	79.94	78.16	81.79	0.00	0.00	0.00	247	69	55	0	0	12
20120112_newstonight.co.za_4947d97c403248217bb6c561819984948d4ea0f93eddebb8bed85820	84.28	78.50	90.99	0.00	0.00	0.00	303	83	30	0	6	8
20120112_www.latimes.com_7813a9736252189070abfda11663cf03ebfbce16d4fac270cf184c58	78.23	72.94	84.35	0.00	0.00	0.00	248	92	46	0	0	7
20120117_topnews.net.nz_9bfcb66030a6d918d49e40c03c6b4ff3f8d5b202176a974eaa5afe9f	85.68	82.30	89.35	0.00	0.00	0.00	344	74	41	0	5	7
20120117_www.google.com_c29fb1d041fc32e81b9f9dcdae0827b060e5de8d963198c1d1ba8dab	82.13	76.38	88.81	0.00	0.00	0.00	262	81	33	0	10	11
20120112_www.iafrica.com_7edd9b541414b73079bf5c811c81fb93e2337bf976ab3484252ecf96	75.29	67.45	85.19	0.00	0.00	0.00	230	111	40	0	7	8
20120112_timesofindia.indiatimes.com_86d9c13b0000d41c59712badf36a3a6e49ae660e956d17d7841b959b	87.97	83.61	92.80	0.00	0.00	0.00	709	139	55	0	15	17
20120117_www.vancouversun.com_a8fbdd69f65db06aa729e3db8df251d9939313d3d9cab7a8ad116dfb	81.18	74.57	89.08	0.00	0.00	0.00	261	89	32	0	8	9
20120112_www.msnbc.msn.com_816efc90821d446121da0919d604c25bcf609dcdae1315719001cf5e	60.38	49.00	78.65	0.00	0.00	0.00	442	460	120	0	21	20
20120117_www.newsday.com_fa8d57f892007d63353bb71812d9854099c10ea56e7633977b5b4068	71.55	63.71	81.61	0.00	0.00	0.00	244	139	55	0	8	10
20120112_www.businessweek.com_b77c6be214c157c40554ed2ce2cf6c41081f9a39df563f3df245ecf8	83.20	76.13	91.71	0.00	0.00	0.00	354	111	32	0	4	10
20120117_www.abc.net.au_de78bc966dde34a1742c725701302d1454a167d4ff15066abcc3cdee	82.66	77.69	88.31	0.00	0.00	0.00	491	141	65	0	21	20
20120112_tvnz.co.nz_695629943f191bba92909e10c5c610e6a2926c80af35069ab5185b24	45.79	31.93	80.90	0.00	0.00	0.00	144	307	34	0	12	6
20120112_www.bbc.co.uk_2cac11f4fbd2f55894f9f3e7fb28c8fc105988fdc00c5105aa91bb96	82.56	79.89	85.41	0.00	0.00	0.00	568	143	97	0	21	26
20120117_wonderwoman.intoday.in_ac77509543e77c4fac40e105e32e2772efe84f6e1c2fe32e14f41a39	85.86	85.25	86.48	0.00	0.00	0.00	422	73	66	0	1	17
20120117_www.newstrackindia.com_09b376f9fbdb420dd698e70b05d9041f0616874e7234c88e99334115	88.84	87.36	90.37	0.00	0.00	0.00	760	110	81	0	23	24
20120112_www.washingtonpost.com_f7175bdb02eae7ca3a47a87655c79d451f44d1a4758b55052e72aa83	86.58	80.93	93.08	0.00	0.00	0.00	713	168	53	0	24	22
20120117_abcnews.go.com_02f75071c1cc07e05a78a2f1062f1499b8c7a7cd5e01b23a9d932bd0	21.97	12.59	86.17	0.00	0.00	0.00	162	1125	26	0	21	8
20120112_io9.com_342f14a83f5f7c3c3d8fa26c5a5f46e591212ad7a8bb2e45d41daa47	84.77	77.28	93.87	0.00	0.00	0.00	398	117	26	0	7	7
20120112_thechronicleherald.ca_d70e1b649f68e7e94bdc11385d626de54df9ff6312ea7464457c55e4	87.43	82.80	92.61	0.00	0.00	0.00	727	151	58	0	18	21
20120117_topnews.ae_60e71ed4515e93f5ae418efc8f91af85246a9e9daa63d9f8668f7367	85.42	80.33	91.19	0.00	0.00	0.00	290	71	28	0	6	8
20111215_www.walesonline.co.uk_8d91605236e7af55c0d28c54c1c1fcfefa87308d2f55ba1cbe0c7245	83.15	80.87	85.58	0.00	0.00	0.00	617	146	104	0	21	25
20120117_www.newsday.com_bd9a36f1d3fa8eeae139eabf18984c92b5fee713788fc1e6b479df0a	83.91	78.11	90.64	0.00	0.00	0.00	339	95	35	0	10	12
20120112_www.cbc.ca_0bcde571ac213d83e8f838480693af9d70c2ddc2b44ddd5221170be7	72.12	68.49	76.17	0.00	0.00	0.00	163	75	51	0	7	9
20120117_www.basingstokegazette.co.uk_9f95bd6b31caa6c22c8b78467947eb43fc3c27e87c476f41472b1090	73.25	64.61	84.56	0.00	0.00	0.00	115	63	21	0	6	6
20120117_www.sfgate.com_24e1213a9d551032be5ff810b012664630de7bd43e8f284e982daed6	77.02	66.50	91.50	0.00	0.00	0.00	409	206	38	0	9	8
20120112_www.barchester.com_4c4d0427e91d6004553087582714950ca37bb14a373c872a31053a77	78.52	71.79	86.64	0.00	0.00	0.00	201	79	31	0	2	10
20111215_lifestyle.myjoyonline.com_b5b6ed9b355b6a6cc165063e69e3751d6d208794a0584ae03c75329e	85.26	86.96	83.62	0.00	0.00	0.00	480	72	94	0	0	24
20120112_www.reuters.com_2d186f1bdc126e568e3394e1f1af926f58c39d8ccbe1ec0fe30ddec5	58.75	44.78	85.38	0.00	0.00	0.00	403	497	69	0	28	16
20120117_www.nursingtimes.net_38b101d69b9c9cfe1e114d0559971d9c8902ae2648a37d32788f46eb	89.94	87.80	92.18	0.00	0.00	0.00	648	90	55	0	18	18
20120112_www.nytimes.com_baf47ee30129c2c69980ac4def3977ca1e07a46f9c06a9e493e567bf	71.48	61.14	86.02	0.00	0.00	0.00	203	129	33	0	1	3
20120112_www.news-press.com_0c04426f510b39823ae14e53c9d17984f234d2c32df1e081386a2d77	82.59	78.88	86.67	0.00	0.00	0.00	351	94	54	0	11	14
20120112_www.eveningtimes.co.uk_6ae06c166470c5b4275e7da2ad0b8a141e265d8b28ac4aa7569fd339	75.16	72.02	78.57	0.00	0.00	0.00	121	47	33	0	6	8
20120112_www.nursingtimes.net_ca29bcc1ba37628c31cd89cd917e90fff298ae75980920811a12f434	92.48	90.03	95.07	0.00	0.00	0.00	578	64	30	0	9	10
20120112_www.dailymail.co.uk_6a455c7e61c1346482ba40d477706011eb2561af0d9818921e748b49	48.40	47.72	49.10	0.00	0.00	0.00	272	298	282	0	19	26
20111215_www.google.com_8ad4138167b471c61549e62de2da82f1caf9d6fdebd33c02afb27c70	81.98	77.45	87.08	0.00	0.00	0.00	364	106	54	0	16	17
20120112_www.newstalkzb.co.nz_969d7ae1be36bfe4c30c9fc1ac89760b3822c295058c24b366e05a26	64.38	57.69	72.82	0.00	0.00	0.00	75	55	28	0	6	6
20120112_www.mirror.co.uk_8663691265499871d832ce0f04fa21b06218d200d99911ecead041a2	77.29	68.63	88.45	0.00	0.00	0.00	291	133	38	0	11	14
20120112_www.deccanchronicle.com_da4b4e7685d7a48f5ad320e14dcbcb15f6a8a98cd45fd798a8c6526a	71.71	64.14	81.31	0.00	0.00	0.00	161	90	37	0	6	8
20120117_www.foxnews.com_afd88d9ff26bde569ad8578614c9b61beaf56abf288bb42f8caf09d6	74.35	65.57	85.84	0.00	0.00	0.00	200	105	33	0	8	8
20120117_tribune.com.pk_8e315b727f49b50dfa980ef6488391d7e5735794b39fb5ac4e3d0428	87.57	85.06	90.24	0.00	0.00	0.00	444	78	48	0	13	15
20120112_abcnews.go.com_4735ad98695d777e63923731d5a16423868aad5704baa5ed79d98777	59.11	76.35	48.22	0.00	0.00	0.00	339	105	364	0	9	17
20120112_www.bbc.co.uk_11ac003bb189b173013ffe172a5f9d970511411776aa8a2240af5a06	71.39	63.64	81.29	0.00	0.00	0.00	126	72	29	0	5	8
20111215_www.webmd.boots.com_2805090080ec7ca0f50b4fdb245332f0d93d3818e08e7787940bfd3a	84.64	80.81	88.85	0.00	0.00	0.00	518	123	65	0	13	19
20120117_www.theglobeandmail.com_8c59ebceafadcfa87f6701a01405b73f13784564a6ec58f98208dfe0	83.23	80.08	86.65	0.00	0.00	0.00	422	105	65	0	14	17
20120112_www.winnipegfreepress.com_f785568958931d55422ffeb15b71ca9116ed2ad2eb734058b02090a4	89.57	86.97	92.33	0.00	0.00	0.00	674	101	56	0	23	22
20120112_www.guardian.co.uk_2da9855bcb31797fa476727a38f3291bae6e12f139c30c9fdce29580	92.81	91.32	94.35	0.00	0.00	0.00	2672	254	160	0	40	52
20120112_www.irishhealth.com_a361acaac9810b5100c62926d5649a6118027ffb60db7aef06c9df8a	74.37	77.44	71.53	0.00	0.00	0.00	206	60	82	0	8	11
20120117_www.healthcanal.com_8edecf312eef5bede6750ca9181875c2970b5e31b026251abfafa9c8	82.21	73.96	92.54	0.00	0.00	0.00	372	131	30	0	10	9
20120112_yourlife.usatoday.com_e8a5ad12c6630b952c1cbe67286f1f6d788fd681e836f6d807bdb143	76.59	66.55	90.19	0.00	0.00	0.00	561	282	61	0	3	14
20120112_www.independent.co.uk_224f87017b56cc4cb55e8039a1a6314296b5aff48f7f4ae79924bfbd	74.69	63.03	91.64	0.00	0.00	0.00	329	193	30	0	10	10
20120117_www.dailymail.co.uk_9e40ba53973df4419b48d86e95478a5c4cef943be06afb1f0bb8c467	82.45	78.91	86.32	0.00	0.00	0.00	707	189	112	0	22	27
20120117_www.webmd.com_0d9c995cb887514cfdd86a410c23334910a6b70382ec506577562fd0	71.63	81.09	64.15	0.00	0.00	0.00	476	111	266	0	9	19
20120112_www.medpagetoday.com_873994fea57f1921838fad1316c448b9102c2a8dae2620fd75303413	83.91	76.11	93.48	0.00	0.00	0.00	803	252	56	0	16	18
20111215_www.foxnews.com_df946aceb02b3f5fdf45cf23aaa92a1e8c0eff450eac22c459ff5243	76.27	68.03	86.80	0.00	0.00	0.00	217	102	33	0	8	9
20120112_www.montrealgazette.com_a00bac034dbcb0826e2ff48108e07a317aaef845e74312b563621b4e	74.39	67.34	83.08	0.00	0.00	0.00	167	81	34	0	7	9
20120112_twocircles.net_e952787cf52feb093284b1e08fa3e2bbf673634e3a36618d1e5ae5f7	76.53	70.23	84.06	0.00	0.00	0.00	269	114	51	0	13	13
20120112_www.nytimes.com_061e77b36ba562f36887601596fba176227c5e11001bfd4cda5dc993	84.67	84.48	84.85	0.00	0.00	0.00	577	106	103	0	15	18
20111215_www.managementinpractice.com_421454829cb75f32eef8f31f549a8c7d7c5d24694732c1888019acd9	87.44	84.56	90.51	0.00	0.00	0.00	515	94	54	0	13	16
20120117_www.thehindu.com_8b040e087a12de4d40f989bae180f0f17387a2d0e9645faa766e108f	88.06	85.17	91.14	0.00	0.00	0.00	494	86	48	0	0	18
20111215_www.dailymail.co.uk_7649c3f49d8273fca6eb44499d790769421004f1ed50404d7cf1ffff	76.04	72.24	80.26	0.00	0.00	0.00	549	211	135	0	24	27
20120117_www.theage.com.au_0049210621f02153b666a988fed86fa63c93213f53b3fbd2e16f75ed	80.61	74.16	88.29	0.00	0.00	0.00	264	92	35	0	10	12
20120117_www.timeslive.co.za_893bb50c7b91e8b82e215045de8580f9162b6ada30a3c21ba63e4167	67.61	56.42	84.34	0.00	0.00	0.00	167	129	31	0	7	9
20120112_www.guardian.co.uk_ed85aeb8e6073435855f5d682554f3b5905d7cfd035343cc27052ab9	83.91	80.93	87.12	0.00	0.00	0.00	751	177	111	0	26	30
20120112_www.smh.com.au_a06534b3c16eaf51c4fac344f19aebef34c49dc2d543a7f721bcf310	87.25	83.97	90.80	0.00	0.00	0.00	592	113	60	0	21	24
20120117_insciences.org_5a38d0d9d1f6c2efa76613a579a1d272a5e049b9a1b335572bddc86f	89.69	85.96	93.76	0.00	0.00	0.00	857	140	57	0	14	12
20120112_ibnlive.in.com_f950be00fcdabd04adcb105977662b15b9670d4580731ba46b6df8f7	90.97	87.16	95.11	0.00	0.00	0.00	292	43	15	0	1	2
20120112_allergies.about.com_88102a1ab73f5b15f96c77a675276d1c9fa99136710d86ce8cd8cece	82.33	78.23	86.89	0.00	0.00	0.00	212	59	32	0	3	4
20120117_www.publicaffairs.ubc.ca_960736fb4b55a2aef25f35953090a0abed467b5780f847eed52607a6	86.98	81.91	92.73	0.00	0.00	0.00	421	93	33	0	11	10
20111215_www.google.com_453dc5333df9263e7a38cab1675e8cc6945729c15c9b4861a5203573	83.18	77.59	89.64	0.00	0.00	0.00	277	80	32	0	9	10
20120117_www.deadlinenews.co.uk_46f85fba84210a9d8297175a51f0a455e02739a8acb325476f397dc9	76.34	67.01	88.67	0.00	0.00	0.00	321	158	41	0	11	13
20120112_www.bbc.co.uk_ad1db78d02be495a79ccaa71c7f97feca24c11fbb4743486ed5bc98d	85.88	83.50	88.40	0.00	0.00	0.00	587	116	77	0	21	25
20120117_ottawa.ctv.ca_185d58d6bafc8849152ce0430eeb8d243450e52025686429eca85123	84.62	82.65	86.68	0.00	0.00	0.00	462	97	71	0	18	20
20120112_www.latimes.com_e85343665d685346620e87c39a9c9f6812c15a84e41f5bd37d86bf29	82.71	80.86	84.64	0.00	0.00	0.00	452	107	82	0	0	12
20120117_www.brecorder.com_4801b9e0afc780d1d7960bf690f894d021dc81cde930b60d977d047e	61.39	48.80	82.74	0.00	0.00	0.00	163	171	34	0	1	9
20120112_ottawa.ctv.ca_f8655d60b23aa3b109bef4b98aa48daa6a2c1b0e1710a57715054dbf	69.77	61.54	80.54	0.00	0.00	0.00	120	75	29	0	6	8
20120117_www.mirror.co.uk_c3f826ea9cea6fbf59e17bca1670119e472c7e984c38bf7cc7369950	69.65	57.77	87.69	0.00	0.00	0.00	171	125	24	0	6	8
20120112_www.businessweek.com_a3c2447b038ee157ff05a6e38a9f1923422b8f38d0eb556eee61c7e8	85.29	80.26	90.99	0.00	0.00	0.00	313	77	31	0	9	10
20120117_economictimes.indiatimes.com_e2109c7328f2ed169f12e980884fd522d752b999667aca3a913a5a6b	79.24	71.55	88.77	0.00	0.00	0.00	332	132	42	0	8	9
20120117_www.vancouversun.com_5c5c8a2b675997c08c964a232714b1e2815473e93bf43e12e25d2ecd	85.83	83.91	87.85	0.00	0.00	0.00	636	122	88	0	22	25
20120117_www.sunderlandecho.com_11ef26314b2339538dba0edf09303ccba6fecc6d108cea306d79a8ca	85.77	82.96	88.78	0.00	0.00	0.00	443	91	56	0	23	22
20120112_www.forbes.com_9df15b8203b99aed7f5f16cf325910f94c8a9705a4f860d2f64d4dea	89.17	86.34	92.19	0.00	0.00	0.00	531	84	45	0	11	12
20120117_www.vancouversun.com_645c3e13b7ed69829ebfa404ab367f5d607585e3408017d5053f2cca	54.66	40.98	82.05	0.00	0.00	0.00	361	520	79	0	33	19
20120117_www.nzherald.co.nz_bf50a7c3faa7e7b961fa7b79d60c5a5c6bac6afd3c3fff1ad383ecb4	80.91	75.91	86.61	0.00	0.00	0.00	375	119	58	0	16	17
20120117_www.hudsonhubtimes.com_81a2ad8a87eed065c4f97bf6d0d7b432a82f3ad18974f116dca3197c	88.74	85.62	92.10	0.00	0.00	0.00	536	90	46	0	13	14
20120117_www.voxy.co.nz_64f99e60c3422776c249206a1764c6971075a8fb130b45d8d5d47153	77.80	72.04	84.56	0.00	0.00	0.00	219	85	40	0	7	8
20120112_www.nytimes.com_30ea681ec1f2ab872b3df28d1b564d0462ef30c3cc15b136cfd0ce7d	82.15	77.90	86.89	0.00	0.00	0.00	497	141	75	0	10	13
20111215_www.metro.co.uk_ff128efb71f99871a9fa169dfe705d91a2f03511fae894416f72e872	76.56	68.37	86.97	0.00	0.00	0.00	307	142	46	0	13	13
20120117_news.nationalpost.com_9c41a76b35f0bece9d7fe3cc2535a83c4623c27625b8f483ce92764c	79.30	73.55	86.02	0.00	0.00	0.00	203	73	33	0	9	9
20120112_www.dailymail.co.uk_f8b255be5b8a3e960e4dfd26706fa9958f441c373719abb15ffa4044	82.83	77.72	88.66	0.00	0.00	0.00	743	213	95	0	24	28
20120117_www.heraldsun.com.au_8126059a034413bbc5feda6c0972a2f4bcdc10a4a2966756524bdb9a	80.94	79.54	82.39	0.00	0.00	0.00	276	71	59	0	2	16
20120112_www.bbc.co.uk_370e10cd75d7a03b7bc85b98a0e95d013bf0d85ae93a5be07970dae4	76.58	72.91	80.63	0.00	0.00	0.00	358	133	86	0	14	20
20120112_www.cnn.com_b78b02dda94a0bb1c9af1b450bcee42ba27a409fbffe44a63f9a8983	86.20	83.35	89.25	0.00	0.00	0.00	681	136	82	0	18	22
20120112_www.vancouversun.com_a7a143f20a560992ca878cd0e6885e75ff1af630c7f58a543b227fe4	72.94	62.46	87.63	0.00	0.00	0.00	411	247	58	0	21	18
20120117_www.theglobeandmail.com_36ea6f6eaa3cef710ab028cb216c78e11fb821c228bf17694d43eedd	72.38	78.14	67.41	0.00	0.00	0.00	486	136	235	0	12	19
20120112_www.winnipegfreepress.com_f121c190f81259fa99612eb9152b0ac825793db04cd4b59b89c81bbc	74.73	67.31	84.00	0.00	0.00	0.00	210	102	40	0	12	13
20120112_www.ottawacitizen.com_18f1f1488b03dfd50b6ecf166a058c0b1ce363b539db75ff6733e5b8	89.49	86.06	93.21	0.00	0.00	0.00	741	120	54	0	19	19
20120117_m.smh.com.au_57f2c0b04d678f4c82e7fd29ffe36fde93311599c23e007af0365532	84.77	80.52	89.48	0.00	0.00	0.00	434	105	51	0	17	19
20120117_www.dailymail.co.uk_250e9a011bf4213fbe5b098b27130f7bf5d7f435e72f9deaad5ae28a	40.00	31.31	55.38	0.00	0.00	0.00	376	825	303	0	36	27
20120112_www.thelantern.com_b49a9c7f9d4771315e26a88430b005576a9a39a5432767d9a1591ca3	88.78	84.02	94.12	0.00	0.00	0.00	368	70	23	0	5	6
20120112_www.latimes.com_86590de2901a8e344e80e97320b29447c9e32973abca5f94e937e36d	56.25	55.75	56.76	0.00	0.00	0.00	189	150	144	0	0	11
20120117_www.vancouversun.com_f6fc048f5ef474ad6269dfe36c60d0dcc09d71b34e234d5b0f904448	84.43	80.38	88.91	0.00	0.00	0.00	385	94	48	0	13	15
20120112_www.guardian.co.uk_1dea54cb2bc43d561690560e0813621721c012ebd0fb1c8104978169	80.08	72.28	89.77	0.00	0.00	0.00	386	148	44	0	9	11
20120112_www.nydailynews.com_560098327943ada908b93cdf6817fc62425c05f81984b3a69f599a0a	30.24	18.82	76.80	0.00	0.00	0.00	96	414	29	0	19	6
20120117_www.therepublic.com_462638bd8246b7eedeb61fc13c6570fc3d0001fe9f9944719fc9810f	91.45	87.48	95.79	0.00	0.00	0.00	1160	166	51	0	21	18
20120117_www.radionz.co.nz_8f4cfaaed56962ae6a500d669bd618905f87346dda87037cf72e78b4	65.56	57.56	76.15	0.00	0.00	0.00	99	73	31	0	5	7
20120112_www.reuters.com_7a3ed76095e0102a7e0d096cf11f2a1e75c1376bc923de2879fa8700	84.42	80.70	88.50	0.00	0.00	0.00	531	127	69	0	18	17
20120117_www.nzherald.co.nz_e2d26048653a5baacec16d8d6ce2140a0aadcb05c4af0803b2625f06	62.28	51.43	78.95	0.00	0.00	0.00	90	85	24	0	5	7
20120112_www.proactiveinvestors.com_983802c35aa5afe93e2a85e759d02be06913749c233fe29eeb96188a	89.49	87.73	91.32	0.00	0.00	0.00	579	81	55	0	12	14
20120112_www.dailymail.co.uk_312178333630c1aae812202f6affe4de2fd6cd800ceabe34cad6cc90	31.60	30.32	33.00	0.00	0.00	0.00	67	154	136	0	5	9
20111215_www.google.com_c50d4f7677fffc9b7484502340de3b0f9a260d11719611e9f17b162a	86.54	81.98	91.65	0.00	0.00	0.00	373	82	34	0	10	11
20120112_www.latimes.com_4fc3f7c44882404f7f8748637fb8161f338c91bdb294af9c0398c74f	77.54	70.10	86.75	0.00	0.00	0.00	347	148	53	0	0	10
20120112_www.google.com_67ab2a5fb5ec4c1d92d352aba2b3b6963a455bc6fa881ad8f99b1126	85.42	81.20	90.11	0.00	0.00	0.00	419	97	46	0	14	15
20120112_www.stuff.co.nz_9b4fbd0f0ab4011910cbfcd80261b4fb2227a0ddd893e05e925c8df6	74.80	65.28	87.58	0.00	0.00	0.00	141	75	20	0	7	6
20120112_www.reuters.com_9805087f9c2bdf6ce2cee7f755b2f88f80ac2b09d470bc6fefeb9954	76.64	70.52	83.92	0.00	0.00	0.00	287	120	55	0	14	13
20120117_www.bbc.co.uk_0e2fefb1a9fc14934b311f00ca71bff7cc909fcacb09d097dafac787	76.04	73.43	78.83	0.00	0.00	0.00	257	93	69	0	12	15
20111215_www.bbc.co.uk_cef0d1619babf56ae2533742ef19512e3ecf3e818a4bcc3036bcf0c7	87.07	83.36	91.13	0.00	0.00	0.00	606	121	59	0	16	19
20120117_www.dailymail.co.uk_868c9443878fc41941fe65a4574ec9b012d876912874d4247b4b4258	31.38	25.74	40.19	0.00	0.00	0.00	166	479	247	0	11	16
20120112_www.newsandstar.co.uk_87af71c469ffa03161f85d93769c28c54d8c6685e696c81d02585bf3	85.48	82.58	88.59	0.00	0.00	0.00	365	77	47	0	15	17
20120112_www.sflorg.com_69d1e2e5f6f122887db7946844596f17eb2c74e413a3334539b76f05	80.68	72.93	90.28	0.00	0.00	0.00	520	193	56	0	14	15
20120112_www.indianexpress.com_3ebbb58ef7787735f565d87fa7d914d3181809a65a188920232cf435	78.70	72.69	85.79	0.00	0.00	0.00	157	59	26	0	6	8
20120112_www2.canada.com_061c2254d186cba1de8bc740da2f39c8df5b5bd530b2e1f27df8b166	86.43	82.98	90.18	0.00	0.00	0.00	551	113	60	0	18	19
20120117_www.bbc.co.uk_a7667a2dd7fab4c06608182e1704ddf4d1d2acc211ad5e97f9abf377	72.73	79.58	66.96	0.00	0.00	0.00	452	116	223	0	14	27
20111215_www.marieclaire.co.uk_0301be353cf37074e378724e6db3fc2f4dcdffcb6d695876516b1ea8	69.26	62.96	76.95	0.00	0.00	0.00	187	110	56	0	1	8
20120117_www.edp24.co.uk_cf53688f0ddfaada390a52d8d7f7fa7b40da6ef015999500807ff06f	4.71	13.82	2.84	0.00	0.00	0.00	21	131	718	0	1	24
20120117_www.odt.co.nz_93f5a1917311c28282a1f2c7912c2c554160045db323bde92b9aaa62	84.40	82.88	85.97	0.00	0.00	0.00	576	119	94	0	26	28
20120112_www.iomtoday.co.im_c5606ce4748c1b5e2be3e508a1b06af67461d8887fa4c27ecdf44502	87.24	84.11	90.60	0.00	0.00	0.00	270	51	28	0	7	8
20120117_www.independent.ie_77aa2a14f308dae5bd7b258322bdd455f3477d449671fd90280d9b07	85.46	81.91	89.33	0.00	0.00	0.00	385	85	46	0	14	16
20120117_www.google.com_9667d9c24318ed07ff13eb022b3d10796f03cdbf0dd8bfff59310578	80.65	74.26	88.24	0.00	0.00	0.00	225	78	30	0	9	10
20120112_edmonton.ctv.ca_544d41a827d7fd0d0bd2af150f9762dab35350867f0e55c21ac775c3	82.55	83.09	82.02	0.00	0.00	0.00	447	91	98	0	19	22
20120112_www.winnipegfreepress.com_d3aaf237c8360e10bd94e16808e6d49438f61f1501bebc3aa0289b0f	72.73	62.00	87.94	0.00	0.00	0.00	124	76	17	0	4	4
20120112_www.guardian.co.uk_65b7b5ad66fc92fcdc8cd6a289d65590c824c508ee901becca783449	82.15	76.06	89.29	0.00	0.00	0.00	467	147	56	0	11	13
20120117_www.bizjournals.com_c30980d4262c0ccdc79d548cbc4dfe17d5c6d7b62980d12d353ef9ae	65.05	53.62	82.68	0.00	0.00	0.00	148	128	31	0	6	6
20120117_www.guardian.co.uk_f67c60f60b69ff9f1bad8b64904021df55697b479250c39b831c3191	88.20	83.90	92.96	0.00	0.00	0.00	792	152	60	0	9	11
20120112_www.miamiherald.com_f9bee98cb7f78f08fc8e75634629d28c6cc109d0aa31d444031dd977	88.87	85.43	92.61	0.00	0.00	0.00	551	94	44	0	14	15
20120117_www.ndtv.com_9217541c6e041802716cd7470f536583e5bc5aca5234bf5802d9a31a	68.36	60.80	78.06	0.00	0.00	0.00	121	78	34	0	0	8
20120112_www.ctv.ca_212977300121cb60ac349698924e039bf25162fd18da3179df05166a	81.60	75.45	88.86	0.00	0.00	0.00	295	96	37	0	10	10
20120117_www.guardian.co.uk_fc352e3c04cb88c6627e38aa69093e73d732faa742edf95814454563	88.10	85.28	91.11	0.00	0.00	0.00	1066	184	104	0	28	29
20120117_www.thecomet.net_5b391a285e5caa070f6cca73c004844fa4463973740b0300162f65a6	80.91	72.62	91.34	0.00	0.00	0.00	496	187	47	0	15	13
20120112_ibnlive.in.com_09fad9c959056d10ec19c574be69fde6666617dfc01321c4e5620f9a	26.13	15.79	75.73	0.00	0.00	0.00	78	416	25	0	2	6
20120112_www.smh.com.au_d0f78d966103c3cb2e487699416e834f27469fed8f0e0749218c1cc5	77.69	70.63	86.32	0.00	0.00	0.00	202	84	32	0	8	10
20120112_www.winnipegfreepress.com_312294e70ef9fd00ed668ccfb5c89f5d28eb6c660916f044f7f548a2	83.85	78.46	90.04	0.00	0.00	0.00	244	67	27	0	8	8
20120117_www.dunstabletoday.co.uk_4eedc3a6179bbd2ffa837339987deffa8d97dff279b6bedf6930e6d7	80.78	76.69	85.34	0.00	0.00	0.00	227	69	39	0	12	12
20111215_au.news.yahoo.com_7ba45c98f6335a1c593e17752672e5ec5d561d1fbff35cd41648ffa7	86.56	83.48	89.88	0.00	0.00	0.00	657	130	74	0	22	23
20111215_www.guardian.co.uk_ec041a3edeca458419db6cb4dde71cd7452e42dc8b4433092b0e1db8	87.37	83.40	91.74	0.00	0.00	0.00	633	126	57	0	12	15
20111215_www.cbc.ca_6264e1e535a48110aee84a3640782736ff3920037273d743ac157719	78.98	69.51	91.45	0.00	0.00	0.00	310	136	29	0	8	8
20120112_www.marketingmagazine.co.uk_96fd908afe32f4e7f840febe777ae963ae37fe91334740e9acdbff9f	74.96	67.51	84.25	0.00	0.00	0.00	214	103	40	0	10	11
20120117_www.telegraph.co.uk_cd54a74e1100aec1ace442dbab89377297f39c00968c92be3efd2c3b	82.55	77.53	88.27	0.00	0.00	0.00	459	133	61	0	16	19
20120112_www.winnipegfreepress.com_136441b6d619d87485c05e17c0d3b6a8187aed870a0ca285bfb52647	82.76	77.52	88.76	0.00	0.00	0.00	300	87	38	0	10	10
20120117_www.guardian.co.uk_2db34db46735626bb17099f1e04a0b8a3614ac789391c9bfe3cfd4e6	81.52	76.17	87.67	0.00	0.00	0.00	441	138	62	0	16	19
20111215_www.economist.com_303e7a3288d2b109062b6ebcd0676f206e605325782fe0a181f02049	88.32	83.13	94.20	0.00	0.00	0.00	601	122	37	0	8	11
20120112_www.torontosun.com_91c106f56f21bc8531d5ccbf0a13cbe69e03b99196ba7e101de25ebc	75.81	73.79	77.95	0.00	0.00	0.00	304	108	86	0	14	14
20120112_www.whitehouse.gov_8a4f1f3cb5ec3c71b3480a56cbbff449d1973595033b728f7e82fadf	59.59	45.41	86.65	0.00	0.00	0.00	766	921	118	0	13	17
20120117_www.theglobeandmail.com_c3fe22bd483d39744f5167a535f088dcf14bba58bec16fa0263b4594	77.51	81.29	74.06	0.00	0.00	0.00	591	136	207	0	16	22
20120112_www.cbc.ca_985f91ae25e09e716a9ce0ebaf13f3b665624571ecec84b96a02c37b	87.72	85.35	90.22	0.00	0.00	0.00	775	133	84	0	21	25
20111215_www.doctorslounge.com_15111bc542b72dd41c3c4b2c6fe3cff546b7114acc06414e73c1d028	81.95	78.65	85.55	0.00	0.00	0.00	302	82	51	0	4	7
20120112_www.upi.com_6bc0cec6f101a06f51f10a4f029ca1ede9c205c88cbda6fe24b3df82	73.56	63.79	86.88	0.00	0.00	0.00	192	109	29	0	7	9
20120117_medicalxpress.com_e90868732f31bc8286c67c05fdbc456e9b374ced94bb3999dd91baa9	86.31	85.49	87.15	0.00	0.00	0.00	1031	175	152	0	20	23
20120112_www.medpagetoday.com_aa700f3f9f132418c19d956b92e7eb611bc588a9508c5a40b5866f24	80.22	71.21	91.84	0.00	0.00	0.00	732	296	65	0	22	23
20120117_www.google.com_19aa0640b07ea6eb3987b8d6b9404183ceea2938464b7cc39defc095	70.48	61.58	82.39	0.00	0.00	0.00	117	73	25	0	7	8
20120117_tribune.com.pk_f982bbb2b1b6d22a3c33fba07b265a1c8be69562b8d48f773729c81b	87.69	84.44	91.19	0.00	0.00	0.00	673	124	65	0	22	25
20120112_www.australianageingagenda.com.au_150094aaab7e7d7c97de03a0a09cd7cf43b05fcb94360f56845c3451	77.99	71.44	85.87	0.00	0.00	0.00	723	289	119	0	32	26
20120117_www.sunlive.co.nz_3c48f558ca87f7ac2a9a687942948a7ef61fd35dd5f2d1d7c1aa0d23	3.30	2.86	3.90	0.00	0.00	0.00	3	102	74	0	0	5
20120112_www.bbc.co.uk_2fd5753588bcd3ba3776b6228b5ea295f7da0cfca206616b78f0dcbd	83.61	80.24	87.27	0.00	0.00	0.00	528	130	77	0	15	22
20120112_abcnews.go.com_ca192dd70c0168c3fb3b9d1368f8639f8d08d096411274279c13e5a7	87.73	85.08	90.56	0.00	0.00	0.00	633	111	66	0	26	25
20120112_calgary.ctv.ca_78e64b611dc5144c5172c519d9292e75405bc6e4e0e4f07ad2a9fef2	79.49	72.55	87.89	0.00	0.00	0.00	341	129	47	0	15	16
20120112_www.abc.net.au_ff741952f475153888649fb76bf2e79f320b35b575d19c91ffa35239	77.08	73.30	81.27	0.00	0.00	0.00	269	98	62	0	13	15
20120117_www.ctv.ca_a35ad8f1e7324913bc915620a77f658f9251e90ce04b2e26481a983d	80.16	75.55	85.36	0.00	0.00	0.00	309	100	53	0	12	13
20120117_www.nupge.ca_4c77177539fb6c459770af26a327d14c4d1eaaf87656de3226b15fa9	80.22	73.18	88.76	0.00	0.00	0.00	221	81	28	0	8	9
20120112_www.boston.com_606e55320555966ac0b51b84c1ca252f0201df165c674235ca03125a	84.87	79.68	90.79	0.00	0.00	0.00	690	176	70	0	22	21
20120112_abcnews.go.com_3a6a0eb843fbdd0cf4c05f9cf4fc3e325539f9a837029af6c52617c2	81.36	78.36	84.60	0.00	0.00	0.00	659	182	120	0	18	28
20120112_www.guardian.co.uk_fe4c86a6ff1334cd703e1fba09498b614fd4d8c6e9c5e1a1de4e114c	87.54	82.47	93.28	0.00	0.00	0.00	541	115	39	0	7	9
20120117_www.whatsonxiamen.com_ba0e4cea49bff71d8594d0f09657da0e7b73bb9ba4285d7dec1ac3b5	60.98	46.53	88.45	0.00	0.00	0.00	536	616	70	0	0	26
20120112_www.vancouversun.com_b485e4d763bfebcc1913826217da60fd9e9773675bdb336c2826cbd7	85.78	82.35	89.50	0.00	0.00	0.00	588	126	69	0	20	22
20120117_www.thetelegram.com_84e336661344c69f7d06dbf5d9ed920e501ed62e7b64b477e5b84dec	59.93	46.71	83.59	0.00	0.00	0.00	270	308	53	0	23	19
20120117_yourlife.usatoday.com_704d21574d01a67167c1582fb3590fc9497721570a41faaa3567da03	33.91	22.79	66.26	0.00	0.00	0.00	438	1484	223	0	1	16
20120117_india.blogs.nytimes.com_72a69c84ecf4506792e5ceb8f6afb3d2b94e5d4c01a55e9869e03e4d	81.93	77.08	87.42	0.00	0.00	0.00	417	124	60	0	10	13
20120112_www.sabotagetimes.com_da830dfb205df2f71599d1c4aecc45c80fbd1d2ba8d2e60b05aa003c	94.78	93.98	95.60	0.00	0.00	0.00	1389	89	64	0	17	20
20120112_www.bbc.co.uk_fed2d4456144c04c9622e239524c1ee8eae2fdce2f3436eabad141bb	83.64	80.97	86.49	0.00	0.00	0.00	570	134	89	0	16	23
20111215_www.mirror.co.uk_f887e1936d0c1f680961f37b3abb04db60403537f320eb0ff964ec43	79.76	75.57	84.45	0.00	0.00	0.00	467	151	86	0	20	24
20120112_www.yorkshireeveningpost.co.uk_9a866a81bb685e50a97428a7f2560081a7592e85ca57c4fbc0ed4c2c	83.89	80.62	87.44	0.00	0.00	0.00	362	87	52	0	21	21
20111215_www.guardian.co.uk_3791c8c67c664abd757652c5675e6092ee08625e681177d7a4b4b68b	85.77	81.24	90.83	0.00	0.00	0.00	693	160	70	0	14	16
20111215_www.telegraph.co.uk_9bcaa3e3dcef2649906d23c1601f489bbac24913392be2b14e2a9a3a	74.00	64.10	87.50	0.00	0.00	0.00	175	98	25	0	5	7
20120112_www.publicservice.co.uk_971d853591cd37f6c9521317f8ef61a1f3915dcb903c30626a9cf5dd	86.55	84.23	89.01	0.00	0.00	0.00	251	47	31	0	0	6
20120117_www.lportepilot.ca_52a9cf5e2276b39a9cb7c9b3e6b1e8320ce5b5d88d5539ae8d4775f5	70.04	62.94	78.95	0.00	0.00	0.00	180	106	48	0	1	9
20120117_www.dailymail.co.uk_c34acbbc260a94c894ed42d9e6fc75a03c008fdf32e31f38a73a156e	45.34	56.03	38.07	0.00	0.00	0.00	158	124	257	0	4	12
20120117_www.foxnews.com_b35609e4d760d5a249f4bb6a2b83c0bbbf71cb72480598a225771c2a	76.85	71.34	83.28	0.00	0.00	0.00	239	96	48	0	12	15
20120112_www.mirror.co.uk_0e915ee902e421aef19a4b8a664f2c7536b78caa60bce0f72642dced	63.83	55.81	74.55	0.00	0.00	0.00	293	232	100	0	5	13
20120117_www.theopenpress.com_f9539b4ba770cb31fcc376022ea3c2996dacf42bf088e4df1615f985	87.24	83.25	91.63	0.00	0.00	0.00	482	97	44	0	2	10
20120117_news.nationalpost.com_74eaa2b17b3146369c04833892352093f12b0df130bbb61431de91b5	10.78	37.23	6.30	0.00	0.00	0.00	51	86	758	0	0	22
20120112_www.bbc.co.uk_3dab24877ffe3d24aee57e63eb9b5857a0d9836ce966a5d836040f59	78.46	74.09	83.37	0.00	0.00	0.00	386	135	77	0	16	22
20120112_www.google.com_9dd19dd19f4a840eb2f87caa1c3c5e6c4112bc4ca62f84017385581d	87.14	83.07	91.63	0.00	0.00	0.00	427	87	39	0	10	11
20120117_www.winnipegfreepress.com_3d2c24aeef2bf0ed60610f88eb47843cbc1976c6fb8fef769ef233b4	80.72	76.80	85.06	0.00	0.00	0.00	427	129	75	0	22	23
20120117_topnews.us_79cfa1c6466acf007f87bf67f0e374affc8120c151663dc2463d26da	86.24	81.22	91.92	0.00	0.00	0.00	307	71	27	0	6	8
20111215_www.guardian.co.uk_b36e55db3ad48406ceed89688831170e56512ba2c7de0cb6b93891d1	88.19	84.48	92.24	0.00	0.00	0.00	713	131	60	0	14	16
20120112_www.jarrowandhebburngazette.com_71c89c93cb008511004a762e5d1c15f4b60117914cff78d5e93f07d6	83.58	78.09	89.91	0.00	0.00	0.00	196	55	22	0	7	7
20120112_www.cnn.com_48eddc7c17447b70075c26a1a3b168243edcbfb28f01855583e24adb	83.39	79.60	87.57	0.00	0.00	0.00	472	121	67	0	12	15
20120117_au.news.yahoo.com_4aa7f002030a8673f4db18bfa24e0aa3d2911db35f4528fdd04edfe8	83.85	79.86	88.27	0.00	0.00	0.00	662	167	88	0	24	25
20120112_www.metro.co.uk_96d49010bd2a84ea46896494ced5e2ec29884c8e0edd43ddf1850015	70.63	66.44	75.38	0.00	0.00	0.00	196	99	64	0	8	11
20120112_www.scotsman.com_e74fa65d2a9e544286e9f237baadcb4e8becf848ee2b6603bc664d19	87.41	84.82	90.15	0.00	0.00	0.00	531	95	58	0	24	24
20120112_psychcentral.com_3a9cfac24bdf075bd32634d897361fd714e02fdcb50f17cb0aaf42ba	85.09	81.51	88.99	0.00	0.00	0.00	485	110	60	0	16	18
20120112_www.myfoxorlando.com_5316e9995f47bf3b13faa028459b28a6bb73c30e4d3c3475ed6a8a4a	88.27	83.99	93.00	0.00	0.00	0.00	850	162	64	0	24	23
20120112_yourlife.usatoday.com_55c1f30efcbbf616dd0d6952c512f8c5e67d1720e6e47bea6489f71d	81.18	73.39	90.81	0.00	0.00	0.00	731	265	74	0	3	20
20120117_www.thesun.co.uk_97b33a3732d80d84c9fef2b7e6c733d7b91a132347f3e9044f35f397	82.85	81.63	84.11	0.00	0.00	0.00	360	81	68	0	15	17
20120117_www.timeslive.co.za_a0912f9c500faf06ce1cf62da98d19dae1797e191b8de15189394c0b	81.96	74.18	91.57	0.00	0.00	0.00	543	189	50	0	17	19
20120117_www.radaronline.com_9184f5362e8be57a8f73f6a649b1511854ff899f95d144a59ad4d7b1	69.32	64.91	74.38	0.00	0.00	0.00	209	113	72	0	13	13
20120117_www.dnaindia.com_04710b4ff490dae30da92912687c1719baa1a6e07674fd1991ed7f4d	72.88	63.03	86.36	0.00	0.00	0.00	133	78	21	0	4	6
20111215_www.hi-mag.com_6ea8940a980c5a88125994f6499541148791f863a94d469ba4a0cf9a	74.88	64.97	88.37	0.00	0.00	0.00	319	172	42	0	10	11
20120112_www.manufacturing.net_ad45736475db03b9536eef3cdb34ccf60f9ef07dc912bcfcf4245260	74.71	69.92	80.21	0.00	0.00	0.00	523	225	129	0	18	19
20120117_ibnlive.in.com_c65401e744233a75f5a66e6ae61f696e97ececcc12d9cb41989677f9	79.03	71.82	87.85	0.00	0.00	0.00	311	122	43	0	2	10
20120112_www.google.com_5c2af7d81ade24ac0a6d705e205aca59813c67fba804f7b68e2e7455	81.70	75.76	88.65	0.00	0.00	0.00	250	80	32	0	9	10
20111215_www.bbc.co.uk_3ca58792bf38888e10ccbd352d0d8b3e434adb151e58dd5bb3f8106d	80.89	79.13	82.72	0.00	0.00	0.00	402	106	84	0	17	20
20120112_www.nzherald.co.nz_92a98794ce71cef4443a615e7e85c4f03b6e14112749bb4a700a1dce	78.05	72.73	84.21	0.00	0.00	0.00	256	96	48	0	10	12
20120117_www.stuff.co.nz_b0d183e283e09133e68cbc1853155aaff77a5a2dace064eaa1c3ff00	84.23	82.22	86.33	0.00	0.00	0.00	259	56	41	0	9	11
20120117_www.mirror.co.uk_f8be6c4657c4a99f9f21f241d17711deee8e523f57d65acfcb15c249	80.16	75.85	84.99	0.00	0.00	0.00	402	128	71	0	19	22
20120112_www.wgntv.com_475fcb0dc84d707e52e33598972f0e526d604e4705e070477983f0bc	72.41	62.50	86.07	0.00	0.00	0.00	105	63	17	0	0	4
20120112_www.washingtonpost.com_eee5361fb4852f29b7eb98e4d9949019eb19da0ace7c5a7aee0cea4c	12.30	48.31	7.05	0.00	0.00	0.00	57	61	752	0	2	18
20120117_www.nydailynews.com_dbfe488b757fbf3551f5c7b2dd4a68fbf3eb263f65d52756519d0ebe	74.19	75.70	72.73	0.00	0.00	0.00	296	95	111	0	18	20
20120112_www.dailymail.co.uk_ff9c182fecce89bc6d525676f170015ff98123b2bdc1f879edc21f07	80.77	75.54	86.79	0.00	0.00	0.00	670	217	102	0	26	26
20120112_www.deccanherald.com_d304064d4358383d7808f3bbf503c5826e0b7f489aca950e61bd9085	89.09	87.85	90.37	0.00	0.00	0.00	441	61	47	0	2	14
20120117_www.island.lk_8162a1b624866b5638873fee5cdfb747118e1c8575d7dd887af1a33b	83.24	78.65	88.40	0.00	0.00	0.00	221	60	29	0	6	7
20120117_www.tgdaily.com_0851f71842f41f2052d882d4156844d3fd5e123efe3982167bd6663e	80.96	74.55	88.58	0.00	0.00	0.00	287	98	37	0	11	12
20120112_www.cbc.ca_97b451f726d4c18b8f7459c91c8e3f2b4919a104b89b7f67e12e1c36	53.45	67.18	44.38	0.00	0.00	0.00	217	106	272	0	14	23
20120112_www.wcti12.com_d0aebf8b87325236ee29df29ddaa2eb34789a01904e1c209e98791ca	81.45	79.96	83.00	0.00	0.00	0.00	371	93	76	0	0	16
20120112_www.belfasttelegraph.co.uk_0ef4ec4b4b9d78605a3791b1b53eb1d2b2fd075ed44e802b118ee9e4	53.71	38.00	91.57	0.00	0.00	0.00	630	1028	58	0	50	21
20120117_www.un.org_143b51c3684fd547bcde51cc7fe04f7f116a8a68bb7d831d4e3649c3	86.64	82.95	90.68	0.00	0.00	0.00	467	96	48	0	8	10
20120112_www.google.com_14cfd3cb4f12edb4e5a2b171b635ed1159404cd611b3e9ac7f5e86ae	84.30	79.68	89.49	0.00	0.00	0.00	349	89	41	0	10	11
20120112_www.leaderpost.com_d0f89b07583a3389aa1fb2b2a81da1f47d400e9192b74b0be5e025af	77.60	70.55	86.22	0.00	0.00	0.00	194	81	31	0	8	10
20120117_www.ghanabusinessnews.com_d09bdab2244e27eeaa32f4a185db97c1a235c11b54b1073a5884959d	67.28	56.19	83.85	0.00	0.00	0.00	109	85	21	0	5	6
20111215_www.guardian.co.uk_31b93cbfe27a3a985c316bb412d46ed3f95dedce5f7025956ac071f3	87.85	83.46	92.74	0.00	0.00	0.00	792	157	62	0	15	17
20120112_www.forbes.com_72b8b70aaa540585aabfdb414844299633f29d454e019d7fc7af9389	89.04	88.98	89.09	0.00	0.00	0.00	727	90	89	0	10	15
20120117_www.montrealgazette.com_2fee9fc5139f4e58e87b3a396028a869f78356060e0141259c5839e8	79.30	74.59	84.64	0.00	0.00	0.00	226	77	41	0	8	11
20120112_www.huffingtonpost.com_134580e5460d518c3321104c060d62c008a75a07e1d567e73ff5a7ef	68.60	55.08	90.92	0.00	0.00	0.00	591	482	59	0	17	13
20120117_www.penguin-news.com_375ac28c560fc04beb3fcc92cb02c1c9e4bec5918d952cf8b9a398b6	75.35	67.02	86.04	0.00	0.00	0.00	191	94	31	0	5	5
20120117_www.montrealgazette.com_a43a527070bdc6c5e87cbade806685dd8f225e3b1768786102f89ad4	86.16	85.13	87.21	0.00	0.00	0.00	607	106	89	0	18	22
20120117_www.sacbee.com_d47c90c533a794a05c1634ccff149222ebcc939b5cfc68eecf8274c2	51.95	36.54	89.84	0.00	0.00	0.00	327	568	37	0	24	9
20120117_www.winnipegfreepress.com_be7fd7a2212584780fcc85b7e50b430545b789b00b78b67a13d595d8	70.18	59.84	84.84	0.00	0.00	0.00	459	308	82	0	26	24
20120117_www.montrealgazette.com_a9fd53720eef6a3beb5af87f466cf208b31c74d9bef701fa0d149020	75.19	65.76	87.77	0.00	0.00	0.00	603	314	84	0	23	19
20120112_yourlife.usatoday.com_1516de67ca7051e7cf7c204cc89c1308cbf19f78c5887fd58842e37d	76.14	66.74	88.64	0.00	0.00	0.00	632	315	81	0	3	20
20120112_www.thisissurreytoday.co.uk_8de5e5ad20300334221f15813ff259633f180b3dd8cf4ea985b56ef4	65.28	53.23	84.39	0.00	0.00	0.00	173	152	32	0	7	8
