file	F	P	R	F.tag	P.tag	R.tag	TP	FP	FN	TP.tag	FP.tag	FN.tag
20111209_www.we-dwoje.pl_19af8fed1feb67d7ad17ceed91f60bbcb0845ec57d5132df8c16e255	44.20	29.55	87.64	0.00	0.00	0.00	305	727	43	0	1	8
20120104_www.money.pl_e7ba8f2d7d697eb07d171de9f2d33a494d57e2fc44dce04b805450e1	73.98	65.65	84.73	0.00	0.00	0.00	172	90	31	0	5	7
20120104_www.gk24.pl_c95d8af5117520c86cf6a43247756d8a8bcfe62435ca0a8d4256662f	81.43	79.20	83.78	0.00	0.00	0.00	217	57	42	0	2	8
20120105_www.we-dwoje.pl_a34f720362e69f95128b20da89e6b87e248575d82e80acd0c12e41ad	89.15	88.33	89.98	0.00	0.00	0.00	575	76	64	0	2	15
20111121_www.biolog.pl_df35442bc753c25dd6c3d261cac577b2e83b5f6405dfa1fbc7b3711d	89.93	90.34	89.52	0.00	0.00	0.00	692	74	81	0	16	17
20120106_www.pomorska.pl_319b22943ec4e778a564cf08846303ca7caac14778d50ab4dcc555d5	91.80	91.88	91.72	0.00	0.00	0.00	1075	95	97	0	8	26
20120102_www.zdrowiutko.info_4af7429d6f7b3967f666b89eea7bef64cc89f5b13fb8a366a7b5fcf9	78.58	72.49	85.78	0.00	0.00	0.00	730	277	121	0	0	30
20111207_www.biolog.pl_1217f2298aedb3f437a8ad8f951d4a5fd72f73453f3a1ad483247983	84.62	85.94	83.33	0.00	0.00	0.00	275	45	55	0	2	9
20111121_www.zdrowiutko.info_974b6000f979b037cca015e83a107762db4890e6216ad7767d15ebbf	76.36	73.54	79.41	0.00	0.00	0.00	428	154	111	0	0	20
20120104_www.rmf24.pl_f855b922968bad3aad3e602bffd0cf52f85e6310bcdccac4cc775317	68.84	62.83	76.13	0.00	0.00	0.00	169	100	53	0	4	7
20120106_www.rp.pl_0c673e6f222d11a2e838ee625217077fdbd48353bf73ad3d4ff6ff47	77.45	71.20	84.91	0.00	0.00	0.00	225	91	40	0	5	7
20120106_www.nowiny24.pl_7f85e13888ff7478c6e1bbb27628ac8bfa7741bdde10abab79aaabbc	82.33	79.48	85.41	0.00	0.00	0.00	515	133	88	0	6	21
20111121_goodcontents.net_daca031b3afb62aa1c5ae330893841cfd517220dc0be08ce017e26d7	87.99	84.47	91.82	0.00	0.00	0.00	359	66	32	0	3	7
20111209_www.biolog.pl_f8a9a3a7e56a47890452bd092305ca15eaaf850b48b6935084628b48	66.42	60.26	73.98	0.00	0.00	0.00	91	60	32	0	2	4
20120106_www.rp.pl_af88e8921fbd34d5545ac12ebf8e46776b2fd5e237f17d8488e67f6b	90.29	90.03	90.55	0.00	0.00	0.00	623	69	65	0	11	14
20120106_www.rynekzdrowia.pl_65763a4d2634741e77cdcbdafb1f17ea37275efbe4a1ced9bba9f2ea	74.47	70.45	78.98	0.00	0.00	0.00	124	52	33	0	0	6
20111207_www.biolog.pl_f7b095a5f67da611db46b0033f53bbf0d6d1d6b0965661dc74629464	85.76	86.98	84.57	0.00	0.00	0.00	274	41	50	0	2	10
20120102_www.biolog.pl_da4971d5a8258ca16606d2a4af7b3ff5a43a04116e50017b5794f1e6	88.43	86.88	90.03	0.00	0.00	0.00	298	45	33	0	2	9
20120106_budownictwo.wnp.pl_ff337b320fa04ea7f0dd72f85bf1de4cbc93f521cd4a02457e6e86d2	58.96	69.23	51.34	0.00	0.00	0.00	153	68	145	0	0	8
20120102_www.biolog.pl_7c3b047ae678cbf0aab0b7b7dfb357b3d41868b90f16f3b227a3c491	87.74	85.68	89.90	0.00	0.00	0.00	347	58	39	0	2	9
20111207_www.biolog.pl_cbef94652e0301b7efa01a61b323fa8e7d1c79ebaa36eb50ede8f7b0	72.00	70.21	73.88	0.00	0.00	0.00	99	42	35	0	3	5
20120106_www.rynekzdrowia.pl_bdc5c2b80ed23617eb900252991d90d4656ade58157d2e3e2bafc26b	83.57	81.11	86.18	0.00	0.00	0.00	262	61	42	0	1	9
20120106_www.wspolczesna.pl_0dd3592e0d200f6516534c023c04eb4e8984fee26436878ad80e2855	84.35	81.04	87.93	0.00	0.00	0.00	714	167	98	0	4	17
20120105_www.we-dwoje.pl_b0db55778e8821d208c8ac62c8d13d45383eb82b029b30856cfb9423	82.09	81.82	82.37	0.00	0.00	0.00	369	82	79	0	3	14
20120102_www.biolog.pl_306b8101d03d29a1ee66c57786538a26ee98577075c873767a787a68	83.07	80.70	85.58	0.00	0.00	0.00	184	44	31	0	2	8
20120106_www.rynekzdrowia.pl_f07b63d1c1fbbffcd623b0c5bd041de2120ee38f6929245adcff13b1	76.75	72.49	81.55	0.00	0.00	0.00	137	52	31	0	4	5
20120106_www.rmf24.pl_505b49e74cd20ee7c8f10d2026d3bf8fdf91537debf2e3952286ded5	30.00	20.00	60.00	0.00	0.00	0.00	66	264	44	0	8	5
20120106_www.polskatimes.pl_cbecb1cdf021db05874d2a890ff464ba725e9083213745397b5a4bb6	24.82	14.79	77.05	0.00	0.00	0.00	188	1083	56	0	0	11
20120106_wirtualnapolonia.com_bafb21f000c3042db55f8b3f13a5c43c5a9178fcb520f76dc7ff0ca9	83.97	77.41	91.76	0.00	0.00	0.00	579	169	52	0	15	17
20111209_www.we-dwoje.pl_9e19ffb372d06c9036e7d4c5e06c9f05fa5c86cc123c68e23e7640e7	86.22	82.99	89.71	0.00	0.00	0.00	366	75	42	0	6	6
20120105_www.we-dwoje.pl_6ed54a3f163ad1ffe0cf00805c28afdcf78b018b370957c05e219bf1	92.57	91.21	93.96	0.00	0.00	0.00	685	66	44	0	5	10
20120106_biznes.interia.pl_9a6726be57cae3560f578c7b15519ddb4fb7b474fdcddd62a38534aa	74.58	72.35	76.96	0.00	0.00	0.00	314	120	94	0	8	10
20120106_www.gazetawroclawska.pl_41a7b3773550523a9741d29845aaaee9e977bdfd01901850f9563329	86.03	84.33	87.81	0.00	0.00	0.00	425	79	59	0	0	19
20111209_www.we-dwoje.pl_1c0a491674db2d2724388d3fb0c5682dd6a80cdaa873938b214330d2	91.53	89.36	93.81	0.00	0.00	0.00	697	83	46	0	3	11
20120106_slask.naszemiasto.pl_e4f5f61fdc3d25a8a225b4d8ca7d6940dfab791aade48c19aa6d890a	87.31	86.49	88.15	0.00	0.00	0.00	461	72	62	0	0	19
20111207_www.zdrowiutko.info_458120636c549e2575a4fe998f7365f52987c6e61bac575a78e55e6d	43.05	31.27	69.06	0.00	0.00	0.00	192	422	86	0	0	8
20120106_www.kurierlubelski.pl_f30bc4a6f30f2cf37d811cf421a158e5705660cbaf1aa09a0d5abf79	5.93	5.71	6.15	0.00	0.00	0.00	8	132	122	0	0	6
20120106_wiadomosci.gazeta.pl_9e3a495d6d34f0786bb36d7959b1cfd0fd7be66d18123b9282771fcf	87.20	83.54	91.20	0.00	0.00	0.00	477	94	46	0	1	9
20120105_www.biolog.pl_18fa987c4df0404a2a81a488b1c87144123c6f9aac96f4ab89ec37c0	90.87	90.36	91.40	0.00	0.00	0.00	478	51	45	0	2	13
20120106_biznes.interia.pl_7c18953a68f6289844d42ab7a7811c30f235b0b27bd58f4fe768b52f	68.77	68.31	69.23	0.00	0.00	0.00	360	167	160	0	15	16
20120106_www.zdrowiewpodrozy.pl_5f410c638df6a9193d38a93f51bf764acc9e60cbc883aebe3d0ddf42	2.48	1.99	3.27	0.00	0.00	0.00	5	246	148	0	0	3
20120105_www.zdrowiutko.info_087d4f5b87f18f340f945c2381b1f770980d4e67243a71d8e30f1226	72.86	62.68	86.98	0.00	0.00	0.00	969	577	145	0	2	29
20120104_wiadomosci.onet.pl_59ec17750f853eea42b7b600e45955002f5be09edb7748048e1824fc	78.14	70.70	87.33	0.00	0.00	0.00	193	80	28	0	0	8
20111207_www.biolog.pl_2f300e5dfb93afb536e83060ca4844e5758ce50af3bf9e2bd91a8b77	82.25	80.97	83.56	0.00	0.00	0.00	183	43	36	0	2	7
20111121_www.biolog.pl_8b000f2ac350c280a189edadad368f1037ca3bb84684617169290369	80.43	75.14	86.51	0.00	0.00	0.00	263	87	41	0	7	8
20120106_wiadomosci.gazeta.pl_b7a7a935284f86094e297bd12f887dfbbbb570e29c3e1b22f5e3d7bc	77.55	70.90	85.59	0.00	0.00	0.00	190	78	32	0	1	7
20120106_www.wprost.pl_1da9a6f43423d0e5ae200279d78abdc31feca05e8dc98ec380e665de	59.33	55.70	63.46	0.00	0.00	0.00	132	105	76	0	3	6
20120106_www.rp.pl_849dd4d86cccc711b3ab79a6bdbe5f22390d676d54d83ae5055a56b5	2.40	2.24	2.58	0.00	0.00	0.00	8	349	302	0	0	9
20120106_www.kurierlubelski.pl_d4de09e672965d66c1c672536e1a13bbcafdfff7172f223238eda9a4	74.41	64.35	88.20	0.00	0.00	0.00	269	149	36	0	0	8
20120105_zdrowie.gazeta.pl_25d02d0e4172561f2efa5f137260da753222aa05e4ac37297f889fe8	68.37	72.20	64.93	0.00	0.00	0.00	187	72	101	0	6	19
20111207_www.biolog.pl_039e473555c4ee6a818fbd7ac007c8edc8407155a9cd534dfb0abe80	78.67	78.02	79.33	0.00	0.00	0.00	142	40	37	0	2	7
20120106_odkrywcy.pl_118b87b6df1d2f9b54f7dc4d1ec4e324e03c849d937da26bc9124621	45.93	86.64	31.25	0.00	0.00	0.00	590	91	1298	0	0	39
20111207_goodcontents.net_6ddd653138b9ebef2c8b3eea220ac17362418304e9c47f22c2af8e3b	82.83	88.92	77.52	0.00	0.00	0.00	369	46	107	0	3	9
20111207_www.we-dwoje.pl_7750fcbf097b086bffb815c87e01ec6d4bdce042f20e34c6a181abb2	59.14	72.18	50.08	0.00	0.00	0.00	301	116	300	0	2	20
20111121_www.biolog.pl_f1377bd36757954a1c0131ef035e6f950fe847f3ecad66d464d747fd	87.64	84.40	91.13	0.00	0.00	0.00	514	95	50	0	12	11
20120104_energetyka.wnp.pl_de7a5b66b6dcfad27ce31f85ebff935a83e553fac41b6189864e8660	57.45	59.85	55.24	0.00	0.00	0.00	79	53	64	0	0	5
20111207_www.we-dwoje.pl_236b1a486c6395f60ac9a1d2949131e949716add254e677ecff3eed1	90.43	88.53	92.42	0.00	0.00	0.00	463	60	38	0	6	7
20120102_www.biolog.pl_183e757bd483767ac212b27981d1402ba1ff5227c483a602136df269	81.24	75.45	87.99	0.00	0.00	0.00	249	81	34	0	8	10
20120106_wiadomosci.wp.pl_f166a5138ccf340a4739beb97132e4670fbd266945872dfb2a5f95f4	2.81	1.84	5.88	0.00	0.00	0.00	7	373	112	0	1	4
20120106_logistyka.wnp.pl_27ce173ae3fb549f83c2acdd9a5abbd7ecb7e4104837ba3ee99a3287	73.17	81.08	66.67	0.00	0.00	0.00	240	56	120	0	0	8
20120105_www.we-dwoje.pl_c8178c22e2659f9cda5210eb3439f5f78b92fd959a8645e57473286d	86.37	82.43	90.71	0.00	0.00	0.00	244	52	25	0	2	7
20111121_www.we-dwoje.pl_6d6817d20f82986c52426986c94ef4a1de0f35aa9c643662d32a2ca3	90.70	92.48	88.98	0.00	0.00	0.00	1058	86	131	0	3	29
20120106_katowice.gazeta.pl_53fe4054505be6ea6b40a7d967f278ae921093eb2b145f54b778f180	86.80	82.17	91.97	0.00	0.00	0.00	401	87	35	0	1	9
20120104_www.rmf24.pl_39c9c81d1e09f7d3628fac5e3cd02e18e3a5a414273b98a8966f1dba	76.40	70.00	84.10	0.00	0.00	0.00	238	102	45	0	5	7
20120104_gwizdek24.se.pl_a6bd37e3bc05b26de47f22e0ef08fb02f0d5e62e5e3558d15871d38a	0.37	0.23	0.97	0.00	0.00	0.00	1	434	102	0	0	7
20120102_www.biolog.pl_18fa987c4df0404a2a81a488b1c87144123c6f9aac96f4ab89ec37c0	90.87	90.36	91.40	0.00	0.00	0.00	478	51	45	0	2	13
20120105_zdrowie.gazeta.pl_464285b45a4d83afe4c38d1dbe170c5ab1eddb12dd4455477b761a0e	79.15	82.59	75.98	0.00	0.00	0.00	408	86	129	0	0	18
20111207_www.zdrowiutko.info_087d4f5b87f18f340f945c2381b1f770980d4e67243a71d8e30f1226	85.31	84.35	86.30	0.00	0.00	0.00	1304	242	207	0	2	40
20120104_www.rp.pl_81eee2d392ad20946df2eac3bac84b18c39296c0df3e4610526e6bcc	1.70	2.52	1.28	0.00	0.00	0.00	9	348	693	0	0	36
20111209_www.we-dwoje.pl_3adf2f38f4a791a5a4f584d2222f96df47bb04f572dc8355ad0f61fb	70.49	65.65	76.11	0.00	0.00	0.00	86	45	27	0	2	4
20111121_goodcontents.net_b620d443a4b5995eb339983e23c9b580085a5aac56bb25a65703c7c1	88.18	85.56	90.97	0.00	0.00	0.00	403	68	40	0	4	7
20111207_www.we-dwoje.pl_429d4b840ac7e41278d5111c96d47bf8a4db8e3cae971076400971ec	90.86	88.61	93.21	0.00	0.00	0.00	467	60	34	0	4	5
20120106_wiadomosci.gazeta.pl_4e987ff4700b94fe6e0827078d714af463a59af009733b25758ad781	88.89	86.59	91.31	0.00	0.00	0.00	536	83	51	0	1	14
20120104_www.wprost.pl_c053d2deaaf1c748b0f9bde19116651d0534fa64441c8637103a5e29	81.90	76.39	88.26	0.00	0.00	0.00	233	72	31	0	3	7
20120105_www.biolog.pl_18f25bfb9bb01f9fbf381bb9f11d90daa713d7739e8eb1475e750817	75.20	70.15	81.03	0.00	0.00	0.00	94	40	22	0	2	5
20120106_www.rmf24.pl_0ead2c203e6c19b561b33611f02c7d063f9ee982711b42c189ee379b	63.98	58.44	70.68	0.00	0.00	0.00	135	96	56	0	5	7
20111121_www.zdrowiutko.info_665904417a34e62564dd9d52ef582728b9f7655e1f5d8a4934115d6c	82.21	81.01	83.45	0.00	0.00	0.00	610	143	121	0	0	18
20120106_www.bankier.pl_332f048f36d15b41e2af00aee9259f25b613e541fe8d0be398ab7adf	74.32	67.90	82.09	0.00	0.00	0.00	110	52	24	0	0	4
20120105_www.zdrowiutko.info_5022f347590833960c9b8492bd7cbe47ced16b5e43fbf0a495c1a05b	60.73	59.13	62.42	0.00	0.00	0.00	191	132	115	0	0	8
20120106_wyborcza.pl_3dcaa2863c79ea77dcf61ac92e53b6e5b10631a8541e019a769d75f6	55.21	43.44	75.71	0.00	0.00	0.00	106	138	34	0	0	5
20111207_www.we-dwoje.pl_aadc8a9177b08dbda4327b28103e911dbf959368dee591196e2b8732	59.20	84.92	45.44	0.00	0.00	0.00	304	54	365	0	2	15
20120106_zdrowie.dziennik.pl_41a3b618e2860a726d88f90155cc12d3e22c36051851dbd398ebcecc	63.96	65.45	62.54	0.00	0.00	0.00	197	104	118	0	4	12
20120104_gornictwo.wnp.pl_e3e4ba3c5614b7d91bc4a20db20650a747ec27f7506e8bbf090f28b2	65.69	72.58	60.00	0.00	0.00	0.00	135	51	90	0	0	7
20111121_goodcontents.net_3bac60d11082c79c3c7691a22cf2e087f817faeb28420816ed7ef701	80.57	73.11	89.73	0.00	0.00	0.00	367	135	42	0	8	11
20120106_www.rmf24.pl_34a0ef2da5dcfb5d6d5a2d92d422be3a6790a18ad0d14da9fcf7ca92	71.16	65.25	78.24	0.00	0.00	0.00	169	90	47	0	4	9
20120106_wiadomosci.wp.pl_ede986dfb9ea0b055d421da8312cfe5c2cd21935ccb0240974bba0c4	1.12	1.01	1.27	0.00	0.00	0.00	5	492	389	0	1	11
20120106_wyborcza.pl_7863e2f7e4816822c9778bf9d0ba9b44390ca1b08506fed7bc2e32de	79.85	70.53	92.00	0.00	0.00	0.00	828	346	72	0	0	20
20120106_gornictwo.wnp.pl_df7191619c95661172c1fcb6f369d730675e1e367a48e9bc98dd93f9	67.32	83.33	56.47	0.00	0.00	0.00	275	55	212	0	0	14
20120106_waluty.wp.pl_15747fb12c1178c6aea602a0ef373e3734373d160f02618840647159	5.04	3.85	7.29	0.00	0.00	0.00	14	350	178	0	4	4
20111121_www.we-dwoje.pl_23e8eed1174fe689688251122a4acf4ece6619471fe85bc7bc656aa6	20.84	69.64	12.25	0.00	0.00	0.00	117	51	838	0	0	26
20111121_www.we-dwoje.pl_429187ccb9e87e6dfc4652d046e078c61e30166d483fe869fc19976e	82.91	78.40	87.97	0.00	0.00	0.00	490	135	67	0	18	14
20120106_www.rmf24.pl_7f5842e8e43fd5565317ab8861e87f8370174b9d947220c14baa9b2a	59.81	48.86	77.06	0.00	0.00	0.00	215	225	64	0	8	8
20111209_www.biolog.pl_0c40e93d3207fc5816cd35434625bd3e90d3c72be9e6c00b4b277958	83.04	80.00	86.32	0.00	0.00	0.00	164	41	26	0	2	4
20120106_tvp.info_ad39caa8103c89120e8be1fb5a1539a8530bc9e2b0729b24fcbdd3c5	85.77	78.74	94.18	0.00	0.00	0.00	1085	293	67	0	0	19
20120106_www.rmf24.pl_305c0f08634bf938ad15c3615190d4480b1c05adc84e3a4514676d8d	63.74	57.98	70.77	0.00	0.00	0.00	138	100	57	0	5	8
20111121_www.we-dwoje.pl_15d4a9a21844a96792bcbacd1aba7a58970b04e527ad8841c011f67a	82.72	78.06	87.99	0.00	0.00	0.00	249	70	34	0	6	6
20120105_www.we-dwoje.pl_01634c7ab98ae9b9bb9456c2192aab3060fcaf20f4dd23858cdbd4af	93.05	91.23	94.94	0.00	0.00	0.00	863	83	46	0	10	15
20111207_www.we-dwoje.pl_c5b6af8a7526c739d0640f6f3f4d1b0bf84adb7b6038ea12a64748ea	85.79	84.02	87.64	0.00	0.00	0.00	305	58	43	0	4	7
20120106_www.rp.pl_05d84e8ae6c6f836e60f9c9aae694c3c059d9bd3342257682c197cbe	83.94	79.86	88.45	0.00	0.00	0.00	337	85	44	0	7	9
20111121_www.we-dwoje.pl_02d0b364d35d6c4d5b9807d06b76c6d3836002574d4500e48c2dde5e	14.08	7.70	82.63	0.00	0.00	0.00	157	1883	33	0	2	5
20120105_www.we-dwoje.pl_7195230c656b26e5813543a90d1d5e427d347de4b3e0d10fb565ea17	78.90	72.88	86.00	0.00	0.00	0.00	258	96	42	0	6	9
20111121_www.we-dwoje.pl_f08067ff05f49986e34305118a44c027406df41da7f02f275dffeed5	79.57	73.56	86.64	0.00	0.00	0.00	551	198	85	0	19	17
20120106_www.sfora.pl_a4554ae8c5dffcd2c83f788834250250937b1775c2dc3ca3b439de98	0.95	0.56	3.25	0.00	0.00	0.00	5	895	149	0	0	9
20111121_www.we-dwoje.pl_ccfc5195c780b67e40760af089fa6c9bbcdeac2ed1b306dd7f2999df	85.82	82.08	89.91	0.00	0.00	0.00	838	183	94	0	11	19
20111121_www.biolog.pl_2ade212bc82e82a76476f5f29a512c058df6dc2e0b8ade7a83bc03b4	92.50	92.20	92.79	0.00	0.00	0.00	721	61	56	0	10	11
20111209_www.we-dwoje.pl_236b1a486c6395f60ac9a1d2949131e949716add254e677ecff3eed1	90.43	88.53	92.42	0.00	0.00	0.00	463	60	38	0	6	7
20120106_teleshow.pl_11d28ad75a870f97efd8f4295dae9d5c49669b061a0d9013cc993ce7	57.60	48.65	70.59	0.00	0.00	0.00	108	114	45	0	1	4
20120104_wyborcza.pl_a79c370fa57c75e6b73c6e1a9862802513afe9dce6a86a1a43e9be68	85.32	78.91	92.86	0.00	0.00	0.00	520	139	40	0	0	12
20120104_www.se.pl_3ee27ec46069a1837a8f6923ff91e7590131d1dc25dacbd1252ff86b	66.16	55.33	82.26	0.00	0.00	0.00	306	247	66	0	10	12
20120102_www.biolog.pl_a016490eff21b1267a3eac8194936de785fbeb75780cafa93f326a58	85.01	84.66	85.36	0.00	0.00	0.00	309	56	53	0	2	15
20111209_www.we-dwoje.pl_8f8c807ff49395090156aaad05fee467b41e8fb8350797aa9b3fb6ed	82.42	79.16	85.96	0.00	0.00	0.00	300	79	49	0	6	8
20120104_www.pb.pl_493c924d87c7b1606e49a203d6bce858ec5b6cdb399289c2ac8a6ec0	53.88	52.68	55.14	0.00	0.00	0.00	59	53	48	0	1	6
20120105_www.we-dwoje.pl_590d0ff1a3348d41b60c2d8ae00b1d46a73ff2d8f3e59b81231ae0f3	90.88	88.63	93.25	0.00	0.00	0.00	608	78	44	0	11	13
20120106_www.polskatimes.pl_31ac5f642b68c14138884effb214fb8a05fcf9f7c1603fe6ba164260	74.89	71.14	79.05	0.00	0.00	0.00	249	101	66	0	0	14
20111209_www.biolog.pl_a34af0858c881f84adc682b5e0d67b047251fa6fdb22c6129f13c21c	88.66	88.46	88.86	0.00	0.00	0.00	598	78	75	0	2	17
20120106_www.fakt.pl_67bb8036f1f11af246fafa2a3a8dc7773e06872328426b7d5f2d23eb	23.73	13.78	85.14	0.00	0.00	0.00	149	932	26	0	5	4
20120106_www.gs24.pl_f6b5c94c8ac16ff6a36cab4b7fa79e5bbce9af5cd76751d028932d40	85.92	85.61	86.23	0.00	0.00	0.00	357	60	57	0	3	12
20120105_www.biolog.pl_3a8e2192561c41a585e67a0d199b69f11532fcfc01c8d919219ae42f	81.48	78.95	84.18	0.00	0.00	0.00	165	44	31	0	2	7
20120105_www.biolog.pl_458dc323d6fecf12318de0d36bb9317f6bd756684cc50211fde2d884	83.30	81.18	85.54	0.00	0.00	0.00	207	48	35	0	2	8
20120105_zdrowie.gazeta.pl_807feadb4f7538020b02fffdd328dcf15ad7ffa9e2c99e909a6aea4c	77.21	67.38	90.38	0.00	0.00	0.00	188	91	20	0	0	6
20111209_www.we-dwoje.pl_cb0e6719f1d1da385317a9d3b45425c2f56d3a9df06eedc71973937c	77.84	73.85	82.28	0.00	0.00	0.00	209	74	45	0	6	9
20111121_www.we-dwoje.pl_590fe2663d5fb205f7b17d24b1ae2adfda99081a33566895def4fd99	44.00	70.76	31.93	0.00	0.00	0.00	121	50	258	0	2	14
20120105_www.biolog.pl_183e757bd483767ac212b27981d1402ba1ff5227c483a602136df269	80.33	73.64	88.36	0.00	0.00	0.00	243	87	32	0	8	9
20111207_www.we-dwoje.pl_1c0a491674db2d2724388d3fb0c5682dd6a80cdaa873938b214330d2	90.02	87.31	92.91	0.00	0.00	0.00	681	99	52	0	3	10
20120106_muzyka.wp.pl_27dde6b4ad8afb870a40611095ed96f784f86363b9a50884b6922a52	47.66	33.27	83.98	0.00	0.00	0.00	173	347	33	0	0	5
20111121_www.we-dwoje.pl_8c003eb18e2580bb67b442bf5aac95120358d8aabd18cd09bb741d02	87.79	85.60	90.08	0.00	0.00	0.00	327	55	36	0	3	7
20111121_www.we-dwoje.pl_c4714d77e4b5f4ddae2505af5f9f0ee5ded4f99e7eb1ada45f097140	80.52	75.17	86.69	0.00	0.00	0.00	215	71	33	0	3	6
20120105_www.we-dwoje.pl_be148ac5867ca8f33ed088894adddeb2497f7a8630b79a1ad7cf2953	39.94	72.53	27.56	0.00	0.00	0.00	132	50	347	0	2	16
20111121_www.we-dwoje.pl_90fd77bec50630920fd87cff4acd69ed5b7a1b8418e2c9faa241d4cb	91.44	89.64	93.31	0.00	0.00	0.00	502	58	36	0	6	6
20120106_www.wprost.pl_8f2e0afd09e476a387553b4151ec5a3c12d14fedc9fb609aa6eef169	57.53	56.67	58.42	0.00	0.00	0.00	170	130	121	0	3	6
20111209_www.zdrowiutko.info_56cc2f0896ce74cc99e8f5a7b15d4e21b4b7d65025a2cce6eadf5443	83.66	80.41	87.18	0.00	0.00	0.00	238	58	35	0	0	5
20120102_www.biolog.pl_458dc323d6fecf12318de0d36bb9317f6bd756684cc50211fde2d884	83.30	81.18	85.54	0.00	0.00	0.00	207	48	35	0	2	8
20120104_wiadomosci.gazeta.pl_b71863be9e1c75b555a9c2c18267fdbd0c823571ed41588f64e4c5dc	35.46	22.77	80.07	0.00	0.00	0.00	245	831	61	0	0	11
20111209_www.biolog.pl_039e473555c4ee6a818fbd7ac007c8edc8407155a9cd534dfb0abe80	78.67	78.02	79.33	0.00	0.00	0.00	142	40	37	0	2	7
20120106_wiadomosci.onet.pl_f7a4f95ac41015a650e31121847c66608eca9bdd8689a51acfbfc8ea	77.55	75.40	79.83	0.00	0.00	0.00	285	93	72	0	0	11
20120104_www.wprost.pl_bc697e337c7d1bab12e06506f0c6874c0606fb0326b89524755b75e1	49.77	44.49	56.48	0.00	0.00	0.00	109	136	84	0	2	5
20120105_www.biolog.pl_306b8101d03d29a1ee66c57786538a26ee98577075c873767a787a68	83.07	80.70	85.58	0.00	0.00	0.00	184	44	31	0	2	8
20120105_www.we-dwoje.pl_926ce8349054293493da8a61bd2041e0c36f2abac6d0751bb84d3d83	26.82	74.80	16.34	0.00	0.00	0.00	190	64	973	0	3	46
20120104_www.pb.pl_07becbe0b3d63b6f056fffa02e7fe4db5c61763678a4b67a2c6b719d	68.71	61.21	78.29	0.00	0.00	0.00	101	64	28	0	1	5
20120102_www.zdrowiutko.info_087d4f5b87f18f340f945c2381b1f770980d4e67243a71d8e30f1226	72.86	62.68	86.98	0.00	0.00	0.00	969	577	145	0	2	29
20111121_www.we-dwoje.pl_b6ff475c3cc514dda41564996e90eaa2bd880fbb82d755202d6ecb39	84.02	79.08	89.62	0.00	0.00	0.00	518	137	60	0	2	14
20120106_wyborcza.pl_53936debf3d95b1bae6fa9d0582d577cd375b78b23bec85740562b1c	73.96	67.39	81.94	0.00	0.00	0.00	186	90	41	0	0	7
20111121_www.zdrowiutko.info_490a3e1ab669b249644690e80d69082a2e8c030f61a35f86f391f703	78.21	76.37	80.13	0.00	0.00	0.00	375	116	93	0	0	13
20111121_www.zdrowiutko.info_4af7429d6f7b3967f666b89eea7bef64cc89f5b13fb8a366a7b5fcf9	82.07	80.93	83.25	0.00	0.00	0.00	815	192	164	0	0	32
20111209_www.zdrowiutko.info_5022f347590833960c9b8492bd7cbe47ced16b5e43fbf0a495c1a05b	60.16	59.13	61.22	0.00	0.00	0.00	191	132	121	0	0	8
20120106_ciekawe.onet.pl_ef740fcf05217e94f758ffa23a6c948bbf7e87e08806511984269e97	1.11	1.94	0.78	0.00	0.00	0.00	15	759	1913	0	0	28
20120106_kopalniawiedzy.pl_1023c9de44b4a88f22a55a319d6ba60c2a113df5e16a0dcd010b4d9d	78.51	72.50	85.61	0.00	0.00	0.00	232	88	39	0	5	6
20120106_motoryzacja.wnp.pl_881044f7957fec3d197c866910329f871a5990c747c0cf9449ccd5f0	69.44	85.38	58.52	0.00	0.00	0.00	292	50	207	0	0	8
20111121_goodcontents.net_d3d973b9ef61722241c1895ccf3226ee946d67ce816ac725955be986	84.36	77.57	92.45	0.00	0.00	0.00	588	170	48	0	3	10
20120105_www.we-dwoje.pl_96e88944c28cde0f0eb1510e4cdc05e791b654764218ea3be75eb37e	3.34	2.64	4.53	0.00	0.00	0.00	13	479	274	0	3	10
20120102_goodcontents.net_d3d973b9ef61722241c1895ccf3226ee946d67ce816ac725955be986	90.48	89.05	91.96	0.00	0.00	0.00	675	83	59	0	3	10
20120106_www.ciazowy.pl_83b7eeec303b38a2be16a4513f6e3f636ce93803e6142e277ba754f1	93.07	91.79	94.38	0.00	0.00	0.00	906	81	54	0	17	19
20120106_polskalokalna.pl_86c2ead55c872cf0b66aeb8bffee343b89d3b711af4f7e47962f070a	84.33	80.44	88.62	0.00	0.00	0.00	366	89	47	0	7	12
20120104_tvp.info_dd3cfa5468145a9684b74a6ea50f26a82262a3925683d762ef6c80f1	84.04	79.07	89.69	0.00	0.00	0.00	374	99	43	0	0	14
20120106_www.wspolczesna.pl_46dbccbe6f49128ef90631b6b5592469df115e1061c9bcdbd799ba84	74.47	65.43	86.42	0.00	0.00	0.00	229	121	36	0	3	7
20120106_energetyka.wnp.pl_1188cb9039651e80fbb6a607a9cfc72ca038715ec4a3c2b41e480ff6	64.61	72.34	58.37	0.00	0.00	0.00	136	52	97	0	0	6
20120106_wiadomosci.wp.pl_10d2ae8b62b4ccbba64f1ce727d1fba53cdf94a88d4602540a5d24d9	64.43	54.11	79.62	0.00	0.00	0.00	125	106	32	0	2	5
20120106_gornictwo.wnp.pl_c5d8ae716181d8b9504fcfafb5e4785ea1b706b10602ccbbeec5c895	65.95	73.54	59.78	0.00	0.00	0.00	214	77	144	0	0	12
20120105_www.biolog.pl_7c3b047ae678cbf0aab0b7b7dfb357b3d41868b90f16f3b227a3c491	87.85	85.68	90.13	0.00	0.00	0.00	347	58	38	0	2	9
20120105_www.biolog.pl_dd87ecef89e13dc525faa303c9c91962e817146f1eab62bd4cbd49e7	87.28	85.49	89.14	0.00	0.00	0.00	271	46	33	0	2	8
20120106_www.forbes.pl_4ee7120f1153fb8937c2a438c29d6cda443f6fade1cdb63e257535ea	78.71	74.48	83.45	0.00	0.00	0.00	464	159	92	0	13	12
20120106_www.rp.pl_87b41a343a5891e3c9ba79f511476dd8a1a5859be4859218f996efb1	52.66	41.11	73.24	0.00	0.00	0.00	104	149	38	0	3	6
20120105_goodcontents.net_d3d973b9ef61722241c1895ccf3226ee946d67ce816ac725955be986	90.12	89.05	91.22	0.00	0.00	0.00	675	83	65	0	3	24
20120105_www.we-dwoje.pl_d44a3a11a11758e85d892e36c44fe469c34e7be625a1a9b2fe4b6990	88.64	87.24	90.09	0.00	0.00	0.00	882	129	97	0	10	12
20120106_www.polskatimes.pl_7522d308642ca799347bb161a9c9af13ba09c4f1bfd260545c4b1e19	79.96	73.98	87.00	0.00	0.00	0.00	415	146	62	0	0	13
20120106_www.wprost.pl_21e626fb65ed1a7fb963e34d155730c2ecec3dcf1e25e2ebbbabdf8b	53.42	49.79	57.64	0.00	0.00	0.00	117	118	86	0	3	5
20111207_www.we-dwoje.pl_2dbd88c25965ce110e89a01656f5be3b7ee126ebb4c05114f3b883ef	53.74	43.17	71.17	0.00	0.00	0.00	79	104	32	0	3	3
20120104_wiadomosci.onet.pl_1877e175d8d0a7e345a6b4f588b67b90fff4b2292caf722d35494241	85.69	83.16	88.39	0.00	0.00	0.00	548	111	72	0	22	25
20120104_www.wspolczesna.pl_cffe17a28ba0f985bc2c32ef16d1ef48e4df8c9e2b0fff915c203366	67.09	65.84	68.39	0.00	0.00	0.00	106	55	49	0	2	6
20120104_logistyka.wnp.pl_1a2b9317832fc29d27bf3def9869618269324b72112703262abb02b4	65.66	69.87	61.93	0.00	0.00	0.00	109	47	67	0	0	7
20120105_www.we-dwoje.pl_e625543235be76da7b1f4ff546b3aa4f3b23e6ae398fc4e90524e010	85.68	83.51	87.96	0.00	0.00	0.00	314	62	43	0	2	16
20120106_wiadomosci.gazeta.pl_6899fda4c15152d4c38a71a7397d69a4114203623746a1641c2f21b8	79.54	73.93	86.07	0.00	0.00	0.00	241	85	39	0	1	9
20120106_gornictwo.wnp.pl_ce7890f66595a7f70346d99ea27485f04690fc1ceba63aceeaf0b0ca	66.18	80.36	56.25	0.00	0.00	0.00	225	55	175	0	0	14
20120106_gornictwo.wnp.pl_82a7f7a8d7469fa202426c2e5395ce71e1938daf15ae4755ff773dde	72.99	80.78	66.57	0.00	0.00	0.00	227	54	114	0	0	12
20111121_www.we-dwoje.pl_5f8a356d92a7613cf2dd5ff4321157c618efbe8e001dd639eba48013	40.82	70.83	28.67	0.00	0.00	0.00	119	49	296	0	2	14
20120106_www.we-dwoje.pl_c1cd293ed6b5a6e720463363095aa9e0aff7aa62e933826d25cd4e37	40.27	70.23	28.22	0.00	0.00	0.00	151	64	384	0	4	16
20111121_www.we-dwoje.pl_ac186aa43766087c14f3a3f6c5ba25b926217085d643fa543350f4e2	88.33	86.42	90.33	0.00	0.00	0.00	439	69	47	0	10	11
20120104_gornictwo.wnp.pl_37159d1550c75d66da6fefdb813660d9959e5f3bd499136503deb46e	71.43	74.89	68.27	0.00	0.00	0.00	170	57	79	0	0	11
20120106_wyborcza.pl_d60ebe121aed534c1ab9d05f3642cc362b6d30d9bb4e8a3fcda6f486	82.37	76.59	89.11	0.00	0.00	0.00	229	70	28	0	0	5
20111207_goodcontents.net_310f39e4843b4e7c3cdb36545738f42ebb84cc4c5ebd835f68bca53a	88.53	85.27	92.05	0.00	0.00	0.00	382	66	33	0	3	7
20111207_www.biolog.pl_ef9b8411717de8736ad7510078f3a0285273aac75551e322241b0095	85.91	86.64	85.19	0.00	0.00	0.00	253	39	44	0	2	8
20120106_kopalniawiedzy.pl_b1d5f71565aa849df37f9338b777a0b0da57069f7b279ad5737ae8a7	74.49	66.27	85.05	0.00	0.00	0.00	165	84	29	0	4	5
20111121_www.zdrowiutko.info_5022f347590833960c9b8492bd7cbe47ced16b5e43fbf0a495c1a05b	62.83	59.13	67.02	0.00	0.00	0.00	191	132	94	0	0	7
20120106_www.kurierlubelski.pl_2e10c67cf479cbd84cd8b3ad9ea3fb502877d0db4b5df608652727c6	81.01	76.04	86.67	0.00	0.00	0.00	273	86	42	0	0	9
20111121_www.zdrowiutko.info_6248c1d028cdcd3796acd2207bee76fd2f0853e8cf1820e3fe05ca0f	82.74	81.69	83.82	0.00	0.00	0.00	870	195	168	0	2	25
20120102_www.biolog.pl_18f25bfb9bb01f9fbf381bb9f11d90daa713d7739e8eb1475e750817	76.11	70.15	83.19	0.00	0.00	0.00	94	40	19	0	2	4
20111209_www.biolog.pl_991a3c03c74eb82c37ecdcedda314229c91bb10f21b2377e9f721b70	94.21	94.06	94.37	0.00	0.00	0.00	871	55	52	0	2	17
20120102_www.zdrowiutko.info_5022f347590833960c9b8492bd7cbe47ced16b5e43fbf0a495c1a05b	63.88	59.13	69.45	0.00	0.00	0.00	191	132	84	0	0	7
20111121_www.we-dwoje.pl_044a8dca7caad27f7636a1e373a2f6147e8e763695f8479d5175b004	80.63	74.37	88.03	0.00	0.00	0.00	412	142	56	0	10	11
20120104_www.bankier.pl_e65cb23b8a30cd73869032b7cc17c15fdaf330ebe32d99951a249d2b	81.97	76.63	88.11	0.00	0.00	0.00	200	61	27	0	4	5
20111209_goodcontents.net_7af57d9c018b02e5565b5ea51c5c6646419294a8c1277fd047f0d5f5	87.47	83.82	91.44	0.00	0.00	0.00	342	66	32	0	3	7
20120106_www.fakt.pl_b9f73314fc4c780a0767a1acbc91f04022dcd00292ddd7376cc3e8c8	71.16	71.53	70.79	0.00	0.00	0.00	206	82	85	0	7	10
20120106_www.polityka.pl_a968e5c26adf05f5e02deb714aec4e100ab3a84c1ef6c301c9593c0f	52.84	72.67	41.51	0.00	0.00	0.00	428	161	603	0	9	19
20111121_www.we-dwoje.pl_e41d743ba9490728966087b2cfeac4a182f2d182626480668a64b914	88.47	86.55	90.48	0.00	0.00	0.00	399	62	42	0	8	9
20120102_www.biolog.pl_3a8e2192561c41a585e67a0d199b69f11532fcfc01c8d919219ae42f	81.48	78.95	84.18	0.00	0.00	0.00	165	44	31	0	2	7
20111121_www.biolog.pl_82cc54429b030e7848ea1e82dc4ad2466bb65b95e06564404e9e045a	87.65	87.58	87.73	0.00	0.00	0.00	536	76	75	0	16	17
20120102_www.zdrowiutko.info_e27d03de8919e03776148ffc1b103c76713a9d251993abc06963b75a	79.25	77.39	81.21	0.00	0.00	0.00	510	149	118	0	1	18
20120104_wiadomosci.wp.pl_da88d2c1f513ae7870711de4f2b0934b051274dcae86a84111f70eba	2.88	2.48	3.45	0.00	0.00	0.00	3	118	84	0	1	5
20120105_zdrowie.gazeta.pl_a05040639849ad92fa134645eed582bad1115aee5e2f8c68c1db28f5	77.83	71.71	85.08	0.00	0.00	0.00	251	99	44	0	0	11
20111209_www.we-dwoje.pl_10b733980c25f2a66e72829b7d261ddd42f4c3e67a5f7c5978612f6f	78.33	70.52	88.09	0.00	0.00	0.00	244	102	33	0	5	7
20111207_www.we-dwoje.pl_10563d87982bd7f87544fab5679f6b487fd4d6f203285f8e1a4453ca	85.45	82.23	88.93	0.00	0.00	0.00	273	59	34	0	4	5
20111121_www.we-dwoje.pl_21f717e183f110e349e1c9d9de7f8139686d52c9e9b7e2fde7c5a04a	88.08	84.64	91.81	0.00	0.00	0.00	314	57	28	0	2	5
20120104_wiadomosci.wp.pl_605a92da3da5da73756d869fdbcf056a167730c9ad96183932c2a9d6	70.39	69.71	71.10	0.00	0.00	0.00	214	93	87	0	1	12
20111209_www.we-dwoje.pl_7750fcbf097b086bffb815c87e01ec6d4bdce042f20e34c6a181abb2	59.14	72.18	50.08	0.00	0.00	0.00	301	116	300	0	2	20
20111207_www.we-dwoje.pl_cb0e6719f1d1da385317a9d3b45425c2f56d3a9df06eedc71973937c	77.41	73.85	81.32	0.00	0.00	0.00	209	74	48	0	6	9
20111121_www.zdrowiutko.info_f468b28dcbabeba53d25452eb69d90c23ee980993795c741cb1c9712	81.33	79.48	83.26	0.00	0.00	0.00	368	95	74	0	0	11
20111121_goodcontents.net_6e8a193b0d5e43883d5bcacdf49357313921e88663e9e4a66cc6eafc	89.37	87.21	91.65	0.00	0.00	0.00	450	66	41	0	3	6
20120104_www.se.pl_f45cbbd8935ea62a022a1fea46a892fcc4923d56a8b9de2b5cdf999d	72.34	62.11	86.59	0.00	0.00	0.00	523	319	81	0	17	22
20120104_www.wprost.pl_2c85ad6b928756f56f7083db5bc3c0d5906cb9df2198ed8f44b7807d	68.59	62.45	76.06	0.00	0.00	0.00	143	86	45	0	1	4
20120106_www.rp.pl_0a2fef2ce0fb91690f53b9cfd4b17f49954454fdc027a1564c221801	79.73	75.11	84.95	0.00	0.00	0.00	175	58	31	0	4	6
20120106_lodz.naszemiasto.pl_8c623e1486d7845763d6ad0d856381012195f7c9552d984bb9583f7c	78.52	75.66	81.62	0.00	0.00	0.00	404	130	91	0	1	11
20111209_www.we-dwoje.pl_d3302a5552a9f3c9e872d562d6d2e05e811aa756d2d469189a36dcf8	78.56	75.55	81.82	0.00	0.00	0.00	207	67	46	0	5	6
20120106_wiadomosci.gazeta.pl_493cd398b5ea890813c44472a69970eb16c9b256eb8c2649f63c8396	73.71	66.80	82.21	0.00	0.00	0.00	171	85	37	0	1	8
20111209_www.biolog.pl_694d8093af586fd66c79fe80e734d2de1ab064e2cbf3b75ae17b6969	90.54	91.64	89.47	0.00	0.00	0.00	493	45	58	0	2	12
20111207_www.we-dwoje.pl_8f8c807ff49395090156aaad05fee467b41e8fb8350797aa9b3fb6ed	84.92	81.69	88.41	0.00	0.00	0.00	290	65	38	0	6	7
20120104_wiadomosci.onet.pl_ff956ce026afdefc4000ad66b807bcea7073e26976b5dd167a1638aa	79.41	73.33	86.57	0.00	0.00	0.00	187	68	29	0	0	8
20111121_www.we-dwoje.pl_154a610a3383e8e01d82a83b0cf2197caa632d5489dbaa9f9c88cb79	72.99	60.95	90.94	0.00	0.00	0.00	231	148	23	0	1	3
20111209_www.we-dwoje.pl_e78b9867d6240e16f7d808d5133b5cbcd696f31779b9a3ecafecd363	84.88	87.78	82.17	0.00	0.00	0.00	553	77	120	0	3	18
20120106_www.se.pl_ea137bcaf50077a26f14a2542ce3dea20236f1a6c13d1ca328439174	28.57	17.80	72.29	0.00	0.00	0.00	60	277	23	0	6	4
20120105_zdrowie.gazeta.pl_39a78a2dff5da27e4ad3f839a255911073d4be569631638b997cd721	85.65	82.35	89.22	0.00	0.00	0.00	546	117	66	0	1	20
20120106_www.rp.pl_c812dbdc90f1f029ae5e996a2cf7b9a7fa33a63e209a2b0a6cf9c955	74.26	64.94	86.71	0.00	0.00	0.00	300	162	46	0	6	9
20111121_goodcontents.net_f164d2c180e17a39cfffdc428541f182be5cea501e3b1135c9bb2c8c	89.09	87.33	90.93	0.00	0.00	0.00	441	64	44	0	2	8
20120106_www.pomorska.pl_a89c9ff4011329947b20a479271a731b74d30d14360f2e3f4ffc007f	53.60	71.08	43.03	0.00	0.00	0.00	145	59	192	0	3	10
20120106_fakty.interia.pl_bf1e8b627d609dfccbc71a5f1c6e6863c33deaa04224c5b4813eb89a	63.00	55.19	73.40	0.00	0.00	0.00	149	121	54	0	8	8
20120105_www.biolog.pl_9940d454b979f8443862031fc3022a424ef673d3609b8652bf8f2e23	87.79	83.39	92.69	0.00	0.00	0.00	507	101	40	0	13	11
20111121_www.we-dwoje.pl_e5439019bb9a189ab8fb03a3c4b9a5ad05693637efa4306a572023e3	89.19	86.53	92.01	0.00	0.00	0.00	334	52	29	0	3	5
20120106_www.wprost.pl_67ce281183144b9f605b46162fea65fd79cc11b40e504fa06e4f4391	40.24	39.08	41.46	0.00	0.00	0.00	68	106	96	0	4	7
20120104_www.dziennikwschodni.pl_ad40f4f3a1266d2e52ccffe5152ed2cb028bffd13f63945b28482ad5	77.49	71.38	84.73	0.00	0.00	0.00	222	89	40	0	3	9
20120106_www.rp.pl_95c330562f009a62f447b6b55d22ae75f63ee25c158d7c62024f19e2	46.07	34.75	68.33	0.00	0.00	0.00	82	154	38	0	2	5
20120106_ulubiency.wp.pl_ff10d8bc20f4eae0d2c90e0937b586f1cb558ab3311839f1ff04451b	83.70	79.76	88.05	0.00	0.00	0.00	398	101	54	0	0	14
20120106_www.gazetalekarska.pl_da750cc1773a4b5b403d6d03bd5d64eece2a85660ac3ca9d9919f1d9	88.11	85.71	90.63	0.00	0.00	0.00	300	50	31	0	0	7
20120106_www.rp.pl_f54b890636c5700cecd8837c81bc5d4b092081a569a910f71f0b186a	83.94	79.86	88.45	0.00	0.00	0.00	337	85	44	0	7	9
20111207_www.we-dwoje.pl_10b733980c25f2a66e72829b7d261ddd42f4c3e67a5f7c5978612f6f	78.15	70.81	87.19	0.00	0.00	0.00	245	101	36	0	5	7
20120105_www.zdrowiutko.info_8fdeaf9b0d19545adf1ddf5ad311ad8674e16dd71661286e59b037da	92.53	91.93	93.14	0.00	0.00	0.00	1208	106	89	0	0	26
20111121_www.biolog.pl_9980d6f12306d6298998081e86bb04eda8871ee02475d66069bc48bc	84.58	83.50	85.68	0.00	0.00	0.00	329	65	55	0	10	11
20120104_wiadomosci.onet.pl_09f90e970b1afc6b46fa4fb381fe3ffcbe1ea5c03ebf50630e3fc524	62.30	49.26	84.71	0.00	0.00	0.00	133	137	24	0	0	5
20120104_www.rmf24.pl_f40528ee132a85ac611099332e36c80ca3b2303614499ebe1be999d8	56.32	48.28	67.59	0.00	0.00	0.00	98	105	47	0	4	7
20120106_www.nto.pl_0888d1dc0bf462de69f294c63c6d4d500252fdd703ec530bab861c25	92.01	91.77	92.26	0.00	0.00	0.00	2085	187	175	0	7	43
20120102_www.zdrowiutko.info_8fdeaf9b0d19545adf1ddf5ad311ad8674e16dd71661286e59b037da	91.24	91.93	90.55	0.00	0.00	0.00	1208	106	126	0	0	27
20120102_www.biolog.pl_9940d454b979f8443862031fc3022a424ef673d3609b8652bf8f2e23	88.22	84.38	92.43	0.00	0.00	0.00	513	95	42	0	13	12
20120104_gwizdek24.se.pl_ecae268e92fe0fee5e79271b090383e579f89a425aea905263a0c92e	26.34	15.93	75.97	0.00	0.00	0.00	98	517	31	0	2	6
20120106_budownictwo.wnp.pl_e48fea5393f630329b63ffba8785d4532879dab63384d8a32bd5d003	63.57	71.51	57.21	0.00	0.00	0.00	123	49	92	0	0	7
20120104_www.wprost.pl_a8aec2cd35e73ac6c25db4fcf20f1c69b06d31166f0594b86347b2ee	52.79	52.10	53.49	0.00	0.00	0.00	161	148	140	0	4	7
20120104_www.money.pl_8849f52a52f6e165cfa84fe7f3fadc3d75a2150204c19ca4fda57bfa	86.08	81.15	91.65	0.00	0.00	0.00	439	102	40	0	9	11
20111121_www.zdrowiutko.info_d6ef7934b7e61cb4db76438cc3e26017ef9e689b1541a1631aa8a4e1	86.69	86.69	86.69	0.00	0.00	0.00	821	126	126	0	0	20
20120105_www.biolog.pl_a016490eff21b1267a3eac8194936de785fbeb75780cafa93f326a58	85.01	84.66	85.36	0.00	0.00	0.00	309	56	53	0	2	15
20120104_www.wprost.pl_e403cda319e9ed5a44d52cb5ad972b9fe31025d491c0eb8a852e4c14	67.00	57.69	79.88	0.00	0.00	0.00	135	99	34	0	3	5
20120104_tvp.info_0f0f253c92891dee1263997673c8e910ae4dd5d59edc88884cfdf372	86.03	82.78	89.54	0.00	0.00	0.00	548	114	64	0	0	20
20111207_www.biolog.pl_191f9248fd9336f28ef6582143bf9768bb38b1d73a4ec0bdd1d8bd3f	89.80	89.64	89.96	0.00	0.00	0.00	502	58	56	0	2	10
20111209_www.we-dwoje.pl_10563d87982bd7f87544fab5679f6b487fd4d6f203285f8e1a4453ca	85.18	82.23	88.35	0.00	0.00	0.00	273	59	36	0	4	5
20120104_wiadomosci.onet.pl_9286ef9b1482d15641f6210db9e2f4e85fbbb64ba98941753c735585	87.21	83.45	91.33	0.00	0.00	0.00	590	117	56	0	0	22
20120105_www.we-dwoje.pl_237edd4512d0f575aa102193c6c5a79fa85feecaf1fdb795baf6ab8f	65.73	60.81	71.53	0.00	0.00	0.00	211	136	84	0	8	25
20111207_www.we-dwoje.pl_ab4552f2e110cd485bed759da10cfa9a6dc889949b176ca65eecf492	76.66	71.56	82.54	0.00	0.00	0.00	156	62	33	0	3	6
20120105_www.we-dwoje.pl_af63a20be0940f8248349028b7ffd1608d02ba40ddeb46de693903fd	91.71	90.07	93.42	0.00	0.00	0.00	653	72	46	0	12	16
20120105_www.we-dwoje.pl_c01670d8a62d698b25c176b409cc69b0d05056996f2b35bfd3b7738c	43.11	66.07	31.99	0.00	0.00	0.00	111	57	236	0	2	11
20120104_www.se.pl_150d37a1ae4d3cbf4e188b12ca6c3c5331d63cef665e32148a7adef8	74.27	62.46	91.60	0.00	0.00	0.00	534	321	49	0	20	15
20111121_www.we-dwoje.pl_9f7aacc1303f4dae00f6594fb8eb1a68d0fe8837de7656e3d51d9b2c	83.23	79.23	87.65	0.00	0.00	0.00	660	173	93	0	3	17
20120105_zdrowie.gazeta.pl_5ba6b4f0584451b718626dd5af8372ef000f9244559fe89aca9afb48	73.93	80.11	68.64	0.00	0.00	0.00	302	75	138	0	0	23
20111207_www.biolog.pl_119c0192ad52b2e4e1ba6fb0d06ca822cdb6be2052e7b05082fca401	89.92	88.15	91.77	0.00	0.00	0.00	580	78	52	0	2	15
20120104_konflikty.wp.pl_9a78872b1c09726ea2c9b2f6559dbb919f5b69bc9449cebe8c6b4b56	60.25	69.71	53.04	0.00	0.00	0.00	122	53	108	0	1	7
20111121_www.biolog.pl_ad43bdfd510235776032186fb8f9bb28045ad3cd3a2bd8e2013a4bf2	86.64	84.12	89.33	0.00	0.00	0.00	519	98	62	0	10	11
20111121_www.biolog.pl_6b358bbb56369b90368dd7020da2befdf64d1f5b30db7072c9427ece	83.42	80.07	87.07	0.00	0.00	0.00	229	57	34	0	7	6
20111209_www.we-dwoje.pl_ce69407d8288e0f333c38a101c20c6e9bf28b3e087ac1766d2db2263	36.61	33.33	40.59	0.00	0.00	0.00	41	82	60	0	0	3
20111121_www.we-dwoje.pl_012ae81383bf532a51947bbadd381c6ecd26f26034aedcd002eb0967	87.06	81.94	92.86	0.00	0.00	0.00	481	106	37	0	5	5
20120106_gornictwo.wnp.pl_e963ec4fb649971ea8b0e0c2eab6609caed629d3468ac5337714beff	64.91	60.14	70.49	0.00	0.00	0.00	86	57	36	0	0	5
20120104_www.wspolczesna.pl_09c9b146c47490b4107875a95643f0447db3a0691ef65958b0acecc7	86.54	83.75	89.53	0.00	0.00	0.00	402	78	47	0	2	13
20120106_www.kurierlubelski.pl_b56f33f49ca7f0a5e7890c8319613281f94d271e5a948c0845d2adb7	67.83	58.47	80.75	0.00	0.00	0.00	214	152	51	0	0	11
20111209_goodcontents.net_d3d973b9ef61722241c1895ccf3226ee946d67ce816ac725955be986	81.89	72.16	94.64	0.00	0.00	0.00	547	211	31	0	3	8
20111207_www.we-dwoje.pl_9a95f98c088783135f7b881838683e09b65061058a2cf5501bf4cdd7	39.83	75.39	27.07	0.00	0.00	0.00	144	47	388	0	3	22
20120106_www.forbes.pl_58df60840d8c74ec20e03b88639530d8556160a62964dc5cd1004d70	69.71	71.27	68.21	0.00	0.00	0.00	191	77	89	0	6	8
20120106_kobieta.interia.pl_227be13d2686c631aa0ed3682cc05eb5a91b1473955b61dca215a4ab	83.51	79.61	87.80	0.00	0.00	0.00	324	83	45	0	1	9
20120105_www.we-dwoje.pl_5ebb0c8564331903eff2bb1c226b925fe2c5c92d01ed2e8466a4ece6	34.73	31.52	38.67	0.00	0.00	0.00	29	63	46	0	0	4
20111209_www.biolog.pl_1217f2298aedb3f437a8ad8f951d4a5fd72f73453f3a1ad483247983	84.62	85.94	83.33	0.00	0.00	0.00	275	45	55	0	2	9
20111207_www.we-dwoje.pl_faee6f55ba1fccafd811d0bf81491218fbcfb65ae54da2684bb08b90	77.97	70.80	86.76	0.00	0.00	0.00	177	73	27	0	2	5
