file	F	P	R	F.tag	P.tag	R.tag	TP	FP	FN	TP.tag	FP.tag	FN.tag
20120106_rus.ruvr.ru_2c27d04d251b4d73039acc34e424b755e057a4bd0832f98b0906f893	54.93	41.07	82.90	0.00	0.00	0.00	223	320	46	0	0	7
20111209_www.kleo.ru_01f4205128c9fd41669466012d3659ec55d784ba06a1f5cef6627144	79.70	75.14	84.86	0.00	0.00	0.00	269	89	48	0	5	7
20111128_www.argumenti.ru_d2d7845efedd98f5e11c23fb1c7d10bdb66f7b3002b2bcdddf040508	74.93	74.72	75.14	0.00	0.00	0.00	133	45	44	0	2	6
20120106_www.nr2.ru_71e3ea912507bd41bba2cc41352cfafa45e1641fe1347594a3ed38df	1.09	0.90	1.38	0.00	0.00	0.00	3	330	214	0	0	4
20120106_www.nr2.ru_7d0cc61b526813d7fd9e38de4e7f86c3c505e47061e61e59a8bd0c1a	1.43	0.90	3.41	0.00	0.00	0.00	3	330	85	0	0	4
20111128_top.rbc.ru_5c0edc0481444061258af4069db91fe6003a388f102b526776f6a15c	85.62	81.70	89.93	0.00	0.00	0.00	375	84	42	0	8	9
20120106_informpskov.ru_5570171e07dc222858be5bc0f2e630e5532d4c43e3a24eb461c2b758	0.71	0.47	1.43	0.00	0.00	0.00	2	423	138	0	0	4
20120117_www.argumenti.ru_da9cf21b1564b946eb14c4f6762c84c0daa3e93c341db2c1da63770e	64.73	61.47	68.37	0.00	0.00	0.00	67	42	31	0	0	5
20111128_www.1news.az_9bd2b46a12104cd121d8cbb677b1708a235a8f0e0c250d961ebbd3f7	73.59	69.66	77.99	0.00	0.00	0.00	124	54	35	0	6	5
20120106_newsru.co.il_563f6804e34cfc95a8b4fe9b134a0f9a496663a67f010ba3441a3580	74.64	71.78	77.74	0.00	0.00	0.00	262	103	75	0	8	11
20120106_www.rbc.ru_1ab78a77169231ecf2987dcde3559f5cf50d75d1ec92f85d65363a6b	53.54	67.55	44.35	0.00	0.00	0.00	102	49	128	0	0	5
20111128_www.1tv.ru_5af4c17fcfdecef58f591577f57941711ffc6b4d16e9eddf99a2c1ad	51.51	37.58	81.82	0.00	0.00	0.00	171	284	38	0	4	6
20120117_saratov-times.ru_6a4d4ac1088bedc1a7e769ac2e70dcc1f2238360c574ea6a9f8cd4ca	85.44	83.02	88.00	0.00	0.00	0.00	176	36	24	0	1	5
20111128_www.aif.ru_8615176c4de88091217e66433b654d812ceb3aa888504cc5c65da372	68.45	60.14	79.43	0.00	0.00	0.00	166	110	43	0	6	6
20120117_ivona.bigmir.net_0cb32453003aafa4953d364771f630637f59cf3eb9b733e9ee477fff	62.60	61.46	63.78	0.00	0.00	0.00	118	74	67	0	3	11
20111128_www.regnum.ru_2fa9d5942fcceffd25ca1213414b453701bf63d7acaaf43c1501577e	55.23	66.88	47.03	0.00	0.00	0.00	103	51	116	0	2	5
20111128_www.argumenti.ru_3856c6cacc27b32a352e85762bcfbc18a151c60fcfab034c8b6de39c	60.20	60.20	60.20	0.00	0.00	0.00	59	39	39	0	0	5
20120106_www.newsru.com_972d7ff809b13d7a617f1d3f52416749ccd28522c84575c2bf5ff9df	83.01	83.86	82.18	0.00	0.00	0.00	535	103	116	0	11	14
20120117_aifudm.net_5424ed1a898d3559a44c4b3fba83f978f0bb01e02faebaf4eaf9e2bf	79.45	73.19	86.87	0.00	0.00	0.00	172	63	26	0	5	6
20120117_www.aif.ua_d7f2ac2cb9fa37bb13b15ed44d54e10918a3ab4f0029c619f296fe2b	40.12	26.11	86.54	0.00	0.00	0.00	135	382	21	0	10	5
20111209_www.segodnya.ua_ea3e48bceea0c24d659c7f8d91ad963250c97e8d0e02b3ff918feac0	86.21	81.70	91.24	0.00	0.00	0.00	375	84	36	0	0	6
20120106_www.ria.ru_b90e01b4804a1ce2954ffbc6d1681ce209a8c6c36dfefada4fa09cdc	36.08	22.59	89.55	0.00	0.00	0.00	317	1086	37	0	26	10
20120106_www.ria.ru_d823459ea362c7f815da99cea5b603e9e220bcfae58b185f041b494d	19.05	11.43	57.09	0.00	0.00	0.00	153	1185	115	0	21	7
20111128_ufa.kp.ru_5c499e9fd289c38074c0e5d85a8c08df8c0d6891bb39682d27d98ea6	33.43	28.57	40.29	0.00	0.00	0.00	56	140	83	0	0	4
20120106_www.newsru.com_0f92b104917d16ba580468dc27ade9e65dd091e57a3c840b4852d816	73.87	67.47	81.61	0.00	0.00	0.00	253	122	57	0	9	9
20120117_www.ng.ru_44331160a2aba639b795d593773c5eef34aa1cf67b8b040b718453e5	81.54	76.81	86.89	0.00	0.00	0.00	159	48	24	0	1	2
20120117_top.rbc.ru_b286c1bc8bf5127ea5de05134cabef3fada83e7cdd8517ef6123ef32	84.95	79.61	91.05	0.00	0.00	0.00	285	73	28	0	6	7
20120106_www.regnum.ru_02400c41d43238808fe9c3a5ea56f4f3ee7282fe71f00ef881b22e4e	80.26	76.34	84.59	0.00	0.00	0.00	313	97	57	0	4	6
20120106_www.regnum.ru_53f63cd23e619328bb173399e25f9e85969eabb6e3a0ea8dc56b3431	38.38	51.45	30.60	0.00	0.00	0.00	71	67	161	0	2	10
20111128_www.048.ua_b6c6487ab616bfdc9d7069a13013f96cfaf0173fbe41985e68b9413f	74.19	66.67	83.64	0.00	0.00	0.00	138	69	27	0	1	4
20120106_www.ria.ru_a5982ac8ba021466bd041955944d490b434084b4eb9b8736f9f594e0	26.47	16.47	67.26	0.00	0.00	0.00	300	1521	146	0	23	13
20111128_www.likar.info_33b13a3a8fdf43147153ab6bdc9299502cc39aa92f14d4e01e55dc50	7.12	5.65	9.62	0.00	0.00	0.00	10	167	94	0	0	4
20111128_medportal.ru_ed026c43e1ffdc60af3ea9f370ef5a6da7bcf25094cdb0a4fddccc57	78.72	75.20	82.59	0.00	0.00	0.00	185	61	39	0	6	7
20120106_top.rbc.ru_bdcfcf7fa9284b22c4acef40b34661b2a0d9034e9d272a692d0c9a8b	71.35	63.87	80.79	0.00	0.00	0.00	122	69	29	0	5	6
20120106_www.regnum.ru_d30724a07b0fb4f96a7f697425bd0f7e677342e983266d1690baee83	50.12	66.46	40.23	0.00	0.00	0.00	105	53	156	0	2	6
20111209_www.unian.net_f6f26b11bb27fc071a97c6ebbba34c941b23a6d9a413fcbacdee6e42	82.73	80.19	85.43	0.00	0.00	0.00	170	42	29	0	6	6
20120106_motor.ru_741ecb27c192865fc4990c8509dd63244c4a5f5dc62e30945922cfba	1.01	0.71	1.72	0.00	0.00	0.00	2	278	114	0	13	4
20120106_www.newsru.com_95fc96ababf91e7cfac75e20e8d3a074f3237ae538209f9d22d99eea	78.18	78.93	77.44	0.00	0.00	0.00	412	110	120	0	10	13
20111128_krasnoturinsk.info_5a3bfe4c4a2968237c0aaee00b904f9d78a311ee826c1913c7b15bc0	85.17	81.02	89.76	0.00	0.00	0.00	333	78	38	0	6	7
20120106_glavred.info_df52a83b8d33b1793ec8a3f17de4a163c70f16ad52d42bc8d53b9ece	73.47	71.43	75.63	0.00	0.00	0.00	180	72	58	0	6	8
20120106_fedpress.ru_f481b7b1343b76e5ec11312aab609cb5e9a2878435f70f86fe7b7bda	1.83	1.10	5.63	0.00	0.00	0.00	12	1083	201	0	0	6
20111128_www.ukrkonditer.kiev.ua_289093b207c36db1b5210506878a1ccf4fca6fbc7c5bd711f0173c1d	67.64	59.66	78.09	0.00	0.00	0.00	139	94	39	0	8	8
20120117_www.belnovosti.ru_d8dccb6a4fd4add76ec4356a85d54cd8edbd802b4fa7b563cd6b200d	75.83	67.42	86.63	0.00	0.00	0.00	149	72	23	0	5	7
20120106_glavred.info_4d4c81eaf0f69f9624666acf9a0fd977b6fdd522dd33c415f89eaf9a	65.42	61.93	69.32	0.00	0.00	0.00	122	75	54	0	5	6
20120106_www.regnum.ru_7b4866bab218668c095f650b361d06e16eab7fe26dfd5b97caa7f17d	79.24	73.70	85.68	0.00	0.00	0.00	353	126	59	0	3	4
20120106_www.interfax.ru_355ba0d6cad5b55f60035c44bba3125d27faabe8e0fc232d024bfb4c	85.71	82.37	89.34	0.00	0.00	0.00	444	95	53	0	8	9
20120106_www.nr2.ru_e8a7ab045ab0d623fb358028b6ffa3f30c521db5617b48fa30a13465	83.22	86.13	80.51	0.00	0.00	0.00	1198	193	290	0	27	29
20120106_www.newsru.com_94162a1c8fb6eca8312611a627f86b252c38fbd7149dd213934036e7	75.92	68.89	84.55	0.00	0.00	0.00	186	84	34	0	5	6
20111128_www.pravda.ru_7ce5bfa2c3730b163a4c77382ede7c3303c2ea0228e0d74a8d7fa52f	73.26	68.11	79.25	0.00	0.00	0.00	252	118	66	0	0	10
20120106_www.newsru.com_a16c69df4c571a188b4af39ff04d6dbc337cec15c51046b5cbeb91e3	74.98	78.90	71.43	0.00	0.00	0.00	430	115	172	0	8	14
20120117_www.amic.ru_eb2e69ba48065b9615fb25041258937cf0f5c3b61af7242a722286e3	72.98	63.97	84.95	0.00	0.00	0.00	158	89	28	0	0	4
20120117_www.ukrinform.ua_a895bfeea3493522cbfcc0d265d9e92dbffc4488ec57be734a973a18	74.35	66.15	84.87	0.00	0.00	0.00	129	66	23	0	5	6
20120106_www.ria.ru_ae4b12e2d98ecf9ee39967c98157dab4bb0c79842d33006d588e12e1	22.86	14.37	55.82	0.00	0.00	0.00	187	1114	148	0	24	9
20120117_news.bigmir.net_1f362ee6b4ce672737d86be6c69bb293fe8ee05513a7e572142402ce	59.32	49.34	74.34	0.00	0.00	0.00	113	116	39	0	1	8
20120106_obkom.net.ua_5fad92a456b3cb06c5cd98a71dca892d6cf4301c6a058cc69f6e55d6	76.77	73.36	80.51	0.00	0.00	0.00	157	57	38	0	0	7
20120106_eco.ria.ru_4b866e458a65a8794d13e57bb8bb0a8d579f431df28c2d5697c65b21	31.01	19.18	81.06	0.00	0.00	0.00	214	902	50	0	25	9
20120117_www.aif.ru_5d224cab8e1ac20fc930d6d91078bb50cfd5305de854f58319a4c578	1.18	1.08	1.29	0.00	0.00	0.00	3	274	230	0	6	8
20120106_rus.ruvr.ru_0cd8ed7b9610ff92162910a392661d11004b66181a96e8dd1dd8ccbe	3.10	2.27	4.93	0.00	0.00	0.00	7	302	135	0	6	4
20111128_www.interfax-russia.ru_d56227e509a79a573b9e30c4342652e1dff21dffef5ee6bc036d73fc	68.71	61.96	77.10	0.00	0.00	0.00	101	62	30	0	3	4
20111128_www.newsmsk.com_d87d5ce9dbefe4d4faec580153f2df6079fa69407804be77d78c7f1f	69.85	63.33	77.87	0.00	0.00	0.00	190	110	54	0	2	7
20120106_rus.ruvr.ru_b8c034fcc558534bd6db057a46ab31c5aaaa9f123e0c60e2368e4447	0.90	0.58	2.02	0.00	0.00	0.00	2	343	97	0	6	3
20111209_society.lb.ua_5f0b3d3553cb6625647110bb7636d9e3b099445dbd61a081a5398e66	76.92	72.12	82.42	0.00	0.00	0.00	150	58	32	0	5	5
20120117_glavnoe.ua_41ac28886c5ea26376f4973656130c09bed726a1699f756516c4d3d0	69.33	60.70	80.83	0.00	0.00	0.00	156	101	37	0	0	9
20111128_www.novopol.ru_8bd7bb61aff1884e017871c981eb9ea01120a132627812a305c8b4b3	72.36	67.29	78.26	0.00	0.00	0.00	144	70	40	0	6	8
20120106_news.samaratoday.ru_9474d4030e8ba3d2a943aa15a4628d64659de2b6780c74d911cbe458	85.11	82.59	87.80	0.00	0.00	0.00	223	47	31	0	0	6
20120117_www.ria.ru_1c44109cedff9b8a5e054dd489303bbc028febd6611050a4b315ae2d	68.05	55.85	87.07	0.00	0.00	0.00	229	181	34	0	7	9
20120117_nbnews.com.ua_bb83a1f2b55e7079b746f573cc6d8b3ff782d414c67d5c45791ff0da	65.86	57.34	77.36	0.00	0.00	0.00	82	61	24	0	0	5
20111128_www.54rus.org_d4ca4851d04858822d336639f9f929d2534bb775a234b77e87a46db1	74.55	69.89	79.87	0.00	0.00	0.00	123	53	31	0	1	7
20111128_www.ca-news.org_efd1aaa1a79fbba3879315af1ca0a8354a00af3df26ca2323da8e789	77.94	74.12	82.17	0.00	0.00	0.00	189	66	41	0	7	7
20120106_www.regnum.ru_30f1d0887d420e9e7632a8d76374ca3a37a01171affb1dc0c778783a	64.19	60.80	67.98	0.00	0.00	0.00	121	78	57	0	3	5
20120106_rus.ruvr.ru_728f3d8ec0e6248172f881c63434592641f72a6d72d155c8e7e723f0	70.52	70.40	70.65	0.00	0.00	0.00	390	164	162	0	0	16
20111209_www.health-ua.org_80162b2dcb8fd58a6f9ba5efdfb917ff0989788db273617db83808dd	71.56	81.76	63.62	0.00	0.00	0.00	278	62	159	0	9	10
20120117_www.argumenti.ru_e4dcced69d2c19877925b98606ff41d2c6b3a40ceba73b59c9190b51	66.81	83.38	55.74	0.00	0.00	0.00	306	61	243	0	8	14
20120106_primamedia.ru_77eca7ca6623ca1ac72b78ec2ed0961fb32970d01a0b014229e00ab0	80.12	77.10	83.39	0.00	0.00	0.00	266	79	53	0	5	6
20120106_vrn.kp.ru_4481fbbd10a3bec5ba28c38dd1d251d519ccfd1d175cca17e149b764	2.21	1.42	4.94	0.00	0.00	0.00	13	900	250	0	24	7
20120106_news.liga.net_a35ece8fbd5af8c7f07c5f1e63d0d5c422edeea53feefc664ab35582	67.07	61.20	74.17	0.00	0.00	0.00	112	71	39	0	4	4
20111128_www.eurolab.ua_265d038a62e38e494a1ff402790d8f5d92fbffdada6bbd7c83ee5354	71.76	64.85	80.31	0.00	0.00	0.00	155	84	38	0	0	7
20111128_russian-bazaar.com_6a49ccdcd2b1593e0d20b3a4f11ea91901744aef45355eaeb25c3c07	74.17	67.76	81.92	0.00	0.00	0.00	145	69	32	0	4	4
20120106_polit.ru_7a6bdb692f9769ce270ebf54258f7a3ebe7eb571647b99f40ebcf94a	85.45	82.96	88.10	0.00	0.00	0.00	370	76	50	0	6	7
20120106_www.newsland.ru_fb2e3d028833efa4361034bfb98483eee9663dbb967d54b7907a6e86	1.77	1.14	3.97	0.00	0.00	0.00	12	1045	290	0	20	6
20120117_ivona.bigmir.net_fc26ebb4ff41057ed53e182316e70ff8422b166dd4e1f88488d94ece	65.50	53.85	83.58	0.00	0.00	0.00	168	144	33	0	2	9
20120106_rus.ruvr.ru_af4fbf485bcc6a1679a23de857b2c1fced9fd1707cd13dbf38fd50e6	1.50	1.16	2.13	0.00	0.00	0.00	4	341	184	0	6	5
20120106_www.newsru.com_455bfb523f2fdfe301c9a5b734ed388576980d3ca213b922e708115a	76.01	80.59	71.93	0.00	0.00	0.00	328	79	128	0	9	15
20111128_www.argumenti.ru_f74174bdeb5d196c3a233801519124ca13a961cc3d4cb6f7f30e4c54	67.41	59.48	77.78	0.00	0.00	0.00	91	62	26	0	2	3
20120106_www.ria.ru_aba670002d5a45afa30f60f4e8dc663cbf7a2d26da9a70cdbbde7fae	16.76	9.43	75.21	0.00	0.00	0.00	88	845	29	0	21	4
20120106_rus.ruvr.ru_f1e26404dc319826c41ffee88eb68506945a93e162364331ffdd61eb	68.35	57.96	83.28	0.00	0.00	0.00	244	177	49	0	0	8
20120106_tengrinews.kz_a17beb36e3cb8762cb9adf72dd4e3ca25691bd44e9b13451f94c8a9a	67.02	57.87	79.62	0.00	0.00	0.00	125	91	32	0	0	5
20120106_rus.ruvr.ru_d88e33bdaa62f7aaccef077a0fef801ebca3ce7b150fb2bfae74faaf	71.51	61.95	84.55	0.00	0.00	0.00	197	121	36	0	0	5
20120106_www.rbc.ru_50e41f72faa6539e1469cf3198778e7e711db329eaa811423e0d7dad	66.57	78.43	57.83	0.00	0.00	0.00	240	66	175	0	0	10
20111128_www.aif.ru_e13c5b66cd08c237b420a5a4012f76a6d8a830a19a279a35ee6571b6	1.65	1.09	3.41	0.00	0.00	0.00	3	273	85	0	6	3
20120117_www.1obl.ru_03ca2223d78152f5467d1027c818e8271becb68ab4e62f49445456fd	76.45	70.44	83.58	0.00	0.00	0.00	112	47	22	0	0	5
20120106_www.ria.ru_ac49a3dbffee82ee7e279128b85cbeabaa404a678b12eac5e2fdcd26	28.94	18.09	72.26	0.00	0.00	0.00	224	1014	86	0	23	10
20120117_ul.kp.ru_6b3f9e1650f839620e1f3fdb7b9773429960182789a6a929b7526f95	80.29	77.07	83.78	0.00	0.00	0.00	279	83	54	0	8	9
20120117_www.vestipk.ru_e0ef3cfa9d6b29677e20a75acadebff2a7d04cec7ac0f07ebef001de	86.94	82.17	92.31	0.00	0.00	0.00	516	112	43	0	1	16
20120106_www.nr2.ru_aa88fcfd8b0404b65293ae484be79ab8b8124e91f4fd450784164b8d	3.04	2.40	4.15	0.00	0.00	0.00	8	325	185	0	0	3
20120117_top.rbc.ru_66d4dca562d4ca8eb538796c004900749feb4fe9bc56618a59920852	85.21	80.30	90.75	0.00	0.00	0.00	265	65	27	0	6	7
20111209_life.comments.ua_8daa4acb445758626aaaf6d146d4fb695d304f97e2610870f79ac1da	41.11	27.73	79.46	0.00	0.00	0.00	89	232	23	0	2	4
20120106_www.newsru.com_27fa8d3c7c979528c4b0eb4c04d88a4ef4e37642f27a347dc19e4130	82.69	84.67	80.80	0.00	0.00	0.00	1237	224	294	0	34	41
20120117_nversia.ru_125174415f4dd2156e09b2cce81d33116d051545290dd92cb9ad8940	18.54	10.41	84.97	0.00	0.00	0.00	130	1119	23	0	3	4
20120106_www.regnum.ru_38e9fe16ded493f7d74c9e8174c99dc3454ed5247c6997865ded658d	44.44	41.53	47.80	0.00	0.00	0.00	76	107	83	0	4	7
20111128_news.day.az_5fa888d244ce8a22ea48c2a0a008a6e255a0f2608b56526e19afe423	77.06	74.57	79.72	0.00	0.00	0.00	173	59	44	0	2	8
20120117_www.aif.ru_bb2d7753ead60383ec06cb6bcf3493dd7d85d65ffb79b6507fc9b2c8	9.93	7.67	14.10	0.00	0.00	0.00	22	265	134	0	6	5
20111128_news.argumenti.ru_f26d5091e52476e091e13cdddb38a1c010fdc3f8ecb1ba6395a30fc6	57.14	68.09	49.23	0.00	0.00	0.00	128	60	132	0	4	7
20111128_www.1tv.ru_ffa20a7466a435c581a121aa817318144e71e83a49aac0307d016bad	69.42	58.35	85.68	0.00	0.00	0.00	395	282	66	0	11	13
20111209_medportal.ru_18002c24dc3501baaa52622e2a0dbeefea06b2d30179f7937d7a5b6c	70.31	63.08	79.41	0.00	0.00	0.00	135	79	35	0	5	5
20111128_news.zn.ua_faa9be4c282731ea3549317a571cbf83e5b94a70bd94faecdc4cdb57	48.09	55.56	42.40	0.00	0.00	0.00	145	116	197	0	5	8
20111128_www.ukrinform.ua_60654a90458430dc5ecb5eb331c54e1b359f9f36c3aec5d5e322553c	77.49	70.48	86.05	0.00	0.00	0.00	222	93	36	0	0	5
20120117_www.interfax-russia.ru_670981487d96852f39d08106a592133b64334e66abd0d562343ff313	73.65	68.24	80.00	0.00	0.00	0.00	116	54	29	0	3	7
20120117_www.likar.info_a6a8acfd786f7f623fccc595395d1fddb203c450d15ae2b56e989c7d	72.35	62.72	85.48	0.00	0.00	0.00	106	63	18	0	0	4
20111128_cxid.info_8457bff189418435d7f0412b105092467e24d4bc22c56c5f787cd65d	74.63	70.62	79.11	0.00	0.00	0.00	125	52	33	0	5	5
20111128_www.regnum.ru_4193600271bbf74b999e2448e397b3193cb90e0ca5404121d305a0d0	25.45	25.93	25.00	0.00	0.00	0.00	35	100	105	0	2	3
20120117_www.newsland.ru_9d8872900e435c2a95ec7866931810a6119460049a3a04b93c652d75	35.04	21.89	87.76	0.00	0.00	0.00	380	1356	53	0	42	20
20120117_www.bel.ru_ee4c7876ee4f411e379e682ce60a5b669f7495edb7490a6f0c544e01	81.35	74.28	89.91	0.00	0.00	0.00	205	71	23	0	6	7
20120106_www.ria.ru_4cab1c82f7b6a455f9da3f7ce098677d4359a3ef9f462ea46524fb7b	27.13	16.42	78.03	0.00	0.00	0.00	245	1247	69	0	24	9
20120117_komi.kp.ru_421b4ef726437ef475bbd3ab6848f1ffedd2499ade10dd1a4a14573a	14.47	13.50	15.60	0.00	0.00	0.00	22	141	119	0	0	6
20120106_www.vz.ru_0ed565e7b29814b0a7aa0e0cbb19f161ac17d063f7543dcb96939db3	67.34	70.53	64.42	0.00	0.00	0.00	134	56	74	0	3	6
20111209_www.ameno.ru_094fe89eb4e510c238ac128f8bdd6efcf4727fa49453270a76370628	78.61	73.15	84.95	0.00	0.00	0.00	158	58	28	0	1	5
20120117_www.newsland.ru_bd7d1f16cb84b2d48e25b3267cb90003d126ac55d3edded12edc4a84	1.61	1.23	2.33	0.00	0.00	0.00	8	642	336	0	12	11
20120106_www.bbc.co.uk_0cff067af40961c028bfc292ccdcc29a984a6b692389e53b1dc96445	52.79	46.71	60.68	0.00	0.00	0.00	71	81	46	0	3	5
20120106_www.objectiv.tv_f1450364e8b6799a16d25d27e8d4d20c03c6582a542fbb5522222efc	4.99	3.89	6.96	0.00	0.00	0.00	11	272	147	0	8	6
20120106_www.nr2.ru_a8610aa505f2155383c46706587bda61b57e4f476c7094a8c4341940	2.57	2.10	3.30	0.00	0.00	0.00	7	326	205	0	0	5
20120106_www.kapital-rus.ru_9bb641315c0eb883e411d4d2607d462edf915890a8f0e1e17fb9c117	2.08	2.21	1.96	0.00	0.00	0.00	3	133	150	0	0	7
20120106_www.baikal-daily.ru_6910489e94427c1266f98aeca463a626f6f021962f27c14a9e01a3fc	82.74	77.34	88.95	0.00	0.00	0.00	314	92	39	0	0	11
20120106_rus.ruvr.ru_6995e691805cbfe865135607127fce8532f135e00c585a04e88d00ca	72.39	64.99	81.70	0.00	0.00	0.00	375	202	84	0	0	17
20120117_top.rbc.ru_59910528942418ed94703b750a97876172bb51c6ca1c932e49fd65d0	86.15	83.40	89.09	0.00	0.00	0.00	392	78	48	0	8	10
20111128_news.bcm.ru_51f1c8d6e09c4ed03027a7d14443c92eb9cb506bce82a6a9c45ccd04	87.52	85.01	90.17	0.00	0.00	0.00	312	55	34	0	0	8
20120106_www.regnum.ru_9626940719b75df8347ca84a3a33aaf73617eed5c65fe6820065566a	75.48	71.48	79.96	0.00	0.00	0.00	371	148	93	0	11	13
20120106_www.regnum.ru_023688a04c014bd6acf99b302eb738313df62a9496f5ee5f6bcabbbe	52.00	56.93	47.85	0.00	0.00	0.00	78	59	85	0	2	5
20111128_dozor.kharkov.ua_f3b980e81e058464fd3126929bfb11abd46f286d6747d07f2140f490	75.00	72.41	77.78	0.00	0.00	0.00	189	72	54	0	6	10
20120106_www.ria.ru_65d3cd8c47d4a2f9c4fdec98d51f7ad610295f9300072b909371a346	26.39	15.77	80.85	0.00	0.00	0.00	190	1015	45	0	23	8
20120106_vesti.kz_30d73cd8a4eb70ae8086f88ceff9fb842ae001cfecb076334b347e13	70.43	65.03	76.81	0.00	0.00	0.00	106	57	32	0	0	4
20120117_www.ng.ru_9bf1d60cde49a368b4bc14dce2321eb37e63936df6079681d3dc661a	82.82	76.27	90.60	0.00	0.00	0.00	135	42	14	0	1	2
20120106_rus.ruvr.ru_d0936b32f4dfcfd8d4933b5807394621f9a2c55096176a4e6f7dd4c9	4.42	3.19	7.19	0.00	0.00	0.00	11	334	142	0	6	4
20120106_rus.ruvr.ru_ea8a312da029ade02837e74a53649ccfab6b23a4c931d63e7076b3ed	61.09	50.34	77.66	0.00	0.00	0.00	146	144	42	0	0	6
20111209_www.regnum.ru_39dbf385c056f5fac5095193a66768a641ffa44532cc29c5dca7ec0e	73.50	72.24	74.80	0.00	0.00	0.00	190	73	64	0	3	5
20120106_rus.ruvr.ru_cabf961cc2bc8a3b1ec2bb8b3b6a8bb358c674a4d0e74beb37bfe536	77.33	67.81	89.95	0.00	0.00	0.00	394	187	44	0	0	8
20120106_rus.ruvr.ru_d60b58d8921206220b592de79852b10eb5c8a3a01cd90e91c5760107	67.06	56.58	82.30	0.00	0.00	0.00	172	132	37	0	0	4
20120117_www.pr.ua_c7667f1e20086a484b35ddc27b70d4dbc0fd1ec238dddce3ad8104ea	72.11	58.33	94.42	0.00	0.00	0.00	795	568	47	0	13	12
20120106_www.baltic-course.com_23d594bb1390d2a5680eb3bdd8abff0afda52ac950deec2a30de081b	74.07	67.16	82.57	0.00	0.00	0.00	180	88	38	0	5	6
20111209_mignews.com.ua_8136e68b329da9d717135f04cebc055074902a64563fc7ba12b5973a	73.05	67.76	79.23	0.00	0.00	0.00	145	69	38	0	5	5
20120117_www.medikforum.ru_5641402348c024f1ee710c27302194e49a514ed542fc7d44fcb9459a	81.36	78.57	84.35	0.00	0.00	0.00	264	72	49	0	8	13
20120106_www.fergananews.com_3107dd7419e68cfa31a4242d97450f271ed51e4d56be9e971047fe29	67.15	58.86	78.15	0.00	0.00	0.00	93	65	26	0	3	3
20120117_www.isra.com_64bebeefa3bee1910ff84ab10ad7bbf33a6710618005775b7dff86ad	62.62	71.53	55.68	0.00	0.00	0.00	98	39	78	0	0	8
20120106_polit.ru_6425ba354b23dad3aca264e5f0ae4c571faecafe5741e37da0064987	71.64	67.80	75.95	0.00	0.00	0.00	120	57	38	0	5	6
20120117_www.regnum.ru_59ff197a55c3661cb75f16317be8420473852acaf7daae63508dd08c	69.08	62.63	77.02	0.00	0.00	0.00	124	74	37	0	3	5
20111209_www.health-ua.org_5d82207438f000749355eaa8c87b2fefc218564a361b005d725a679f	73.95	84.18	65.93	0.00	0.00	0.00	298	56	154	0	7	13
20120106_www.ntv.ru_9cd271d26e479370e5f13dc6a17e8e1e5ad76baef843f2d041f83cef	50.33	52.78	48.10	0.00	0.00	0.00	76	68	82	0	0	5
20120117_ura.dn.ua_4737640aa688991a3c0162213748af869eef11a9662ec38fb0b6e057	88.06	84.52	91.91	0.00	0.00	0.00	284	52	25	0	7	8
20111209_www.pravda.ru_708959c113d06281226c407dfdb5849683673dab9e9e7e0b4f6aab3b	77.48	72.30	83.47	0.00	0.00	0.00	308	118	61	0	0	8
20120106_www.ria.ru_029cdb94cdadb2cda796721f98aa1c854725855fe56297ef7a719622	20.33	11.95	67.93	0.00	0.00	0.00	161	1186	76	0	20	7
20111128_www.newsland.ru_deca5850da6e13d3afaba5a733ba630dfc85e0446c1024e58f74bdc9	26.81	16.49	71.57	0.00	0.00	0.00	141	714	56	0	16	6
20120117_top.rbc.ru_8fc49681dc7b3805b395f0c5114a2bb597635b97fbc3a74744c60c8e	85.99	80.52	92.26	0.00	0.00	0.00	310	75	26	0	5	6
20120106_www.rzn.info_dfa9de2dad8922187b79eca288b190f143d3a1fed26e0db8afd3db94	79.32	77.37	81.39	0.00	0.00	0.00	188	55	43	0	4	5
20111128_top.rbc.ru_780223131eb3c6a04c95f782525de8c94814bfcd61e1a34d7d10cb31	80.14	73.44	88.19	0.00	0.00	0.00	224	81	30	0	5	5
20111128_www.medicusamicus.com_9e7f4aabccca4d02b620513399601bbb5572b04262ec078f810fd1df	89.99	86.07	94.28	0.00	0.00	0.00	445	72	27	0	4	5
20111128_www.radiomayak.ru_8ad67e417e7dda07308001996b87066591849749c42006aa649e710f	68.57	64.62	73.04	0.00	0.00	0.00	84	46	31	0	0	5
20120117_life.comments.ua_0c05c8ad98404601c2e4e4ec899c77060381efef6e2b18d9583d4bce	77.40	70.26	86.16	0.00	0.00	0.00	137	58	22	0	1	6
20120106_www.rbc.ru_9de3f8c98565dbf813e1dc0ee7fe858058b486556e7632b7ae132691	75.42	85.84	67.25	0.00	0.00	0.00	382	63	186	0	0	13
20120117_news.vdv-s.ru_2f8de7cf4d3452ac2db6f37d13200fec986021f3336a8a7b8931c191	78.66	73.56	84.53	0.00	0.00	0.00	153	55	28	0	4	7
20111128_www.gazeta.ru_6c0acb5d065e76f57a212807e5dc2c1c9fa84ced5d212e2826b68bba	2.33	1.88	3.09	0.00	0.00	0.00	3	157	94	0	0	2
20120117_novostimira.com_89caeb1d83e485e88e05b68ada2bfaacce54e8e5cea0e90556c30761	29.27	17.65	85.71	0.00	0.00	0.00	132	616	22	0	0	5
20120106_fedpress.ru_73f28aa90c78276cdc79ec3ef8c1b76d0a4597fc758a0937095617da	75.80	81.94	70.52	0.00	0.00	0.00	177	39	74	0	0	6
20120106_www.ria.ru_7f29ab13be7012fa4d0697b37842464f5fab21a186d722cb6178d251	33.96	21.30	83.78	0.00	0.00	0.00	315	1164	61	0	25	11
20120106_www.mk.ru_925812eec2e8ead92b3d2d9769cf9f4cc3cf36c01542afcab76ff2bc	0.72	0.53	1.16	0.00	0.00	0.00	2	377	171	0	12	4
20120117_www.pravda.ru_68888a68fa69fd0df677b92c50edce4f8d60e4dc4345546c908fedc8	62.86	50.15	84.18	0.00	0.00	0.00	165	164	31	0	0	6
20111128_veved.ru_e6b94e8edabcfb9236cf7032cab266b1b2078c644a54d1a02bf4db8b	88.33	90.52	86.25	0.00	0.00	0.00	439	46	70	0	0	14
20120106_www.regnum.ru_5ea350ca1731a56c9ec962530657c5a888a6b093b716e73ff9716bc2	35.62	51.59	27.20	0.00	0.00	0.00	65	61	174	0	2	9
20120117_omsk-times.ru_7a0a159e051a7d83f83c718ab0e6784197a74ce14c0991fa43327c37	73.00	67.59	79.35	0.00	0.00	0.00	73	35	19	0	1	4
20111209_life.comments.ua_4229a5c93d87864b9e6e262fb654b76e316bf45d1fdabfb1f1d98f95	76.52	68.94	85.96	0.00	0.00	0.00	202	91	33	0	1	8
20120106_www.ria.ru_dae988a9974d99898ea7607c52c81c903dc469acbdd0ab1110f52c02	14.92	8.76	50.34	0.00	0.00	0.00	148	1542	146	0	23	11
20111128_www.argumenti.ru_be21cce9cc0c17a4811702603ad0cb82afcbdd32fe0d26093575449e	65.82	81.13	55.36	0.00	0.00	0.00	258	60	208	0	3	10
20111209_www.profinews.com.ua_a6e507d0bc2a2d16425421b2edf86681f9ef1a3093c01b710f703d6a	81.21	82.97	79.51	0.00	0.00	0.00	229	47	59	0	3	6
20120106_www.ria.ru_34361154a23f529006256a654692cc256ca859a19dc0f6f018a076f7	31.32	21.10	60.73	0.00	0.00	0.00	283	1058	183	0	29	18
20120106_www.nr2.ru_e411c27e03a56c423624eb693a1d7431a2eb0c9a8a38f2d457474efc	79.81	72.46	88.82	0.00	0.00	0.00	413	157	52	0	13	10
20111128_www.argumenti.ru_cdafa92c8e21a65094c97379581e6aa23b675ce928564cbad43a8f6a	70.82	70.59	71.05	0.00	0.00	0.00	108	45	44	0	2	6
20120106_saratov.kp.ru_b75c2de73f16547855914744f1c2f986075e0e98e1462b36cb68bb39	0.72	0.61	0.86	0.00	0.00	0.00	3	489	344	0	16	7
20120117_pln-pskov.ru_ca3e20f824a77c1599d707340ec6f89a171f8ffc689af27627dc2968	72.73	66.17	80.73	0.00	0.00	0.00	88	45	21	0	3	6
20111209_www.regnum.ru_390fcad04260783ea96a5bed16a9f654777fee12ee6f1ce243163e31	75.34	70.20	81.29	0.00	0.00	0.00	139	59	32	0	2	3
20120117_www.aif.ru_a7a2b954a2707bdba78a221747044782454c7e7c29ea9ac74797aa01	77.26	71.11	84.58	0.00	0.00	0.00	192	78	35	0	6	8
20111128_gorodlip.ru_d8a37399572148f53db84da1e4beb795915a508b97023d958cfeb983	78.79	78.24	79.34	0.00	0.00	0.00	169	47	44	0	6	8
20111128_ubr.ua_ed8680ca9497c6e01814b8be69009bb9d4613a38c2a36a533ef27933	1.20	0.80	2.38	0.00	0.00	0.00	3	370	123	0	9	5
20111128_globalist.org.ua_5be549e96570e486891bf881eacbfddb2d6908f251c2d23bffe7e213	82.83	83.39	82.27	0.00	0.00	0.00	246	49	53	0	5	7
20120117_www.amur.info_6443a3c4f43e909a0b1be0663d859d2851e9580b73ef791bf728e71f	89.66	85.71	93.98	0.00	0.00	0.00	390	65	25	0	0	6
20120106_newsru.co.il_3ad15acc5ce87890828835c3d4d299f8d03e47e2636c4930e548cf66	50.41	48.42	52.57	0.00	0.00	0.00	92	98	83	0	3	8
20120106_www.regnum.ru_0499069aa430b9e9d88c8f172c978ef70745d000686903a15254f16d	85.65	82.22	89.37	0.00	0.00	0.00	883	191	105	0	14	16
20120106_www.newsru.com_1a91a63e0072a3c2afba0eda3d830e458319c5849a3318af3066c419	79.20	81.79	76.77	0.00	0.00	0.00	476	106	144	0	14	18
20111128_www.pravda.ru_ca2831b2776caab499f7d4089b80813eeedac9bc1e8920068c8e4972	74.43	69.63	79.93	0.00	0.00	0.00	243	106	61	0	0	9
20120117_www.argumenti.ru_24d2793e8210bef73d9c5552b74f8f93cd50f14cc6ccd7798c77ba79	69.08	66.15	72.27	0.00	0.00	0.00	86	44	33	0	0	6
20120106_tengrinews.kz_ed77af7b4de973f4ac7f4470fbb98c2acab3723cfd23c5dc9349255b	61.44	52.13	74.81	0.00	0.00	0.00	98	90	33	0	0	5
20120106_www.objectiv.tv_1876c342c825d0d55a82f91bb831095b8bd91b8e4260191a188245cb	3.38	2.63	4.72	0.00	0.00	0.00	11	407	222	0	12	7
20120106_rus.ruvr.ru_cbf5c80b8489db267e531a296f5cdddba82bc5d93ce48d2f69b9e3d6	76.20	68.71	85.53	0.00	0.00	0.00	325	148	55	0	0	9
20120106_rus.ruvr.ru_a6dd099050e32e54018a737dc6ebd189a7516bb4de909eea014f2057	68.80	60.53	79.70	0.00	0.00	0.00	322	210	82	0	0	12
20111209_www.regnum.ru_5bc9ac4324d46c89b7a9fa7a32794ca6e21dcf231fc2962b9e4a938b	57.38	63.58	52.28	0.00	0.00	0.00	103	59	94	0	3	6
20111209_www.medicinform.net_385707b66bcc2eff8c627aa2c253de8023b356153ca318b57eca95ba	43.99	31.29	74.05	0.00	0.00	0.00	97	213	34	0	5	4
20120117_www.9111.ru_e2e47b234353771176e7da60db97f5417e13ecd58f7d6cef61553432	1.94	1.86	2.03	0.00	0.00	0.00	3	158	145	0	0	6
20111128_prm.ru_1e627e2f5da52271de697836d25f7e848085d516e2d4982ac7863973	54.99	57.14	53.00	0.00	0.00	0.00	168	126	149	0	0	5
20111209_kurskweb.ru_0cbd3006d5c3cf6a44e59909e6bb93a78ef3596c0cf4bf23ea3c79c6	82.73	80.89	84.65	0.00	0.00	0.00	182	43	33	0	1	7
20120117_www.aif.ru_dce59edee65574969667311668737fed5eaccd473430301530a88e32	72.65	63.41	85.05	0.00	0.00	0.00	182	105	32	0	6	7
20120117_medicina.ua_be8c534c34dce9d78e68186d0a801c87ad4be2388e5045e05d58a7d0	69.06	60.38	80.67	0.00	0.00	0.00	96	63	23	0	2	4
20111128_news.bcm.ru_612395c1206be9b438b4eb493abe4b9c4b436263f490185758c3073e	72.06	62.29	85.47	0.00	0.00	0.00	147	89	25	0	0	5
20120106_news.liga.net_bea4e3c07b0e369b410c4bce2657ccd027df9595b1640b320a8a870a	71.66	68.53	75.10	0.00	0.00	0.00	196	90	65	0	0	10
20120117_www.aif.ua_ba56626e454701098f0c2d7c287ba60b5e027dcff50189015b444379	78.82	72.30	86.64	0.00	0.00	0.00	201	77	31	0	3	8
20120106_www.newsru.com_ad086f34fd28d9c4e33cd4cc7c45200b406f465c6c99e0c6c03effc5	73.47	76.12	71.00	0.00	0.00	0.00	306	96	125	0	7	11
20120106_www.aif.ru_47f630ae70a185204c0848a1b5c565182c07b0f8afcb874c5866fe48	1.70	0.99	5.97	0.00	0.00	0.00	16	1598	252	0	37	8
20120106_top.rbc.ru_33a7b32079a929ba92132315cd0c3e5ec1c15ebf88b3db82697fd583	66.32	63.64	69.23	0.00	0.00	0.00	126	72	56	0	6	7
20120106_www.health-ua.org_8ea8618c460350ff3b44f5a4ee2e0e1add6370e519925d6422189e90	72.40	80.79	65.59	0.00	0.00	0.00	244	58	128	0	8	13
20120106_rus.ruvr.ru_10482b7b0a197fc54a4eb42f4ccbbbac8334cd53c182dfb63ebb8157	70.62	59.64	86.57	0.00	0.00	0.00	232	157	36	0	0	6
20120106_tiras.ru_a8ac1a3f8f25605853e24d4efcd409bc412fdc50beb8af6794b871cc	65.66	58.00	75.65	0.00	0.00	0.00	87	63	28	0	1	4
20111128_www.pravda.ru_27bffe1b5efb7f55921254f786a83f2d2856be99f278bd9c8bf0896a	73.48	68.25	79.58	0.00	0.00	0.00	230	107	59	0	0	8
20111209_medportal.ru_0468ef9dd22197e37bbfa27d019c37f591209f25e553699e379a191c	78.95	75.00	83.33	0.00	0.00	0.00	180	60	36	0	5	7
20120117_www.tverlife.ru_931381a532cd08822c0b77d1ebf260b748bebc663b20cb85a73a7fd8	50.67	35.26	90.00	0.00	0.00	0.00	189	347	21	0	16	6
20120117_www.zabinfo.ru_a8e761fd4d1b7c2c194fa2771f16fed53ebff860edcf42a1ab46ee69	80.88	76.39	85.94	0.00	0.00	0.00	165	51	27	0	0	6
20120106_www.vz.ru_574f47be259cb32afcdea3b4a616ad67b52deeb0ce356f617b5c4e5b	68.68	69.43	67.95	0.00	0.00	0.00	159	70	75	0	3	7
20120117_amur.kp.ru_db49177b09dc18c652d8e00a07ebce62115931394d912c94a825ba43	26.96	23.37	31.85	0.00	0.00	0.00	43	141	92	0	0	6
20111209_kurskweb.ru_89d2fbdb45d0d08892f5a2c4b69fab7487e22b6e9d97a41f7a8cbd5e	82.52	80.95	84.16	0.00	0.00	0.00	170	40	32	0	2	7
20120106_rus.ruvr.ru_9c8301660644efef49fbaa51cee88e5e99a1368e147ca5d978151887	66.13	56.04	80.63	0.00	0.00	0.00	204	160	49	0	0	7
20111209_podrobnosti.ua_3c23469ada46556111db75f2bbf6b5c8d4ecd3c2d493cf50c02ae210	77.24	73.04	81.95	0.00	0.00	0.00	168	62	37	0	1	5
20120106_www.regnum.ru_698ed2763766604d29a5d7cd114dcc5267a1de255f7ea6274a8f3ab0	50.18	67.48	39.94	0.00	0.00	0.00	139	67	209	0	2	6
20120117_www.bankfax.ru_4f20a65dd86ac9a4f42b058fc4e24a90d011f3a8814bab4f4cf940ec	22.59	13.13	80.95	0.00	0.00	0.00	68	450	16	0	1	4
20120106_ivona.bigmir.net_e2b3b52c46918b33a21f0c2c6fd7c14df124641ec7962d2508567d89	70.40	64.00	78.22	0.00	0.00	0.00	176	99	49	0	1	9
20111128_www.from-ua.com_ace40a3654c2a925138e46a10cf05a27ea5cf9fccbb7858ef6405b64	84.49	83.33	85.67	0.00	0.00	0.00	305	61	51	0	0	9
20120106_www.newsru.com_7acb8f34117eb77ac8b38d5a12bd86805f38657dc468f3c9e2f8ead8	66.22	70.36	62.54	0.00	0.00	0.00	197	83	118	0	6	10
20120106_www.newsru.com_3cc03dc13c51c45cc005192493d338f9ec23e0cfa5cfc78721e89f28	67.95	70.77	65.34	0.00	0.00	0.00	230	95	122	0	7	11
20120106_www.regnum.ru_b1d108a915c7e9f07f25f4388ae14f3fd60ebc499f71c5ccdba8f0be	66.24	61.75	71.43	0.00	0.00	0.00	155	96	62	0	3	6
20120106_www.baikal-daily.ru_4d03f94d8fd5cdf97dd80e1e3bd661f57e3eb3d955156e9a6c38a552	81.95	83.17	80.77	0.00	0.00	0.00	168	34	40	0	0	7
20111128_news.bcm.ru_f1419d22979d6c691f2531742718e2144783b692018049d5f54a0f9c	85.88	84.50	87.31	0.00	0.00	0.00	289	53	42	0	0	8
20120106_www.ria.ru_20f18ab50b99825191bb0198434800d93ed7499840be42f83e1ddc8a	21.24	12.43	72.94	0.00	0.00	0.00	159	1120	59	0	22	8
20120106_www.ntv.ru_902972a735c13e28e92e7b5780c450ba7f201e52780f41be74f0498d	72.16	78.48	66.79	0.00	0.00	0.00	350	96	174	0	0	14
20120117_www.rg.ru_425ebb7e3028b9d4ff8157a6ff47c62cc723822de0b5f40976d38471	80.56	74.72	87.39	0.00	0.00	0.00	201	68	29	0	6	7
20120106_rus.ruvr.ru_954487f51fe0cdd6c9fa51a2e31e0c5739e5e3915cabb7ee2607b9bb	0.74	0.63	0.88	0.00	0.00	0.00	2	315	224	0	6	5
20120117_podrobnosti.ua_4493a21ef66dd94e0ed46ded15d0472d097d24273bf72a3798b6bfc2	27.72	16.61	83.61	0.00	0.00	0.00	102	512	20	0	2	5
20120106_4geo.ru_da79c1f1b11cb8e4ecac8702ab9f754c2213abfa4b5b055b5fffb5a3	51.16	50.57	51.76	0.00	0.00	0.00	44	43	41	0	0	3
20111209_www.from-ua.com_a167986f72fb86473423c8b36255f5d2c4bbc2e78bb8717180731b1a	80.00	77.59	82.57	0.00	0.00	0.00	180	52	38	0	0	6
20120106_www.newsru.com_0b070cc4e82ec1acce4fea201186feaa70c969ca0e8d22ac363e868a	84.56	85.83	83.33	0.00	0.00	0.00	860	142	172	0	21	26
20111209_glavcom.ua_da7ef7f7afd4283aa29b892498ada013ab33c6c87acc1d7c3662d9cc	69.83	62.03	79.89	0.00	0.00	0.00	147	90	37	0	4	5
20111128_www.aif.ru_252b43f4faece558ef50829e48585bf4bf29dcc45a9b11e2657f7e73	68.74	60.14	80.19	0.00	0.00	0.00	166	110	41	0	6	6
20111128_www.health-ua.org_32f4fc9c9ac1b6310bb65c65e4d053b0159cff2bd4e53e3cf14f3b0a	74.21	80.92	68.52	0.00	0.00	0.00	246	58	113	0	6	11
20120117_www.regnum.ru_5e974f524a73b85fcc3d8971b53a898b8ea81bd560ce7f4e89e5134e	74.64	69.96	80.00	0.00	0.00	0.00	156	67	39	0	4	7
20111128_www.argumenti.ru_e6cfe32f454066b47a2cc18825563f7d1fce16a3d4f4d496d07f9cb7	63.27	81.85	51.57	0.00	0.00	0.00	230	51	216	0	2	13
20120106_tiras.ru_348ef5af5f140200b7ba83bcdd26e30cf3060de1552e9571c4ff531d	50.89	48.51	53.52	0.00	0.00	0.00	114	121	99	0	1	6
20111128_www.utro.ru_6f87a77ee82ea8623b44ea3d6fc0b5991f47c2234d520a29f5140096	50.45	79.43	36.96	0.00	0.00	0.00	224	58	382	0	0	27
20111209_www.news.nashbryansk.ru_6368eecacdbef694fd68e4d3ba2d9e28127f1fe0ddd95e728f0f3e34	85.09	79.68	91.30	0.00	0.00	0.00	451	115	43	0	8	9
20120106_www.ria.ru_ecab1113d544619f44e1b612b5946015a224e818817918184b42e821	9.40	5.25	44.97	0.00	0.00	0.00	67	1209	82	0	21	6
20111128_www.rg.ru_8ec829733ea6b6e5d210f3c576505b8d8537febec29da1a74ace7dec	75.76	69.76	82.90	0.00	0.00	0.00	286	124	59	0	9	9
20120117_www.krsk.kp.ru_efe952742da53e9095a25ee3e25e361f703ec489b91417eb93d607c6	75.23	71.06	79.90	0.00	0.00	0.00	167	68	42	0	7	9
20120117_news.bigmir.net_435a7d809723a5eadd129d775236a1e87ba3c761ef6a6232f959398f	58.71	45.59	82.42	0.00	0.00	0.00	150	179	32	0	1	8
20120106_rus.ruvr.ru_7af3c3015646058a6271387cf6ceadd752248627dc6beafd18873a10	61.88	51.11	78.41	0.00	0.00	0.00	138	132	38	0	0	5
20120106_rus.ruvr.ru_201874024c9e7296d4e68008f4d3604533cc1751335aadc6f598d91a	2.25	1.55	4.10	0.00	0.00	0.00	5	318	117	0	6	5
20111209_www.utro.ru_64966d8a81c1e36b7f5924157c935c59845398e72f17a793746986f4	75.67	81.78	70.41	0.00	0.00	0.00	395	88	166	0	1	15
20120106_www.regnum.ru_7e0f85b355f6099930e5edc2852f70f051239c50aa9314304cca365b	80.00	77.88	82.24	0.00	0.00	0.00	426	121	92	0	7	9
20120106_www.nr2.ru_e4d7196ecdc3760ad5e14a283aedbc93f81a0f9ef0097b18d3bdd5ef	1.20	0.90	1.81	0.00	0.00	0.00	3	330	163	0	0	5
20120106_www.newsru.com_621a1d59e85615519ae66e37f01d82a1db6298ec0ca37d1d17512fb3	67.02	69.57	64.65	0.00	0.00	0.00	192	84	105	0	9	11
20120106_rus.delfi.ee_42f389d95f6d25a7104c706211b7df6a271bd42230d318a6a97fff70	77.56	72.94	82.81	0.00	0.00	0.00	159	59	33	0	3	5
20120106_rus.ruvr.ru_7ed22df2ffb6952d9e74611b212b0071c335df7ac1bb8924bb0231aa	82.02	73.01	93.57	0.00	0.00	0.00	422	156	29	0	0	4
20111209_life.comments.ua_413445fcf5fda9b6746c9c34097c7995ec2b801d4d5d87762b8d5263	71.56	62.15	84.32	0.00	0.00	0.00	156	95	29	0	1	5
20120106_podrobnosti.ua_ffd2d278eebbe5c243770afb049d2093e442f848a7ad58bb3f708cab	28.57	17.88	71.05	0.00	0.00	0.00	81	372	33	0	2	5
20120106_inopressa.ru_5347f152e35fa50bdc5c7b71e91fdcab0ee924e147b6a77e00c4ab2f	20.78	13.56	44.44	0.00	0.00	0.00	40	255	50	0	2	5
20120106_www.ria.ru_3bd41a95753e1381dcf18287aae31e25a823e33a19e206ddebd5ea9f	64.88	66.40	63.42	0.00	0.00	0.00	652	330	376	0	23	25
20120106_www.nr2.ru_413d33998faf4052b4d53db62cd3294a3910c8b24dbf0bea894652b7	1.35	0.90	2.68	0.00	0.00	0.00	3	330	109	0	0	4
20120117_vechirka.kiev.ua_5e96086a62e756565a43ef700524f872888b149b8264cbd095605678	43.32	30.52	74.60	0.00	0.00	0.00	47	107	16	0	1	3
20120117_www.aif.ru_ea29c469ec4c897bc00b0ce55763e97f3a54140a67185148ad734f32	1.60	1.05	3.41	0.00	0.00	0.00	3	284	85	0	6	7
20120106_www.ria.ru_c82a4fd390143702a94960f7d2146a45fe7dd8a32727936439be6d96	10.86	5.91	66.33	0.00	0.00	0.00	65	1034	33	0	20	5
20111209_www.regnum.ru_799bdf6955e6b3414bcf437052ee6b7edc25d61bb152b8abaa49fb4e	72.81	71.30	74.40	0.00	0.00	0.00	154	62	53	0	1	3
20120117_www.regnum.ru_44d1177e6d6669aea0144a3fc575cd9880cbe2a2b142043cd0be4f93	61.64	71.28	54.30	0.00	0.00	0.00	139	56	117	0	4	8
20120117_ivona.bigmir.net_b28687a47406c8e9f07bc02733c7d72d30362c16d3cf0cd260cc5c57	61.98	50.13	81.17	0.00	0.00	0.00	194	193	45	0	10	12
20120106_www.19rus.info_0e04f91eba72b04f9b8e7c477e0ca01e2c1538aa21a4d184dc610e1f	52.90	41.76	72.15	0.00	0.00	0.00	114	159	44	0	0	7
20111128_medportal.ru_5373dbb4efcf35c8e37ec4bb2acffbc1138e77d16d7f37bf40b7c967	78.50	74.67	82.76	0.00	0.00	0.00	168	57	35	0	5	6
