file	F	P	R	F.tag	P.tag	R.tag	TP	FP	FN	TP.tag	FP.tag	FN.tag
20120117_big5.xinhuanet.com_5f7f9444353f95b6c7518ad991509ade97d04238e499aad869ac29b4	30.30	38.46	25.00	80.00	100.00	66.67	5	8	15	4	0	2
20120112_udn.com_70202d9eb7946cbfed2a44bfd38c0e94503cfb8198d97aabd5f331fe	22.22	37.50	15.79	40.00	100.00	25.00	3	5	16	1	0	3
20120117_news.sina.com.cn_6a8048c439cb1aef53909a39d207aa8b359cdac657260385da57c2e6	76.40	75.56	77.27	94.12	100.00	88.89	34	11	10	16	0	2
20120117_news.cnyes.com_2db0d93e96d90ddb1b1238032fe326cca2807410ba42bb6ea6417b58	51.85	51.85	51.85	82.35	87.50	77.78	14	13	13	7	1	2
20120117_news.sina.com.hk_ce85f208a65c745a73a15f8be1662e52f3664e1d21ac51e0f758fd8c	17.78	22.22	14.81	44.44	100.00	28.57	4	14	23	2	0	5
20111215_finance.ifeng.com_2ebe785ae70cc924e6d78a61cfb3bbe9e418d8ee1ccfbb9f29585e03	22.58	17.95	30.43	60.00	75.00	50.00	7	32	16	3	1	3
20120112_www.jfdaily.com_a163a9d32674060a78c2e5f3d85a3d99f946b95ac151cb04cc8ceaf3	4.88	3.12	11.11	0.00	0.00	0.00	3	93	24	0	0	8
20120112_news.sina.com.hk_61c22616d643454ee46af79eb6feff8de6a9a4f5c965129bf7e2c7b9	29.27	22.64	41.38	50.00	50.00	50.00	12	41	17	4	4	4
20120117_news.sina.com.tw_cdae9ea7d9d69b31c2189a800f96d0ce218b727414c4eaf954be01f4	36.14	26.79	55.56	80.00	85.71	75.00	15	41	12	6	1	2
20120112_mnc.people.com.cn_8c642d4bc2cce3bf8d8018e18851cdd5bdae940ab1da9f1a9e93214d	62.50	65.79	59.52	93.33	100.00	87.50	25	13	17	14	0	2
20120112_news.hexun.com_3e9a936bbc721ebc707456dff07a5af4ffd11188b4b3d5000cc56db9	17.46	11.96	32.35	66.67	87.50	53.85	11	81	23	7	1	6
20120112_news.chinatimes.com_e998ec0102accd2f573ca7998f029576a3cd7d1e09ad10d5df3b6d61	26.32	35.71	20.83	80.00	100.00	66.67	5	9	19	4	0	2
20120117_member.nownews.com_da91518f33c9dcc7c7d3a3b2a502aa5945877e098fd55ec1fc05643f	12.50	11.54	13.64	25.00	100.00	14.29	3	23	19	1	0	6
20120112_iservice.libertytimes.com.tw_7c67349bdc47840732a1e335662bf8d62d64001f1c9c7ff19d7baac8	31.25	28.57	34.48	0.00	0.00	0.00	10	25	19	0	0	6
20120117_finance.ynet.com_660acfc31310c59631135a660b50de3a4abf75a443e1faa519783369	25.42	19.23	37.50	93.33	87.50	100.00	15	63	25	14	2	0
20120112_money.gucheng.com_b5a9f9b57ba46d4456e8ae6d2fbf78fa9cfdf38a6dda636ac0a0fbb2	5.71	50.00	3.03	0.00	0.00	0.00	1	1	32	0	0	12
20120112_www.awakeningtw.com_2fbe31afa40df01777b0eb38f9645a3656d8131b0cc91eb4a4fd27ef	23.53	18.75	31.58	83.33	71.43	100.00	6	26	13	5	2	0
20120112_biz.caixun.com_44f113af12f514217bc1106fb2a3bca051899b1969229cd8f8aeef92	9.09	7.53	11.48	26.09	100.00	15.00	7	86	54	3	0	17
20120112_xm.city.ifeng.com_132b367e56a650b9d106ecce3fea7c9db7d416c6195f748d11df32dd	9.17	5.81	21.74	88.89	100.00	80.00	5	81	18	4	0	1
20120112_tech.hexun.com_231edef93acd0248eb06acf775ef87ab5c3d35a4ab5ba14b356a71d7	26.67	21.62	34.78	85.71	100.00	75.00	8	29	15	6	0	2
20120117_www.bcc.com.tw_1adf7f2fd9d20102a2abfe045d6bc4bc2890a43554caea3b81ab0787	3.77	3.12	4.76	0.00	0.00	0.00	1	31	20	0	0	5
20120117_www.chinanews.com_d9eaa2170bd09b9271425a86c1b2e5fdd1b6df7bad81a4704e67b2fe	22.40	15.73	38.89	86.96	90.91	83.33	14	75	22	10	1	2
20120112_ent.sina.com.cn_c5a153225f665536f613ad25dc18aecca8b0d00a31c8e22d8f883e00	45.98	39.22	55.56	82.76	80.00	85.71	20	31	16	12	3	2
20111215_society.people.com.cn_a3f27fa4f6cf875f8d31a1cdbab3eedb48a2d8b6e427dff44e9b5f7b	39.02	40.00	38.10	90.91	100.00	83.33	8	12	13	5	0	1
20120112_www.chinanews.com_18767c5838f6b170dafaea3cfb06386585f28dd2206542e329630503	17.39	11.76	33.33	80.00	80.00	80.00	10	75	20	8	2	2
20120117_news.sina.com.hk_b60b4a19ac1fa1d17c371df7472e42d1d756622ea1a175eed692cd00	28.57	20.93	45.00	54.55	50.00	60.00	9	34	11	3	3	2
20120112_www.northnews.cn_4d6498d17ea6776c3c041f724f7b6d94afb1dbac1dc2d6ce8d7fb622	28.92	23.53	37.50	55.56	83.33	41.67	12	39	20	5	1	7
20120117_news.sina.com.hk_d6cd3fe9f4068683084de1736089283335131103b6b763f3230f6c1e	55.81	52.94	59.02	78.26	85.71	72.00	36	32	25	18	3	7
20120112_big5.xinhuanet.com_774599098d724d50297cf3aef5aa2640c541f45fb1e7fe2c7bb7732a	15.11	8.90	50.00	27.78	17.24	71.43	17	174	17	5	24	2
20120117_finance.qq.com_260568c255fdb20b4f0f17f9b5e812591ddccc2cafdc2fcc013d62db	10.00	10.53	9.52	28.57	100.00	16.67	2	17	19	1	0	5
20120112_news.ifeng.com_e107198ed5bf2ff31ad85d3ffa2cffeb77da255a877aca1d08cd6e19	12.90	25.45	8.64	29.21	100.00	17.11	14	41	148	13	0	63
20120117_digital.sina.com.hk_1df37807f0775706ffaa5c7b5eaadcc0962f3e67c2dc81470726ae0e	60.87	57.38	64.81	66.67	71.43	62.50	35	26	19	5	2	3
20111215_news.21cn.com_e4a6beeca1324dd8e853a96e74e8f6078839ebeed10de8a77ced7f7f	22.86	22.22	23.53	57.14	66.67	50.00	4	14	13	2	1	2
20111215_news.163.com_5194a8b3cb9b07f87c5bad393f14312f3e7b7b87d974e67fd4429f0b	43.75	38.89	50.00	87.50	100.00	77.78	14	22	14	7	0	2
20120112_iservice.libertytimes.com.tw_0f107ba8a3770009b396467af3db198d4cad0c5af95eae06b8476bf6	12.00	10.71	13.64	0.00	0.00	0.00	3	25	19	0	0	6
20111209_www.cnstock.com_4d57ba998dd48bc7aadfc3eba1cd5f0527c436e9e20f020d208858cb	26.32	25.00	27.78	57.14	66.67	50.00	5	15	13	2	1	2
20111215_news.ifeng.com_5d3d22d1931a75a38e71fa61a01a484f05d7ff277044135ed275be6f	45.95	38.64	56.67	76.19	80.00	72.73	17	27	13	8	2	3
20120112_life.chinatimes.com_0148a12fbfcffbd8d771db826b6af164de5dc687acd71d624aa4842a	29.79	31.82	28.00	92.31	100.00	85.71	7	15	18	6	0	1
20111215_news.sina.com.cn_bd3178e4a4feb52e7a282159e577f26e60a3a69f15b5b3138666e738	42.55	30.30	71.43	92.86	100.00	86.67	30	69	12	13	0	2
20111215_finance.ifeng.com_96c4a559d7ef5f9357153996249f7626c36c313c032be42415659f9e	40.00	31.82	53.85	73.68	87.50	63.64	21	45	18	7	1	4
20120117_www.rthk.org.hk_33ab20898cb0ae8757794a9daf9b75f0a22e01f72657b03d61593f4e	90.61	96.88	85.10	66.67	100.00	50.00	217	7	38	3	0	3
20120112_big5.xinhuanet.com_db34279c128eb37aa42d87061ac37c707a90c005bad6d4c88ba084ee	32.61	31.25	34.09	90.32	100.00	82.35	15	33	29	14	0	3
20120117_www.ttv.com.tw_6b216dea3dac1ec23f71da42f3c1b1f9c3fa7239dc68bd2661225a8a	2.84	1.83	6.25	22.22	100.00	12.50	2	107	30	1	0	7
20120117_finance.ifeng.com_72a1d43e9fe5bc73075f815184974e258af7222c0069bbf6f1d2e018	65.15	57.14	75.76	95.77	97.14	94.44	100	75	32	34	1	2
20120112_iservice.libertytimes.com.tw_1d19345493551784a2a545a98143ad993978b561330caeb20f0a6c65	12.00	10.71	13.64	0.00	0.00	0.00	3	25	19	0	0	6
20120117_big5.xinhuanet.com_2c2fb8d2e9a862f7dceccbfec8c756c8e53058e5557107298ec1d4d1	11.54	19.35	8.22	27.03	100.00	15.62	6	25	67	5	0	27
20111209_china.newssc.org_bb91803c879e0a146538fb1b6b079f8fdca25df183232451a9bd80dc	33.55	30.95	36.62	96.15	100.00	92.59	26	58	45	25	0	2
20120112_news.cnyes.com_5ff56ea0081038337137ea72becd107f698876575c825d86de9ed65c	19.51	17.39	22.22	40.00	40.00	40.00	4	19	14	2	3	3
20120112_www.chinanews.com_9a5f53492be2b3103f3c8bc570ebf714d8c94acb2965d5fa75666f77	20.83	16.30	28.85	80.00	100.00	66.67	15	77	37	14	0	7
20120112_taiwan.huanqiu.com_ced409ff55b7c2a6cbecf1bba333bcc06214c90e2555d26cac4d3d8a	29.63	27.59	32.00	80.00	100.00	66.67	8	21	17	4	0	2
20120117_ent.sina.com.cn_70b17ec98774a59e77dee47dd75998a9c77ff92485088cd466bc6ef6	30.51	24.32	40.91	71.43	71.43	71.43	9	28	13	5	2	2
20120117_n.yam.com_628e192ea8224722b0282d8e47fa0f8c0e1bfc807a299633710850fd	40.68	34.29	50.00	66.67	54.55	85.71	12	23	12	6	5	1
20111215_finance.ifeng.com_10ac0c855e0f68a99362430f6d018d74220af2e3b4aa78861d946f5c	5.30	2.84	40.00	76.92	62.50	100.00	8	274	12	5	3	0
20120117_www.uho.com.tw_193667c6b6dad84cf5715ae7c05f66934fce45abc074b83b72abd4fd	28.57	27.78	29.41	75.00	100.00	60.00	5	13	12	3	0	2
20120112_news.hexun.com_fa183956e8d619ed3a371634cc06e0609927cc3456a272a071f45ac4	17.24	11.76	32.26	94.74	100.00	90.00	10	75	21	9	0	1
20120112_sports.163.com_f5f6edfa4f16d8e7a88c191c86ec99f253eb43d169d3633ebb4e71c2	34.69	33.33	36.17	86.67	92.86	81.25	17	34	30	13	1	3
20120117_member.nownews.com_b84c2ed3df1d06646107d38bc32fb999e4ed93a2456070b53c3d7eae	10.17	6.32	26.09	44.44	100.00	28.57	6	89	17	2	0	5
20111215_www.legaldaily.com.cn_69bd3a917f9bdd84ae8ec85a2ed8c7cf5fffcad2b76e59423922d6f5	80.00	87.50	73.68	95.45	100.00	91.30	42	6	15	21	0	2
20111215_www.voanews.com_fc0ebc63d318b8f334a6714e41438b84cda4caa8791b608a6f2b26d3	12.50	18.18	9.52	25.00	100.00	14.29	2	9	19	1	0	6
20120117_news.sina.com.tw_b08eb50adfa2a38385c59530a682e8240f9cc41d6abe821bb4cc0d55	9.17	6.25	17.24	20.00	100.00	11.11	5	75	24	1	0	8
20120117_ent.ifeng.com_e791c1ba0648c993c02531c486dabccf6e263924d8370834f3728432	17.81	18.84	16.88	52.17	100.00	35.29	13	56	64	12	0	22
20120117_n.yam.com_153aa61a85bc1593276f261c3704979326153808634829de701afc4b	33.90	28.57	41.67	55.56	45.45	71.43	10	25	14	5	6	2
20120117_tech.southcn.com_d7a2be41a68936577adac81d23f51dfa0c7de5cc8c5a4b6b793638b9	50.00	55.56	45.45	72.73	80.00	66.67	10	8	12	4	1	2
20120117_web.pts.org.tw_2f8947293f33ea7d57721cc2a765e78fbeda048197cea8aa753b5262	3.08	2.44	4.17	0.00	0.00	0.00	1	40	23	0	0	7
20120117_www.worldjournal.com_ec606962b3e49717db72a7e6b56cd1fc02c39207c7a69abebea3178b	22.09	13.53	60.00	90.00	81.82	100.00	18	115	12	9	2	0
20120117_n.yam.com_537b19fc060daa878b99e7e69b8cf5c517bb73261ec8f431b514f0d2	39.34	30.77	54.55	60.00	46.15	85.71	12	27	10	6	7	1
20120117_news.163.com_d3112a324723bcc03f7bec52d5e53c3dab4dadb8f36aad32b1612fbd	20.56	34.38	14.67	29.41	100.00	17.24	11	21	64	5	0	24
20120117_news.sina.com.tw_d829eed38bcf5880d349f8c9daa43d5c58a8c69f0aec02e5ecb9ee75	21.54	14.89	38.89	57.14	66.67	50.00	7	40	11	2	1	2
20120117_iservice.libertytimes.com.tw_53c9c02e9aaa773c4f5cbfc36ea0e04b2140bb0be2b375de8a6cd20d	11.11	10.00	12.50	0.00	0.00	0.00	3	27	21	0	0	7
20120117_go.rss.sina.com.cn_9e328a74722880866c153b9b8d0ffb55c54534cb0a55bcaa962756f2	43.84	36.36	55.17	85.71	100.00	75.00	16	28	13	6	0	2
20111209_news.xinhuanet.com_2cde90ef0eb59736062411a8eb78b772a0aa6b60eb06d0cbd6bb0f32	17.86	16.13	20.00	80.00	100.00	66.67	5	26	20	4	0	2
20120112_news.sina.com.tw_47ba97ae364f70cd1f160b3ac3f4e56ce0280891459d93c21f389ecf	40.00	29.82	60.71	82.35	87.50	77.78	17	40	11	7	1	2
20120117_n.yam.com_07c4072b11126ec3051010ae747e938b03f58b06391b6afe9e8a84a2	63.74	61.70	65.91	92.86	92.86	92.86	29	18	15	13	1	1
20111215_finance.ifeng.com_ee2528b86e102e1bb26c614aa3f4864d0839736820165d31c3b9ca62	15.69	11.11	26.67	66.67	66.67	66.67	4	32	11	2	1	1
20111215_www.chinanews.com_4a69b3607283e2eb5cf8abc98563d0266f359540aca03384b7ba03e3	7.14	50.00	3.85	0.00	0.00	0.00	1	1	25	0	0	8
20120117_biz.caixun.com_e46b253d9da640fe10b2f18e29ba668ab7a914d9d5f9e4d093d492f9	8.79	9.88	7.92	13.04	100.00	6.98	8	73	93	3	0	40
20120112_udn.com_292fa15844d51a70a348b7678e2ef3d2141768f4a725972815388cb2	40.00	53.85	31.82	60.00	75.00	50.00	7	6	15	3	1	3
20120117_life.chinatimes.com_8a01bbd5e7d9594f79e16c057d7cbbe09cdcfa8a08cc386949cf88b1	25.81	36.36	20.00	75.00	100.00	60.00	4	7	16	3	0	2
20120117_udn.com_ca400f53ef4129056c8fbdec3ea6ebd3d557a336c25c88ccf7891015	48.65	60.00	40.91	66.67	75.00	60.00	9	6	13	3	1	2
20120112_tech.hexun.com_1e16b8da098834d41def313b729f5d2a66e32b713234b5392434da3b	10.43	6.45	27.27	66.67	100.00	50.00	6	87	16	3	0	3
20120117_finance.qq.com_a445e3a4018f1a4760397b78787d22a99a2515b77871a55532cc2f27	9.30	10.53	8.33	25.00	100.00	14.29	2	17	22	1	0	6
20120112_stocks.caixun.com_17be7dec823cea22fc087950e03b71a2288517df011f26dc1e362510	27.67	26.92	28.46	20.00	100.00	11.11	35	95	88	3	0	24
20120117_news.rednet.cn_2089bd1b0ee41a34164fa81e88f4cf1269cddd03ae5d34bfaad082d4	12.99	10.20	17.86	46.15	42.86	50.00	5	44	23	3	4	3
20120117_life.chinatimes.com_a8681d0dabbdf768413103efe7c911342b7f8fb928cb0839b6affa7c	31.58	31.03	32.14	87.50	77.78	100.00	9	20	19	7	2	0
20120117_life.chinatimes.com_20018caa23570dc26c974e083d189bf664b6ceb36399df5528f9053f	32.73	45.00	25.71	87.50	100.00	77.78	9	11	26	7	0	2
20120112_www.tianjinwe.com_a9207f4334843b9204613520c5799b21be5dd04d6366277440d53c91	57.14	64.29	51.43	86.96	90.91	83.33	18	10	17	10	1	2
20120117_news.sina.com.cn_4d78576145fc3459c5c760665f5413f1ed72a0a537d1ab4308aaef75	48.98	35.29	80.00	80.00	72.73	88.89	36	66	9	8	3	1
20120112_big5.xinhuanet.com_5dbb5d39faa08e4112616e86402fc5447f8d072228bab45dc8e7d005	34.38	33.33	35.48	83.33	100.00	71.43	11	22	20	5	0	2
20120117_tech.sina.com.cn_4b3e1627f928b5f9e1a076dfd6aa6b2fb9ea85bab63eee5ce5220847	8.27	4.60	40.74	33.33	22.22	66.67	11	228	16	4	14	2
20120112_www.iask.ca_6460accad12386398b45755d87f69b0ef2117458dd51b2951bc9d7d9	11.62	6.82	39.34	33.33	21.62	72.73	24	328	37	8	29	3
20120112_go.rss.sina.com.cn_68ce56ded0f11275e7b9282381c1ae730abbb464a33bc1c288d3effa	72.03	68.12	76.42	97.03	96.08	98.00	94	44	29	49	2	1
20120112_t.cntv.cn_6b23666e15d96eef23f0ae8456a7c25e86a1a3f3a9a18d300b73eaa6	13.33	50.00	7.69	0.00	0.00	0.00	1	1	12	0	0	2
20120117_news.xinmin.cn_9ceb3bd584b4ca824a4260fc341981e514ea86b7998a45704fcb7ec1	62.50	66.67	58.82	90.91	100.00	83.33	20	10	14	10	0	2
20120117_www.uho.com.tw_dfb71b0c92300bd92a7976301d83411f11c47411a0c2be0e9560a149	32.26	35.71	29.41	75.00	100.00	60.00	5	9	12	3	0	2
20111215_tech.qq.com_efe7ac9c9cfe2aa78816e6c49d1395fbb9de569a16e9cab50762df79	61.33	65.71	57.50	89.66	100.00	81.25	23	12	17	13	0	3
20120117_tech.qq.com_068baaa8e2bb2882b2158b9f35dc062f3c10d96c6290a16525817d0c	72.34	73.91	70.83	85.71	100.00	75.00	34	12	14	6	0	2
20120112_ent.newssc.org_1d9c93f4f9836d160e4c33b6836b40caba1a3dfb00c6eb5961cf7907	28.57	26.42	31.11	92.86	100.00	86.67	14	39	31	13	0	2
20120117_member.nownews.com_8b313d63e3a357cdec583583c724bc007c4560e1344ce51650e57781	10.39	7.84	15.38	20.00	100.00	11.11	4	47	22	1	0	8
20120117_news.sznews.com_4e8043185f3957ad40a7e1c1e138e25e079997b8c0851214d3dcef10	28.57	21.28	43.48	0.00	0.00	0.00	10	37	13	0	0	3
20120117_news.163.com_300ad2e8125f507a72224340a21c1d685526143de29ae9d8707f966c	5.52	3.00	34.78	93.33	87.50	100.00	8	259	15	7	1	0
20120117_life.chinatimes.com_644b74abd8e2eff01dea16d9dc987b5ed3b5bf45013c359aa52df2a7	31.37	42.11	25.00	87.50	100.00	77.78	8	11	24	7	0	2
20120117_n.yam.com_f0b07bc7f9eadb005eb2ffc3b0a8f46eed6651b304b5f5a82bffc5bf	25.00	25.00	25.00	88.89	100.00	80.00	5	15	15	4	0	1
20120117_www.chinanews.com_fa5f49ddf2a5dfc59db6d0b7cb9993d36e9fd25a95ca996db629dc57	6.25	10.00	4.55	0.00	0.00	0.00	1	9	21	0	0	6
20120112_www.chinanews.com_71032e2b0e0e3725fe0ccb8f8291dcb16fa857d7cc55a2051cf1bfb3	20.29	13.86	37.84	85.71	85.71	85.71	14	87	23	12	2	2
20120112_www.taiwannews.com.tw_222ee4d72d4236e52af11bfa89c4fa15ff2d8759b2c31c9a594b2006	37.21	38.10	36.36	76.92	83.33	71.43	8	13	14	5	1	2
20120117_gansu.gansudaily.com.cn_41587f7d47c92be43f75a02127d43c026a6594fbb1f1e7c810158281	34.53	30.77	39.34	93.62	95.65	91.67	24	54	37	22	1	2
20120112_udn.com_181df04bd2a9bc02cd0fb7b0c434dc9417d32f2602f0841fd53b77cb	22.86	20.00	26.67	71.43	100.00	55.56	8	32	22	5	0	4
20120112_tech.sina.com.cn_e2bf9cedc479cba9756647e582bcc76c644d487478698a7317aac016	60.29	48.09	80.77	87.27	80.00	96.00	63	68	15	24	6	1
20111215_news.etnet.com.cn_7c8c00b9febecbb1f29402571c450185719940aa68a604409f8fd775	6.45	11.11	4.55	0.00	0.00	0.00	1	8	21	0	0	7
20120117_finance.huanqiu.com_371ddd8330897220bf1b9a60531e512d1a81f0bc6dbdeb6027d16736	44.44	44.44	44.44	91.67	100.00	84.62	16	20	20	11	0	2
20120117_iservice.libertytimes.com.tw_fd9a7a9a17524b4a448abf58f786aaeab64b0db47ceb9e75b14662aa	8.33	7.41	9.52	0.00	0.00	0.00	2	25	19	0	0	6
20120112_industry.caijing.com.cn_92548ce32a4b27815643c3b2d44914094f0ae87d6f0b232595fcd5c6	22.22	21.43	23.08	76.92	100.00	62.50	6	22	20	5	0	3
20120112_finance.huanqiu.com_753bdcca6dc18f7c5320b960ff2d473f6600aef62a5eed3872c32087	21.05	20.00	22.22	66.67	100.00	50.00	4	16	14	2	0	2
20120117_www.libertytimes.com.tw_d8c54d2324d46e202fb86e4656e45b7e6aa76e33964f6e048ade555c	46.81	42.31	52.38	90.91	100.00	83.33	11	15	10	5	0	1
20120117_ent.qq.com_499d3cc481c433bd99f321bd063476be6f33b1237c9a7d6bf05853c9	25.42	17.24	48.39	90.91	90.91	90.91	15	72	16	10	1	1
20120117_finance.ifeng.com_fd2de5210a20b4bf91dd55c2dc6596c2dcf6dccc3cdda4479450e265	52.17	48.65	56.25	87.50	100.00	77.78	18	19	14	7	0	2
20120117_www.northnews.cn_ceabbfa0ed09a62b70a8ecf079381576c2f06f1f6f438fdc88f945f8	35.71	27.78	50.00	88.89	100.00	80.00	15	39	15	8	0	2
20120112_news.sina.com.hk_5d903fe6b11fe2ff4c202763cd7f7b4204c90413b970e18db2c44cdf	14.81	10.53	25.00	28.57	25.00	33.33	4	34	12	1	3	2
20120117_tw.nextmedia.com_d7b95352135fc19234715bfe4e778efa2afdcbe95f2d96be334f2faa	2.94	2.70	3.23	0.00	0.00	0.00	1	36	30	0	0	10
20120112_sh.sina.com.cn_aa60052c00b6476a029313e13275721feb3d03010187fd12fcebd989	5.94	3.26	33.33	82.35	77.78	87.50	9	267	18	7	2	1
20111215_news.163.com_778b3953af2c6d68f2cf653d3672caeba692c3335b0771cc4584f3d8	6.25	7.14	5.56	0.00	0.00	0.00	1	13	17	0	0	3
20120112_www.ttv.com.tw_983095b98ad1f1640af15f0eca1df77a26dbe9bb965a5a0df9c8d043	2.90	1.83	6.90	22.22	100.00	12.50	2	107	27	1	0	7
20120112_it.chinabyte.com_78d7301170c8c45fb4baaa371667b803d76fe6bf2aad1684b4340aff	35.68	28.70	47.14	97.96	100.00	96.00	33	82	37	24	0	1
20120117_news.sina.com.tw_71c27ff5fc7556b3e9ef1eaeb6c89cefe691960e7f5da2c9e9561000	64.07	51.39	85.06	96.00	97.30	94.74	74	70	13	36	1	2
20120112_www.nownews.com_eb45d1946b6c142b49ee085e191d2fe389bbd6d71ffe5e55bd88c8eb	9.01	6.10	17.24	33.33	100.00	20.00	5	77	24	2	0	8
20120112_www.chinanews.com_03727cff74eb145266ad1e5bd91887772b3626d30038e1b4e03b92ae	3.28	1.98	9.52	50.00	100.00	33.33	2	99	19	1	0	2
20120112_life.caixun.com_6af116fbdd9c0872367f466773fbb3d070fb51c6ec6178ff9ea8cdb8	19.72	16.28	25.00	61.54	66.67	57.14	7	36	21	4	2	3
20120112_overseas.caijing.com.cn_a7959a724a66aa4c9997998b18eda96fb3170fed4543358332e813a8	32.61	30.61	34.88	89.66	100.00	81.25	15	34	28	13	0	3
20120117_finance.ifeng.com_bfbda7e2bf460fd444df776deb9badefb6521a57fd200068b7d9cc13	5.65	3.04	40.00	83.33	71.43	100.00	8	255	12	5	2	0
20120117_udn.com_6ae7f1bf7a111bc65f38c474117aba09cf35d3318e6a76302096a1f9	41.67	45.45	38.46	66.67	66.67	66.67	5	6	8	2	1	1
20111215_www.chinanews.com_5a397f8750f8eea12ad5875fd3310e3f506467f21d410db8d5d1e59b	6.90	50.00	3.70	0.00	0.00	0.00	1	1	26	0	0	9
20120117_news.chinatimes.com_c537e4c0c509e59740846a095b68fb82ec72cd637650eeec792cfc1d	24.18	20.75	28.95	60.61	43.48	100.00	11	42	27	10	13	0
20111209_china.huanqiu.com_1a3c15007326d6345369af9fdc8eeba42081db2adf4fd22b1cc48ad5	22.22	19.35	26.09	80.00	100.00	66.67	6	25	17	4	0	2
20120117_news.syd.com.cn_54b6565dec0be896168aa7b9d4154eca84d20e625b3cb2da4b2fb2a7	30.77	46.15	23.08	66.67	100.00	50.00	6	7	20	2	0	2
20120117_chinese.medicaldaily.com_0f446819acec6a23ca968d7a7947db13135cf9a27f98a573cb6cc57d	2.74	2.04	4.17	0.00	0.00	0.00	1	48	23	0	0	7
20120112_qy.gansudaily.com.cn_b0e63f3f6a1c5048ed2e4dd54df1064dc8251de07d7125c6a814797f	29.46	22.35	43.18	100.00	100.00	100.00	19	66	25	18	0	0
20120112_tw.nextmedia.com_0325774ab83ee2346d2c02e051bab3380c0a2457a528b50d9231cba7	2.15	4.35	1.43	0.00	0.00	0.00	1	22	69	0	0	23
20120117_tech.ifeng.com_1b63250195f04b37d6cb7bdf605d08b18667aade5a4fe7c2600be902	22.73	20.83	25.00	72.73	100.00	57.14	10	38	30	8	0	6
20120112_www.uho.com.tw_a6e901f3ccc667ea6026c3946bb9b4cc2bc10bc4c3aeb48b67dbcdef	32.26	35.71	29.41	75.00	100.00	60.00	5	9	12	3	0	2
20120112_www.ntdtv.com_0da8aef9415d9156c1fcb1a9f8f18dd145acbf72a17c0c4fc5a09755	3.08	3.33	2.86	0.00	0.00	0.00	1	29	34	0	0	10
20120117_news.163.com_6683566a8a715e40fcaf4fd3724fdec9be9bb591dbfb19f99c2794a0	29.79	24.14	38.89	75.00	75.00	75.00	7	22	11	3	1	1
20120112_big5.xinhuanet.com_d246f0bbe881fd063baa310219b8c1107b1021523ee4a05448c682cf	38.60	44.00	34.38	90.91	100.00	83.33	11	14	21	10	0	2
20120112_www.chinanews.com_565a8c91af8d9eaeb3f47a3cea8b705679c4da28e0667abf805ec4b8	17.65	30.00	12.50	57.14	100.00	40.00	3	7	21	2	0	3
20120117_tech.huanqiu.com_9a13ba6b51f6db7ad5fd0eb1e765d9cb673eaae1012a9724a6c075b2	27.69	25.00	31.03	76.92	83.33	71.43	9	27	20	5	1	2
20111215_ent.xinmin.cn_177dcc6c9439f6f67decc8cf948b7ab891a1e9abd32fa4ceaaad3d32	24.24	28.57	21.05	40.00	100.00	25.00	4	10	15	1	0	3
20120117_www.nownews.com_5f1738258a3871f732d65cc0cf470e4a9842d95f569fcf82d58dfb14	20.22	13.64	39.13	50.00	100.00	33.33	9	57	14	2	0	4
20120117_www.nownews.com_4c19f342c4b5e1bec4b471dbe45ae17290caf0a96e00a34ae3a87d8f	10.62	7.32	19.35	33.33	100.00	20.00	6	76	25	2	0	8
20120117_www.uho.com.tw_74078be6d2cc8bb9d2ee47d03d877c4c7b659075c840c2336cb3ee7a	39.02	42.11	36.36	80.00	100.00	66.67	8	11	14	4	0	2
20120112_udn.com_667ae621ca8e0138deaf6a18e9b93f69e8ae5a89d94d3c4fa25417bd	41.18	53.85	33.33	60.00	75.00	50.00	7	6	14	3	1	3
20120112_life.chinatimes.com_c0fc96426bb21cbd0588106515a43317642542769e3a815532e3cf33	31.37	42.11	25.00	87.50	100.00	77.78	8	11	24	7	0	2
20120112_tech.xinmin.cn_3d25465f6d11ad836b4d7b758d4a4cec2e21242459f86dee8513c3d1	19.13	12.79	37.93	87.50	100.00	77.78	11	75	18	7	0	2
20120117_news.sina.com.hk_9aaf9ed057ae4c81df250394985dfd4da15b34550c192395782c2b15	52.63	47.17	59.52	78.79	81.25	76.47	25	28	17	13	3	4
20120117_udn.com_7d22e82f0dbbcbdf642725ba5ec289c39418f60d5c123c28f6298e61	30.00	33.33	27.27	50.00	50.00	50.00	3	6	8	1	1	1
20111209_www.cs.com.cn_7adc9e75b601e8da425dfefe17c6186067649864300c433fb9bb3e4d	17.54	13.16	26.32	19.05	12.50	40.00	5	33	14	2	14	3
20120112_finance.ifeng.com_92c26f9b6856a7da58e16c21ea9cb5064dfe32e9372d9a9fd8aeec1a	36.89	61.29	26.39	43.37	100.00	27.69	38	24	106	18	0	47
20120112_big5.xinhuanet.com_5584e3ab8837cc2d75d9325758de4c43c98ef03ac3ba525d2537d08f	32.43	40.00	27.27	83.33	100.00	71.43	6	9	16	5	0	2
20120117_member.nownews.com_c9839dcbd569ee62e4b53733c378a957c3e2d01475405e1f389f6320	12.73	8.24	28.00	40.00	100.00	25.00	7	78	18	2	0	6
20120112_finance.ifeng.com_0fb286aeefcd53cedbd2bae294c11e62107a4eeabd3742e5774739ba	47.92	38.98	62.16	87.50	100.00	77.78	23	36	14	7	0	2
20120117_udr.chinatimes.com_ac0a77b9d7e6a46bdf448753b26bee24f61e4ad7f38eb5ab3ff4db58	43.75	37.50	52.50	94.74	100.00	90.00	21	35	19	9	0	1
20120112_xm.city.ifeng.com_5f671f7411c33595861ba67e4a1522d8881c9f675adc9236c862867e	23.08	24.00	22.22	83.33	100.00	71.43	6	19	21	5	0	2
20120117_member.nownews.com_459ef99970ffd92d262efdc9aded538182e7dd4e2cb6a3cc29cd3882	12.73	8.64	24.14	33.33	100.00	20.00	7	74	22	2	0	8
20120112_tw.nextmedia.com_ce8da1bf1707bd9a2bae0a90b532cf9a29479ad2d3e0b49eda2387c4	11.76	11.76	11.76	0.00	0.00	0.00	2	15	15	0	0	5
20120112_news.sina.com.tw_f607170bdf5349c339bbdd6f0bea41e4d20a1cfa5e2c5b4cc8f16aa0	10.96	8.89	14.29	36.36	100.00	22.22	4	41	24	2	0	7
20120117_finance.ifeng.com_386f66390ee01316f741ebe4543a73a6577606c8a00ddf55bac98b32	7.41	4.03	45.45	71.43	62.50	83.33	10	238	12	5	3	1
20120117_udn.com_e0ca1d746473cc2eb539db7aafbcc11d2ad0d87046e7f3e6f7cee2b3	30.56	29.73	31.43	80.00	100.00	66.67	11	26	24	6	0	3
20120112_news.qq.com_7187e5e8ebf46651e2b9f14d9ebaa6fd95b863fc72bf34f9ccf27de5	9.30	11.76	7.69	22.22	100.00	12.50	2	15	24	1	0	7
20120112_nd.fjsen.com_56ddc4bcc3576b5fbed8a13a1032a2996658ab7ae49d7228ce4e9eea	8.70	7.02	11.43	30.77	100.00	18.18	4	53	31	2	0	9
20120117_life.chinatimes.com_adc607deb576b46bf665951c973f4cb12efedb5affa9a8b0ed5d2e1b	30.30	31.25	29.41	84.21	80.00	88.89	10	22	24	8	2	1
20120117_news.sina.com.tw_a5daf201b17abd9921e8fcabe388b2646434bec3b4bf2a2ced09d5bd	58.46	44.88	83.82	93.10	93.10	93.10	57	70	11	27	2	2
20120112_news.xinhuanet.com_837cbc235780ca5add4abd2b058ac13303187b5d326f95609d9564c3	34.11	36.07	32.35	95.45	100.00	91.30	22	39	46	21	0	2
20120112_www.chinadaily.com.cn_a6404cb46631f3114342cf74d11451648540f08c114f7d4ad7f77be9	69.38	69.38	69.38	95.95	97.26	94.67	111	49	49	71	2	4
20120117_news.cnyes.com_592b2511397aa55e4c84db224fac54a34cf5e5edc17c36ffcd043e05	66.67	68.42	65.00	90.00	100.00	81.82	26	12	14	9	0	2
20120117_news.jxnews.com.cn_d8ba8999084aa79635fa8cde2cb7a4e9598e98e83da123c7b8e8d144	40.32	40.98	39.68	95.65	100.00	91.67	25	36	38	22	0	2
20120112_www.uho.com.tw_ab1276d228c7ad9e99da0b3d13f967e8bd3d4cdb99c945a8068d57cf	48.28	58.33	41.18	75.00	100.00	60.00	7	5	10	3	0	2
20120117_news.chinatimes.com_019037f54f0e9495931c7ebf094b7a4d2224f70a2aedf34be8b7a935	30.19	40.00	24.24	87.50	100.00	77.78	8	12	25	7	0	2
20120112_life.chinatimes.com_573cd3fd8488fd31e9ed6e8fc96baf075e34cb230dd81ae539a3dc19	29.27	40.00	23.08	83.33	100.00	71.43	6	9	20	5	0	2
20120112_www.awakeningtw.com_0b1e6c842ec963e36932ad7c3647482950c67973d63676bd93f497ae	31.58	27.27	37.50	100.00	100.00	100.00	9	24	15	8	0	0
20120117_news.sina.com.tw_314ab855cf4425d1ac968aa711206af7bd9bd04117ed184e4328463b	10.39	7.41	17.39	28.57	100.00	16.67	4	50	19	1	0	5
20120112_collection.sina.com.cn_03adbcbf326ce5719cc2e580c846b1e241266711ecdde3b8996488ff	28.17	24.39	33.33	88.89	100.00	80.00	10	31	20	8	0	2
20120117_news.sina.com.hk_8dfd14b1d7bac5b02f7bfc6e97b861eabf459c2c2717daa54901ce82	46.15	38.46	57.69	70.59	66.67	75.00	15	24	11	6	3	2
20120112_economy.caixun.com_7f99d65e9adbb8080db17e47a1c10d424d5484a86b17fad5c4662cb7	26.80	21.31	36.11	96.00	92.31	100.00	13	48	23	12	1	0
20120117_news.sina.com.hk_00a7714e472a3934246059e19084581fbd2c234828311ed7174948d4	63.49	57.14	71.43	86.96	86.96	86.96	40	30	16	20	3	3
20120117_udn.com_324143b9afb5267398990731f2b42a9ec644579e81e2723a47bcbcda	28.57	50.00	20.00	50.00	100.00	33.33	5	5	20	2	0	4
20111215_news.ifeng.com_d46f06142186d10fbda3eff5239636ace95cd43549f80e36f6be622e	50.00	43.18	59.38	81.82	90.00	75.00	19	25	13	9	1	3
20120112_xw.baixingjd.com_1b084b21108a6197246f8828c5c5f6290ddbbe78c6baeee0bc2b9c72	38.41	33.72	44.62	97.87	100.00	95.83	29	57	36	23	0	1
20120112_udn.com_fb74df5a62b4e056ba2d21248bd592d4d42a86cde5e55f7c9c4235fb	27.59	44.44	20.00	57.14	100.00	40.00	4	5	16	2	0	3
20120117_news.cnyes.com_687bfd5631497272143e69a02a89a336ac337462e250949279792a31	30.19	32.00	28.57	80.00	100.00	66.67	8	17	20	6	0	3
20120117_sc.stock.cnfol.com_eb09b9dda4357696c2efa7577836886128522dc59f1e17344849f1e3	16.00	11.76	25.00	100.00	100.00	100.00	4	30	12	3	0	0
20120117_member.nownews.com_ae24ab73102138c3868b8a6d0e7bbeb9f1695f3bffa641675874a7a5	11.43	8.89	16.00	22.22	100.00	12.50	4	41	21	1	0	7
20120112_big5.xinhuanet.com_4b5e6093c823955f949c53fe36a955fa50430bd1fd663e1282d19712	31.19	35.42	27.87	76.19	100.00	61.54	17	31	44	16	0	10
20120117_society.huanqiu.com_bc66fe6937721f23f8fc1d57e7c77e118339bd5a120df66987053553	34.78	34.78	34.78	83.33	100.00	71.43	8	15	15	5	0	2
20120117_news.cbbn.net_a9bcfb35dbd073372d9dbb5f02c02a7831b6724fb881842cee1dbc10	12.31	9.52	17.39	75.00	100.00	60.00	4	38	19	3	0	2
20120117_tech.ifeng.com_410bbc50ba9655f4391db15ceefb56c5ad5e180b6bf5ac840396d915	28.07	25.00	32.00	66.67	75.00	60.00	8	24	17	3	1	2
20120112_n.yam.com_f92fdced5e4be2139b8e897c025b35de76fabdb18ac87ac5dd593557	41.79	35.90	50.00	63.64	53.85	77.78	14	25	14	7	6	2
20120112_ent.ifeng.com_3757306393115444b85eae5266985f584050c0c1cde9435316f39d4c	25.64	21.28	32.26	90.00	100.00	81.82	10	37	21	9	0	2
20120117_money.163.com_bdfd8f24bfa1e0b6d3e6331a324692fb0bbb3cf5e33e7a7ab9ce2fcb	28.07	23.53	34.78	80.00	80.00	80.00	8	26	15	4	1	1
20120112_big5.chinabroadcast.cn_97ce5c1e5e2afdcf25e922656dc9cee09adfcd438b870ff75ce8eb0c	39.68	40.98	38.46	95.45	100.00	91.30	25	36	40	21	0	2
20120117_news.xinmin.cn_2cb0611a8b127e6691ecf5e74bd678122ffceabd2f9bfced1609dc8f	13.79	15.38	12.50	40.00	100.00	25.00	2	11	14	1	0	3
20120112_news.chinatimes.com_2c6830cb4ef222e390a9c10458cd2d16bda63ff3ad77bce0a44e2f48	24.24	33.33	19.05	75.00	100.00	60.00	4	8	17	3	0	2
20120117_mobile.zol.com.cn_10484cc04adb40a124682ed2b4195ca1e8df834140423ed40b843e87	12.50	9.80	17.24	75.00	100.00	60.00	5	46	24	3	0	2
20120112_tj.city.ifeng.com_eacd6662fcb791a31d1e77086fe2c8f25b27970758849a0fec4a380c	26.92	24.14	30.43	100.00	100.00	100.00	7	22	16	6	0	0
20120112_www.nownews.com_0c2832265b4c9990bcc1f9f12e94255e1f8d13e1dae64663a668a6ff	11.97	8.54	20.00	30.77	100.00	18.18	7	75	28	2	0	9
20120112_udn.com_342af737e175ff055fc4e886b5f7b268eb8e120f7669eda3a72a4413	48.65	60.00	40.91	85.71	100.00	75.00	9	6	13	3	0	1
20111215_sports.people.com.cn_3d1672665c9c9ccb6c358cfe0a31d6c9715478ad3b717c6489e1a301	28.92	25.00	34.29	95.65	100.00	91.67	12	36	23	11	0	1
20120112_www.rthk.org.hk_bf78a78db3d2d312349005b14c3c87b311ad0a976bd9002dc7b7f5e9	20.45	66.67	12.08	57.14	100.00	40.00	18	9	131	2	0	3
20120112_news.sina.com.cn_985473722068f399bc3b5adb437f217d40671b91dae183a15fa2f1fb	40.00	40.00	40.00	75.00	100.00	60.00	8	12	12	3	0	2
20120112_www.chinanews.com_0d42564bf0e1f05cd8f867ce4d5c8eeb7efb50a1814840d3e4f53f86	14.81	9.64	32.00	75.00	75.00	75.00	8	75	17	6	2	2
20120112_www.chinanews.com_ef36a14b64d4ea5e682eec23bd10cf2763a1bd71efe89fee0b52132e	15.24	10.00	32.00	71.43	71.43	71.43	8	72	17	5	2	2
20120117_big5.xinhuanet.com_cffc5fc21749735fd1057d7ba462c92d432b4b1a0b77ae24af739d78	36.00	42.86	31.03	88.89	100.00	80.00	9	12	20	8	0	2
20120117_digital.sina.com.hk_d58be09cd51f01199937278c7301fe362a58d5408a160e28d2a12646	53.10	45.45	63.83	82.35	77.78	87.50	30	36	17	7	2	1
20120112_life.chinatimes.com_8167f3a10d4334a46d0afd693aba4a18dbfab0af043d3ba475f87737	31.82	41.18	25.93	92.31	100.00	85.71	7	10	20	6	0	1
20120112_money.163.com_da3bc160cddd146f1ef435af92a61f401958ac081308d8ca4d3417ba	10.23	8.18	13.64	19.23	11.11	71.43	9	101	57	5	40	2
20120112_hn.rednet.cn_a74ac5a036bb33f3b19664fdf309300cce611e25bc6e34d456b326ef	18.42	14.58	25.00	66.67	62.50	71.43	7	41	21	5	3	2
20120112_big5.xinhuanet.com_a1ee8ab4c6279970f32f5e4825bc820071dea2bdf5e69cee3e8d49a7	14.29	18.52	11.63	42.11	100.00	26.67	5	22	38	4	0	11
20120117_www.cnwnews.com_6e9c8a6ddd6a34dde0cfe01bba63d2b9ce126a0458783549570a94ff	34.48	31.25	38.46	93.33	87.50	100.00	10	22	16	7	1	0
20111215_www.northnews.cn_e23d84fd6338f8d3e35a344776e9f9e58be611317970b0ad18e9cb61	7.41	50.00	4.00	0.00	0.00	0.00	1	1	24	0	0	6
20120117_paper.wenweipo.com_e47d996999e780b9e1f702e30eb7a8090cbf7202527d89ba8b6c7984	4.44	4.17	4.76	0.00	0.00	0.00	1	23	20	0	0	6
20120112_n.yam.com_8f3cfbc3814427718278ea4562d3b3ab2ae4c3cd03e2ef402f7d2276	27.91	25.00	31.58	60.00	60.00	60.00	6	18	13	3	2	2
20120117_www.china.com.cn_ac8037241a0626714878920aca605bdc2c911931adbaa83d35632ebc	35.90	35.00	36.84	66.67	75.00	60.00	7	13	12	3	1	2
20120117_news.xinmin.cn_14ecfdc14c8464a220897fa1ee0cffebb7410cae512d1d0c584014df	41.38	54.55	33.33	66.67	100.00	50.00	6	5	12	2	0	2
20120112_udn.com_2f4215a549c484488ce970fc6f05c65eb80623068a7ad607e48c3fe9	43.90	36.73	54.55	85.71	90.00	81.82	18	31	15	9	1	2
20120112_news.qq.com_f11d06395aec6a2c1b7aac04b2ffc1064a35563d2da49f6c011548ee	70.97	78.57	64.71	91.67	100.00	84.62	22	6	12	11	0	2
20120117_news.sina.com.tw_7c24ea1f4271c89d52c4b2eb9d391596942e0627a1fd7f660f7cdd51	37.04	27.27	57.69	72.73	80.00	66.67	15	40	11	4	1	2
20120112_mag.udn.com_942deb63b7b6a47114f706960db7f2185d75dbea40451a5de26b882c	46.15	37.50	60.00	90.91	83.33	100.00	12	20	8	5	1	0
20111209_finance.ce.cn_3d5502a97074009069edc19ec55e81c69c63cd2f8d07142b7229888f	19.51	15.38	26.67	53.85	36.84	100.00	8	44	22	7	12	0
20120117_finance.china.com.cn_8e0709ca02bc51379a22839e464be316eace735684ffd784f6364743	29.91	25.81	35.56	92.86	100.00	86.67	16	46	29	13	0	2
20120117_big5.xinhuanet.com_6b134d37a1efd0307394a6ddb519b6802a33cfbdb0384e4d94bec07a	48.15	47.27	49.06	92.86	100.00	86.67	26	29	27	13	0	2
20120112_www.jfdaily.com_f40aa67c767b23182efd033042919b7070cbcf942925fac6db90f7f2	4.72	3.26	8.57	0.00	0.00	0.00	3	89	32	0	0	10
20120117_finance.ifeng.com_973184e40ce00aa1aebf62f752d3feff2d1a0d1eb7a3615213edb345	72.73	67.61	78.69	93.33	95.45	91.30	48	23	13	21	1	2
20120112_culture.022china.com_6dc46fba547cc3704402818ca1ab2ea4b6a4afcd444229231bf37c49	39.00	36.45	41.94	97.37	100.00	94.87	39	68	54	37	0	2
20120117_kuaixun.stcn.com_e171c405a53272cc5ce2cf64d04f5dddc8c820eaa4741a0d6edb121f	60.61	64.52	57.14	91.67	91.67	91.67	20	11	15	11	1	1
20111215_www.21cbh.com_ab4ae925bcdda1732314dc4d99fcd0a7115d7516a7db76038cbfe6a8	63.33	76.00	54.29	85.71	100.00	75.00	19	6	16	9	0	3
20120112_society.people.com.cn_f96bef8dd8dd83e4e7db554f4e3b1ab4c75e7bfe5bdd672fe588e6d6	46.81	55.00	40.74	85.71	100.00	75.00	11	9	16	6	0	2
20120117_news.sina.com.tw_775530076d9434f5dc3ccdf1c2cd82631bc11945a7b954e4ec0c1970	5.88	3.90	12.00	25.00	100.00	14.29	3	74	22	1	0	6
20111215_news.sznews.com_665c65550e50d3160d0f99a19a870b354d409f8d8fa78d8e4cf3b18b	51.52	45.95	58.62	85.71	100.00	75.00	17	20	12	6	0	2
20120112_industry.caijing.com.cn_00b39c750cde8f4cb7a5e827367afd0294bbaa46d3b0549e38089721	14.29	13.64	15.00	57.14	100.00	40.00	3	19	17	2	0	3
20120112_member.nownews.com_9bff5ff13f74a1c27c48a85959e71238f5904b846dfbb775edf7de78	12.50	8.54	23.33	33.33	100.00	20.00	7	75	23	2	0	8
20120117_www.northnews.cn_1e4b87745be2353d3ce97a3a676ff9f337516ade647419ebce48c466	22.47	17.86	30.30	66.67	83.33	55.56	10	46	23	5	1	4
20120112_finance.sina.com.cn_500d9ad8476f99fd94a4d87b21004e29fc8ab5e801e66de9e0fb85b1	30.00	22.50	45.00	85.71	100.00	75.00	9	31	11	3	0	1
20120112_big5.xinhuanet.com_bd86ea16c5a40581dec6eea9b83b9b26c31cadb60caa30f6095f0973	40.00	36.84	43.75	88.31	87.18	89.47	56	96	72	34	5	4
20120112_life.chinatimes.com_5375b75269ebe534bfb781bcbb5de122298e963b53fd9f39f1c5ce9b	30.00	31.03	29.03	82.35	77.78	87.50	9	20	22	7	2	1
20120117_news.enorth.com.cn_6ee7f983f05db784a462d56145f367a4bb5f6f7eafc97b770d311aae	29.03	25.71	33.33	93.33	100.00	87.50	9	26	18	7	0	1
20111209_tech.sina.com.cn_0fa41e8e44da0e347e00b35c8bca43b2eea9d8ec4cfb184f4b5a1be9	36.36	28.30	50.85	72.22	100.00	56.52	30	76	29	13	0	10
20120117_www.chinanews.com_f8eed4bedbc707cab2fe2d6714584d20d152a65baa8c45ece84a0e47	20.17	13.79	37.50	80.00	80.00	80.00	12	75	20	8	2	2
20120112_tw.nextmedia.com_29e421c116f30e792e026307f51b9edad9528edafd87b290d0274d39	3.85	3.85	3.85	0.00	0.00	0.00	1	25	25	0	0	7
20120112_news.163.com_071f8254e4e07bc153e281b906f0b2ab98338096b5766aacfbe1ace7	47.42	41.82	54.76	90.32	93.33	87.50	23	32	19	14	1	2
20120117_tech.qq.com_6c0927d372ff073d73475cb08a337d1710c79e73b96517bec98c70ad	66.67	63.16	70.59	94.74	100.00	90.00	36	21	15	18	0	2
20120117_www.rthk.org.hk_759b2539f69b42beee6bbfd7f5be90674f70dc5ba2e33c7dd8435b26	88.43	94.90	82.78	66.67	100.00	50.00	149	8	31	3	0	3
20111215_finance.21cn.com_72492fd2416003138515bf1b35a2ca68beb6acacad5d32e8d60c6099	22.22	20.00	25.00	85.71	100.00	75.00	4	16	12	3	0	1
20120117_china.huanqiu.com_d2c777d242ace89d839acfe793a33878692328a4796064c8e1e15ab4	31.01	28.17	34.48	90.91	100.00	83.33	20	51	38	15	0	3
20111209_www.chinanews.com_c33212fef73852f32ce70eecbf6d1082f0704f6999ab1284e9713049	7.69	50.00	4.17	0.00	0.00	0.00	1	1	23	0	0	6
20120117_news.sina.com.hk_e7c77b54e900491cc397c797762539575283fca2e828e2a88853390f	25.00	19.05	36.36	50.00	50.00	50.00	8	34	14	3	3	3
20111215_finance.ifeng.com_c0f165a436f45895615d48be9b4d5678f953716f69941703566676da	56.64	51.61	62.75	88.00	100.00	78.57	32	30	19	11	0	3
20120117_news.pts.org.tw_9c1ca2e19c056671c36d88c0abcffff6a4852595718c9cf99b40b099	25.00	22.22	28.57	0.00	0.00	0.00	8	28	20	0	0	7
20120117_member.nownews.com_df1f0f17386babc017d972da4b1ec6df43a8f23d63e99ba2912d4465	12.12	9.30	17.39	25.00	100.00	14.29	4	39	19	1	0	6
20120112_udn.com_069a6404d761f9512dc9c792ce276edb5f5a70395c6cdde5ffe03ca8	45.00	45.00	45.00	88.89	100.00	80.00	9	11	11	4	0	1
20120112_www.chinanews.com_6207629cafc417d54bd1822bf064edef11155c2ed09c7f09ace45030	14.14	9.09	31.82	66.67	66.67	66.67	7	70	15	4	2	2
20120112_finance.ifeng.com_e984685acc19b80005c103b26c17f296c5e0d63a6f86259fa732655e	64.29	56.25	75.00	91.43	94.12	88.89	45	35	15	16	1	2
20120112_www.rthk.org.hk_3fa6ba24ddf21038c806243d9250f7dd65e956c44bb0d66b38df515f	19.87	62.50	11.81	66.67	100.00	50.00	15	9	112	2	0	2
20120112_go.rss.sina.com.cn_24ddac9a1bfef9be8eafccf633693a7180fec542d76c4bc5971c7aac	20.00	14.29	33.33	60.00	100.00	42.86	8	48	16	3	0	4
20120112_news.dayoo.com_c093de289ad8f3a38e5898ec1aa75c421ee6df4982f1184468aa81a8	62.50	71.43	55.56	82.35	87.50	77.78	15	6	12	7	1	2
20120112_life.chinatimes.com_f2b03064413fb3f29ec544284a4c37e176b9779b924a3eb0e7f9bbc8	30.77	30.30	31.25	88.89	80.00	100.00	10	23	22	8	2	0
20120112_gz.city.ifeng.com_5faabba85385732ce21176a59737a212aee171dc95486c8ae6befade	31.25	31.25	31.25	85.71	100.00	75.00	10	22	22	6	0	2
20111215_news.163.com_be39e43bfc00972faf58aaa02c4f652b6540e14bcabf53d55f5c6227	23.81	21.74	26.32	66.67	100.00	50.00	5	18	14	2	0	2
20120117_forex.stockstar.com_e1e7aacd608484bdc815aa4366f24bf40d84f35a91150765ec9e8a9c	65.91	64.44	67.44	85.71	90.00	81.82	29	16	14	9	1	2
20120117_news.sohu.com_71b0d2b363838a6477905ac1b9c0292065a1491d6a5b87276480f325	19.44	12.73	41.18	100.00	100.00	100.00	14	96	20	13	0	0
20120112_news.163.com_423dcc6f1890ea97207f595d3bef884f4cadab6ab9d9b59b4de51503	53.33	50.00	57.14	83.33	100.00	71.43	16	16	12	5	0	2
20120112_tech.ifeng.com_09424b1981850aa5874a0a55ca065ff09e5040330d414f6f1ef816bf	38.76	35.21	43.10	93.02	95.24	90.91	25	46	33	20	1	2
20111215_forex.cnfol.com_528b6e2f1de2c8cd914b514349d4c628e6223216acc0c41bca9f1385	19.44	14.89	28.00	85.71	100.00	75.00	7	40	18	6	0	2
20120112_big5.xinhuanet.com_28822805df60a88e4f7fea9bd8eb6ac872ea6fc8a1bc3292815b7aef	40.00	47.37	34.62	85.71	100.00	75.00	9	10	17	6	0	2
20120112_udn.com_7ea3bdf1c581a97fc0bb4cb65238ee8654d8e686ecfe3b3f6fc72fd9	22.22	33.33	16.67	33.33	50.00	25.00	3	6	15	1	1	3
20120112_big5.xinhuanet.com_3b15b7f406057721838871fb6a127b5f56d2919ae1e20fe93ad06bea	4.88	4.76	5.00	0.00	0.00	0.00	1	20	19	0	0	6
20120117_opinion.xinmin.cn_b41f51e1699a2f2dfb3263e7186acad56a54050a727892f7dda4a15a	38.30	42.86	34.62	94.12	100.00	88.89	9	12	17	8	0	1
20120117_www.qianhuaweb.com_eb20190231e819e4b36175e1e47cdb60926962bb571b553262c79fda	17.78	21.05	15.38	66.67	100.00	50.00	4	15	22	2	0	2
20111215_finance.sina.com.cn_72e244ae284a4d40ac52c926f406812dd72eadc02f12deafd566313d	25.00	20.00	33.33	66.67	100.00	50.00	7	28	14	3	0	3
20120112_www.uho.com.tw_2c3f2218e0d32345df28403deb9d491893b7900ddc7fb0dfdd9580af	38.71	42.86	35.29	75.00	100.00	60.00	6	8	11	3	0	2
20120117_news.cnyes.com_c580070bd60454f069cb44793979feda83c24cd9abe8f548d9fcc047	52.63	57.69	48.39	84.21	100.00	72.73	15	11	16	8	0	3
20120112_news.sina.com.tw_3fe60cd97548054df21ce1df8ccc3a71d95b8ce1e32e835e81e9c603	5.94	3.90	12.50	25.00	100.00	14.29	3	74	21	1	0	6
20120112_life.chinatimes.com_942e9ba4feb71e04eab736c48700f353c1bf0a49e1250f1ec7b01797	27.78	38.46	21.74	80.00	100.00	66.67	5	8	18	4	0	2
20120112_china.huanqiu.com_1c09bdbbd795ff67a2471bf5a68e0d75af6914ee434bb5746ee6ca30	25.00	22.58	28.00	92.31	100.00	85.71	7	24	18	6	0	1
20120112_news.sina.com.hk_ff2be5ebee5593f31aedccde2d5b9b8bbb9275a71f42f20e889892cd	38.36	29.17	56.00	70.59	66.67	75.00	14	34	11	6	3	2
20120117_news.chinatimes.com_441bb75958d83ac50592f10d74f9ffe6cec666b944738f32a67e3177	29.27	37.50	24.00	90.91	100.00	83.33	6	10	19	5	0	1
20111215_finance.sina.com.cn_b4281b0d135bb57d6480175f6415fa439f03ea5d6c397992f3a75b93	63.79	54.41	77.08	93.33	93.33	93.33	37	31	11	14	1	1
20120117_news.sina.com.hk_9991c167586e783988fe63566bea957ed525434f3dce3db6ef1906c0	49.38	52.63	46.51	74.19	95.83	60.53	40	36	46	23	1	15
20120112_big5.xinhuanet.com_067c5a9f23f01e3574177e7f0493b101be13b4aa46555c1fc72431a0	16.07	15.25	16.98	28.57	100.00	16.67	9	50	44	2	0	10
20120112_big5.chinabroadcast.cn_d17554b6c2b18170b7efdf3c9763b9fd2653ce11801431d1a36d1616	35.90	36.84	35.00	90.00	90.00	90.00	14	24	26	9	1	1
20120112_news.sina.com.hk_e4caac45faf32a1dda0e0ac0c6de6ef76bf0d84bb56c6297f7daaf4d	38.36	29.17	56.00	70.59	66.67	75.00	14	34	11	6	3	2
20120117_www.winandmac.com_6096fd61610c8bd5f2ffa671489d1ae524cb4e24d961344266d19581	26.87	30.00	24.32	66.67	80.00	57.14	9	21	28	4	1	3
20111215_go.rss.sina.com.cn_aafeeba11e45e7ebb2aed4383820f37e750b7379b36d54da6348307d	30.56	24.44	40.74	75.00	85.71	66.67	11	34	16	6	1	3
20120112_news.chinatimes.com_ed7743675e4bd1dc79f05b251c3a15f87958d281604c63cc9d579c08	32.00	40.00	26.67	93.33	100.00	87.50	8	12	22	7	0	1
20120112_tw.nextmedia.com_bd0f48b98a8263bc8a10e1549c2084270e050ec9b24957ae3d762173	2.99	3.33	2.70	0.00	0.00	0.00	1	29	36	0	0	8
20120117_big5.xinhuanet.com_f5374f5f3558e312499e2d566889a4ce37bf85d7dc4c5883503aa5fd	48.28	45.90	50.91	96.55	100.00	93.33	28	33	27	14	0	1
20120112_finance.qianlong.com_c4af251ce5239b5a8f0b97482cf14ff0b43c6e7f4e79bc5a3c05f1a6	73.58	65.14	84.52	95.83	100.00	92.00	71	38	13	23	0	2
20120112_finance.ifeng.com_48b602dcda8a8a6edf2ab84f49bf249b2dbb9175a5306619cc2ac0fb	42.25	33.33	57.69	94.12	88.89	100.00	15	30	11	8	1	0
20120112_www.libertytimes.com.tw_4c7bb261254fe02139c605c4de4442f869687028369d86bd684e1ba5	32.79	28.57	38.46	85.71	100.00	75.00	10	25	16	6	0	2
20120117_tech.sina.com.cn_f1f63b817263016dc00795e1741809e6bee2a7c5fc776ebd259e2987	20.41	12.20	62.50	64.29	52.94	81.82	20	144	12	9	8	2
20120112_she.21cn.com_fe4eb44b6fdfce19f998a1cc14ff55371153c3f0b44b3c80a9b3f8bc	62.30	67.86	57.58	90.91	100.00	83.33	19	9	14	10	0	2
20120117_news.sina.com.hk_e96aad2b52dc3cf359b0049ed030ef564f7c51776b9e6ebd577aaf00	1.18	0.62	10.00	0.00	0.00	0.00	2	318	18	0	0	6
20120117_china.huanqiu.com_b95510ca596d0af60513e740cb914ebd7f27411e0fde1407b7cbab54	42.55	43.48	41.67	80.00	100.00	66.67	10	13	14	4	0	2
20120112_ent.xinmin.cn_0db9b967d94c7f550ccfa1dd403bb59a1e1de84fb15693e363e59a77	62.22	73.68	53.85	87.50	100.00	77.78	14	5	12	7	0	2
20120112_www.uho.com.tw_32bc40bd0bc9d207c376626e243ff012c92cac2f3ea4a4380385d583	36.36	38.71	34.29	91.67	100.00	84.62	12	19	23	11	0	2
20120117_tech.sina.com.cn_6e87a74d529396125ddc762bc507b933bdd0c5105f79987823ecba21	46.15	38.46	57.69	82.35	87.50	77.78	15	24	11	7	1	2
20111209_www.jjckb.cn_809057d35be62051c6ef1809e0074d58c5103d12311d6dd262b627f3	4.08	5.00	3.45	0.00	0.00	0.00	1	19	28	0	0	8
20120117_www.info.gov.hk_a73df9451f7379846888b850e59c98ac882841da8dad078d971b2e9d	15.19	12.00	20.69	53.33	100.00	36.36	6	44	23	4	0	7
20120112_www.nownews.com_bc1bd14d807d8cd9400833fab9f4353de5affae799096d1764c77f47	12.73	8.54	25.00	36.36	100.00	22.22	7	75	21	2	0	7
20111209_health.gansudaily.com.cn_b4a2b4f9fb57b14640abc255cec98ec7181910d192a09f395381ba5b	32.26	28.57	37.04	91.89	94.44	89.47	20	50	34	17	1	2
20120117_jiangxi.jxnews.com.cn_751d65a6c83df16f9e746344b3746a59579f6e3c402a9e783d472c83	35.71	34.88	36.59	92.86	100.00	86.67	15	28	26	13	0	2
20120117_www.uho.com.tw_0639020b3d2e9af949978be2d7e737c007a0d1162131e64ebbabf7ee	31.11	30.43	31.82	60.00	60.00	60.00	7	16	15	3	2	2
20120117_life.chinatimes.com_0aba93f6b00d18cb3c6ce60071348201fe56c72eb2e68fde0857c741	30.00	39.13	24.32	88.89	100.00	80.00	9	14	28	8	0	2
20111215_ent.xinmin.cn_1cd6050e9f77f3314a3f98deeabc518c80418a2de36b12044ad4f6b2	16.00	20.00	13.33	50.00	100.00	33.33	2	8	13	1	0	2
20111209_www.northnews.cn_6d7157bb05c044fdf69969f5642639279ae52011260b30030242959c	17.86	14.29	23.81	75.00	100.00	60.00	5	30	16	3	0	2
20120112_world.huanqiu.com_4fe7de24e1aa854c60d16002f0f300ac9ea3e841f524ecf76c494884	22.95	22.58	23.33	71.43	83.33	62.50	7	24	23	5	1	3
20120117_news.southcn.com_04699069dcb197048aeeeccc0ea9e8215bb0af0aa07a3ea025db9fee	63.29	67.57	59.52	93.75	93.75	93.75	25	12	17	15	1	1
20120117_roll.sohu.com_893bd21ab2410a42e88b5c5d49a761e5676741f05173eed7fd8868cf	22.64	20.69	25.00	80.00	100.00	66.67	6	23	18	4	0	2
20120112_finance.ifeng.com_f010ebf42fdd1cfefb5d406ea60a0b04b13e0e7dd6d712a3913f8525	27.59	22.86	34.78	72.73	80.00	66.67	8	27	15	4	1	2
20120112_finance.ifeng.com_2fac790edf3ac633a0f9670ee3580ff38cd1beea9154e3e8f8adfdf9	75.93	68.33	85.42	92.68	95.00	90.48	82	38	14	19	1	2
20120112_tech.sina.com.cn_146a5009d5c95b6295de0134a65ccf1fa0b06579957e54d0694d7485	4.88	50.00	2.56	0.00	0.00	0.00	1	1	38	0	0	15
20120112_news.chinatimes.com_27ca59a4fdc618b9374f9c71f486e9f9e4138647c4171c8e8b6d4b3d	31.88	36.67	28.21	95.24	100.00	90.91	11	19	28	10	0	1
20120112_www.hinews.cn_39afff3b049fd8f723cdc7d861cbe0f501acb5fc28852854b1227018	38.96	39.47	38.46	94.12	100.00	88.89	15	23	24	8	0	1
20120112_news.shangdu.com_6c39601ba44884a73584cedc0b1c1d6f83a5bf44c64e025f38892e76	34.71	36.84	32.81	94.74	100.00	90.00	21	36	43	18	0	2
20120112_news.xinhuanet.com_11d60eb69d695ea88e4b397e538217b97d29c9a492113ccfd0975f81	32.79	32.26	33.33	90.00	100.00	81.82	10	21	20	9	0	2
20120117_www.china.com.cn_91da541ce0539d9d3723b4ab72c41b25d2b45797989a0007a4806a51	24.44	67.86	14.90	27.91	100.00	16.22	38	18	217	18	0	93
20120117_www.uho.com.tw_8e1bf0b010cf550e76e89ad1c65a2cbb2df903d47059f5628a66c902	40.00	43.75	36.84	66.67	100.00	50.00	7	9	12	2	0	2
20120117_www.chinanews.com_827420b264cbf97b94be529b699e91847f495a478b68e8112d642670	16.82	11.11	34.62	75.00	75.00	75.00	9	72	17	6	2	2
20120117_it.21cn.com_a994928202b96f7f47e6ece7541eee09640e904c1b6fd0a988f33a22	23.53	20.00	28.57	100.00	100.00	100.00	4	16	10	3	0	0
20120117_go.rss.sina.com.cn_c40fba71784df419d444374400da23b694abdbeba3bd83e7a0ee7e31	20.00	15.62	27.78	40.00	100.00	25.00	5	27	13	1	0	3
20120112_www.bcc.com.tw_b135ef130c1b6ce1e9ea796f6c5c31fc660b7f37fc8d5b4918ff18e3	3.45	3.12	3.85	0.00	0.00	0.00	1	31	25	0	0	6
20120117_udn.com_6b64985d86dd97aee7289e88e86b399700bd9c64f3b604ff77460df9	38.89	43.75	35.00	66.67	75.00	60.00	7	9	13	3	1	2
20120112_finance.chinanews.com_789fa38ec0832ab08ea096ae4da27027348b03cdce07947139a976c4	20.00	13.33	40.00	96.30	92.86	100.00	14	91	21	13	1	0
20120112_www.uho.com.tw_4a1dec4063a44b31257fc298a0eda039272d5c2bcbfb25d118ca2b9d	48.78	52.63	45.45	83.33	100.00	71.43	10	9	12	5	0	2
20111215_finance.ifeng.com_7d04f1d2e8c9b8fbbb881f9a1ddc87c70f62f7447519c98c8237cc37	5.10	3.25	11.84	37.84	100.00	23.33	9	268	67	7	0	23
20120112_news.nen.com.cn_a94a3937aff804851d251ace9f067ff0de5cb44a4eba3d13a788cd20	21.43	27.27	17.65	66.67	100.00	50.00	6	16	28	4	0	4
20111215_china.huanqiu.com_a3352f652d9341b71040c08ca26452b2aba1713d07a02b30a4ca435c	29.27	31.58	27.27	66.67	100.00	50.00	6	13	16	3	0	3
20120112_www.rthk.org.hk_1d0f07542811e6c4acff6729aa98dfceb74433676bdbe28f45e120c4	88.63	92.27	85.27	36.36	33.33	40.00	191	16	33	2	4	3
20120117_house.hexun.com_1ebd10e947e17430454e0cc2e99af431befb2b657a2adda011e4b338	35.29	33.33	37.50	83.33	100.00	71.43	9	18	15	5	0	2
20120117_big5.xinhuanet.com_98c2623199ad80aa98fb1304f7ab1466c76791d19d538611826722fd	25.30	42.00	18.10	54.05	100.00	37.04	21	29	95	20	0	34
20111209_www.jmnews.com.cn_836a5cff9afc4bc08470ed278a5313ecd25063f349690f5b7587e10d	76.19	77.42	75.00	99.13	100.00	98.28	96	28	32	57	0	1
20120117_www.chinanews.com_a91fffbb9064276890163e5a6635c446acda226eb2b4c70c7945d7b6	12.96	8.33	29.17	71.43	71.43	71.43	7	77	17	5	2	2
20120112_scitech.people.com.cn_a847bc0018ca7dace04537569f26bfb5d1541212c3fcc5ee4413cf6a	25.00	24.14	25.93	85.71	100.00	75.00	7	22	20	6	0	2
20120117_mil.news.sina.com.cn_29ccce1a9b85d5c1731ddb4207e256632393ebf717dd28b406de3bcc	26.42	20.00	38.89	75.00	100.00	60.00	7	28	11	3	0	2
20120112_stock.caijing.com.cn_b3cde78193e760df33f1f9854d7d9a58d8cb691bb0e954357c6471ed	27.12	24.24	30.77	93.33	100.00	87.50	8	25	18	7	0	1
20120117_news.gxnews.com.cn_557ec750d00913f6aff0bcc9ec0ac885ecc095d1eb663cc8fb3168f3	50.79	50.00	51.61	87.50	100.00	77.78	16	16	15	7	0	2
20120112_hk.stockstar.com_ea996c90b2fc7abd1594d169e5f58eed15430250f995a064cf7bd5f0	70.80	68.97	72.73	87.80	85.71	90.00	40	18	15	18	3	2
20120117_finance.qq.com_2935eae00fc5cdd02c9a342a6afc52e12511dc42186f0a2232c9d1b2	58.12	47.55	74.73	97.30	97.30	97.30	68	75	23	36	1	1
20120112_www.uho.com.tw_4ff841a922d4400a718c51078f658d11ea542a468d15539ef4b7afc9	33.33	31.58	35.29	100.00	100.00	100.00	6	13	11	5	0	0
20111215_news.hexun.com_58269337f0d6202b935a82bb76f86eac43ea68b47a6403503f7c5753	18.82	12.50	38.10	90.91	100.00	83.33	8	56	13	5	0	1
20120117_news.sina.com.hk_00274cccff0282d0019f27b24a08c81f809aa9c849dce9b9e470d38a	11.11	8.11	17.65	25.00	25.00	25.00	3	34	14	1	3	3
20120117_stocks.caixun.com_5d551fc56ba4ef2dfaf84e04c9f2cd838f03bee389fe18fe774995d9	16.22	10.59	34.62	75.00	100.00	60.00	9	76	17	3	0	2
20120112_udn.com_4a1ec2485ee3b365756d6ef54d7fc48da269424e034fc32110ccd782	37.04	30.00	48.39	52.17	42.86	66.67	15	35	16	6	8	3
20120112_caicai98.tom.com_9db27db386bacbbd583df2fb224d14dd6ad0efb97c1173c4aa1364e9	66.15	62.32	70.49	95.83	95.83	95.83	43	26	18	23	1	1
20120117_international.caixun.com_3fc603e537ba39c62e8b40234e20f2ae49e2e6f8d913bc3829db6b55	12.90	9.30	21.05	46.15	100.00	30.00	8	78	30	3	0	7
20120112_www.chinareviewnews.com_8274e9ccd1eb2b59aafac6fa530126b4d00065d5e6b925a4e2ddce49	4.88	14.29	2.94	0.00	0.00	0.00	1	6	33	0	0	9
20120117_udn.com_7b8a37aa35f6669dccf62fe78b9dd9e74c191a4b0700c0a16e225be9	38.24	33.33	44.83	87.50	100.00	77.78	13	26	16	7	0	2
20120112_news-hzrb.hangzhou.com.cn_2718a32fa63a93254cd7bdf9abaf1ba2d7efef50de79d58230fca45e	11.50	6.74	39.39	37.50	23.08	100.00	13	180	20	12	40	0
20111209_economy.caixun.com_61cdc75b74d7e62c67f6faaad2358df69f4181058fd11bfb5731fbc6	5.26	50.00	2.78	0.00	0.00	0.00	1	1	35	0	0	12
20120117_life.chinatimes.com_f0be4c6348ef44ecc27be106d40f9ae9852fe7787cb2c507c1992342	31.11	38.89	25.93	92.31	100.00	85.71	7	11	20	6	0	1
20111215_sports.xinmin.cn_9ab32765396b09f5409700d4aff5ac3bd96909d2a9e79c1fba5883ad	46.15	52.94	40.91	80.00	100.00	66.67	9	8	13	4	0	2
20120112_www.bltv.tv_d2056bef300fcb6673039b47862a7a042ccfe27d52d14c907fa491f9	0.45	0.24	4.17	0.00	0.00	0.00	1	418	23	0	0	7
20120112_sh.sina.com.cn_500d5839bd615b23f11654f9800eae2aa3007dd98ac2bb58cc91155b	4.12	2.22	28.57	72.73	66.67	80.00	6	264	15	4	2	1
20120112_www.bcc.com.tw_ae852d2e26054a082748579cc114cf2522304746d8f4ad481fd0bf08	3.51	3.12	4.00	0.00	0.00	0.00	1	31	24	0	0	6
20120112_udn.com_33554e0a5a336d4826c34ab169ab18c7270b96bdd917d51981201243	33.33	45.45	26.32	50.00	66.67	40.00	5	6	14	2	1	3
20120112_news.sina.com.tw_a93cb0df09f78a2fdc8ab8e09275bb397f35103a5d516b989b79633f	15.84	10.13	36.36	44.44	50.00	40.00	8	71	14	2	2	3
20111209_news.e23.cn_158cf8fb40270cfb38a237073326f0ea613cfe41d0ca91f53c9dd0e2	27.03	38.46	20.83	72.73	100.00	57.14	5	8	19	4	0	3
20120112_big5.xinhuanet.com_69906130d31fd7f86a699304b77148ac6439bc1f974bec6d7613d609	34.48	28.99	42.55	80.00	88.89	72.73	20	49	27	8	1	3
20120112_news.163.com_972ac77d9dbee30d44fdafd1cc3af17f165f4ecf3d7eed587b7e719c	36.36	33.33	40.00	83.33	100.00	71.43	10	20	15	5	0	2
20120117_big5.soundofhope.org_ef3857eced591d92246d03d63f780a456d36c2550eb462531fae353c	42.42	70.00	30.43	66.67	100.00	50.00	7	3	16	3	0	3
20120112_news.dayoo.com_53bc99dd6fc29717781dec556d511b31c4c23a530eca83e69b032945	19.35	27.27	15.00	33.33	100.00	20.00	3	8	17	1	0	4
20120112_www.chinareviewnews.com_c0125aaa65fa2cf1adba344e87534632bb6b92924fbc80df4155519c	4.65	4.76	4.55	0.00	0.00	0.00	1	20	21	0	0	5
20111215_news.163.com_634ff7bfbf47a37fd55afa0aa6594ff1dd6af6e50f3dda71c2e7f7ea	21.62	20.00	23.53	66.67	100.00	50.00	4	16	13	2	0	2
20120112_big5.xinhuanet.com_702859ad6bf0a69bdfff5c3117290986e4c73027706ee2f1c7eaa2fb	38.10	41.38	35.29	85.71	100.00	75.00	12	17	22	6	0	2
20120112_www.uho.com.tw_1098a52efc2bec3700f7398b558346a672f7c67cb542143856a705d8	35.90	38.89	33.33	83.33	100.00	71.43	7	11	14	5	0	2
20120117_finance.ifeng.com_e44f1d7de7e7f21e41c306894c5ef89534a77638dc7f3e9b1c535583	30.00	25.00	37.50	72.73	80.00	66.67	9	27	15	4	1	2
20120112_udn.com_ddb412eba81e24176c36777e9c88dbe3f19360bb49a1e4e0eed7ae1b	36.59	34.88	38.46	80.00	100.00	66.67	15	28	24	8	0	4
20120117_finance.qq.com_445b422fb229f096cd52dfd1aaccfbd80b667fa213cff0a45a980121	11.11	10.53	11.76	40.00	100.00	25.00	2	17	15	1	0	3
20120112_www.nownews.com_8f2e4fb1cab5d1c4a13d026fb497f69cb8d6e32bd6fcf4c80fe4588d	12.50	8.33	25.00	36.36	100.00	22.22	7	77	21	2	0	7
20120117_www.ttv.com.tw_cb231cb6f6db1271a5f66aa008f84aaff22148d7ca6bbaab2ef49725	3.01	1.83	8.33	50.00	100.00	33.33	2	107	22	1	0	2
20120117_news.xinhuanet.com_0bf8ad24afbb0f472aa167f14f9e54dbbb39afeca0e08ad4e9fffe4b	33.55	26.80	44.83	92.31	100.00	85.71	26	71	32	18	0	3
20120117_finance.ifeng.com_4310b3265d50be19b94e7d33b6e9fdec832e6ed8bc0e03ee314d2bf1	30.77	25.00	40.00	66.67	75.00	60.00	8	24	12	3	1	2
20120117_news.163.com_0882117e03052b98c766bd4e15d2e6aa988aabf88d7fd1f0e1f9738a	36.78	27.59	55.17	88.89	88.89	88.89	16	42	13	8	1	1
20120112_udn.com_effeaf198a54aa7965cdb2c92d02c8070e2aab996bb16d6e84965118	45.00	35.29	62.07	66.67	53.33	88.89	18	33	11	8	7	1
20120112_hk.news.yahoo.com_46c8f3836fbaf68c82325edae096d12f37a6423974c59ec4b63f6ac1	13.79	33.33	8.70	25.00	100.00	14.29	2	4	21	1	0	6
20120117_www.google.com_7714f0380b251f633643eb1c3a695affc578e6248d29cd076109c3f0	57.14	48.89	68.75	88.89	100.00	80.00	22	23	10	8	0	2
20120112_www.chinanews.com_590467e35d1cbc5bc66cf381c9200ec839e23bbed9592a39f8d04de1	40.00	40.91	39.13	94.44	100.00	89.47	18	26	28	17	0	2
20120112_finance.qq.com_cebeae44e4d82c4f875375da5bf65ca9239235c9247538399a7901e9	10.53	11.11	10.00	28.57	100.00	16.67	2	16	18	1	0	5
20120112_news.xinmin.cn_a53cab479e553d746ee031a5d874e46ef1232886022643910a4fbc98	37.04	50.00	29.41	66.67	100.00	50.00	5	5	12	2	0	2
20120112_udn.com_bb4aa33edfb58ac14b7346dc6d590191952f272f1777b72f5829a991	30.00	27.27	33.33	76.92	100.00	62.50	9	24	18	5	0	3
20111209_finance.huanqiu.com_4a4563251d29e0fb793c562a5cccf947c4b26a8b5537c7877dfd1dc3	47.06	46.15	48.00	80.00	85.71	75.00	12	14	13	6	1	2
20120117_news.ifeng.com_444da3f500caa44e693e0076ef2b9d5f8676448336409c004ec96a5a	32.50	28.89	37.14	91.67	100.00	84.62	13	32	22	11	0	2
20120117_news.163.com_0d1a6453522f125c7b37f7d058f0cf6b9934ed859b6dc81ef49b0687	38.55	40.00	37.21	72.00	100.00	56.25	16	24	27	9	0	7
20120112_finance.ifeng.com_e3e6688c1292a48438cee7d7a34fc6e01f442b6c78c14025fc412c03	5.32	2.85	41.18	72.73	57.14	100.00	7	239	10	4	3	0
20120112_member.nownews.com_173e8ed8c3f20713718f29378fa11ac1cce47824077069f268920ec2	17.65	13.33	26.09	28.57	100.00	16.67	6	39	17	1	0	5
20120117_www.libertytimes.com.tw_9765d08b2688faf175a10de09cc08c9594f0862c9eba888b7d42e4c2	25.00	20.69	31.58	75.00	100.00	60.00	6	23	13	3	0	2
20120117_www.uho.com.tw_b3b5f387a6aa24d56a043c6785a6dba3868003f010b674edac2eec94	34.15	31.82	36.84	92.31	85.71	100.00	7	15	12	6	1	0
20120112_www.awakeningtw.com_7937da7a6f55d79cc32b10aa955312382e916de58793df417bcfe62d	30.51	25.71	37.50	94.12	88.89	100.00	9	26	15	8	1	0
20111209_entertainment.dbw.cn_8fa5bdab49279054df3545634ea584e90ce02a9639ff58106cb9f2ca	13.11	11.76	14.81	44.44	100.00	28.57	4	30	23	2	0	5
20120117_www.fx168.com_0854665d1f6704cee1be6a4d3389d65dccdcd40213fa265f64879684	3.43	2.04	10.71	57.14	100.00	40.00	3	144	25	2	0	3
20120117_news.pts.org.tw_8933d3de91a4a342a463b01867371b3551c774354b0a1ec014d30387	10.26	8.70	12.50	0.00	0.00	0.00	2	21	14	0	0	4
20120117_news.pconline.com.cn_19d5f4b455807797ce881988e9bef6016c30ec90848482f641cf8b52	62.00	60.78	63.27	92.68	95.00	90.48	31	20	18	19	1	2
20120112_news.qq.com_d62600bd16c4754fc47829b7da1e38b868f06cf3a897e14dae2b08a8	67.42	73.17	62.50	90.91	100.00	83.33	30	11	18	15	0	3
20120112_it.21cn.com_47bb405693c7f694106d7802194a6b60f74c191de8edb731fdd0832e	23.53	20.00	28.57	100.00	100.00	100.00	4	16	10	3	0	0
20120112_beijing.jinghua.cn_6c89df3d832cd46b1f18a4338bc5dc841bb430c98e8ac05e9affbd5f	26.09	22.22	31.58	73.33	57.89	100.00	12	42	26	11	8	0
20111209_finance.ifeng.com_ee015223b5a354efa9a52ca00f0482e8b0f3cff28e4435fb8b74075f	33.90	27.78	43.48	80.00	100.00	66.67	10	26	13	4	0	2
20120117_news.sina.com.tw_1d492def559d6387a4424dcc81a419e351a8145449893a38e6778431	50.43	39.73	69.05	66.67	66.67	66.67	29	44	13	4	2	2
20120117_news.zol.com.cn_55b9a9468b63ee326f20ef18684864c4bd7f8cc5ecb25c4fee6af478	45.78	46.34	45.24	72.73	80.00	66.67	19	22	23	4	1	2
20120112_life.chinatimes.com_b1c2bc1336c0d3e26111481b968a74d9fa660cd9baabde79592b2741	29.27	40.00	23.08	83.33	100.00	71.43	6	9	20	5	0	2
