file	F	P	R	F.tag	P.tag	R.tag	TP	FP	FN	TP.tag	FP.tag	FN.tag
20120106_www1.rizospastis.gr_c3012ca8ca2a0968b8e9e79641f4699f8044d3a08a73dcbdfc81bf91	90.31	92.34	88.37	70.59	75.00	66.67	494	41	65	6	2	3
20120106_www2.rizospastis.gr_a7a091cc3d3f43051c1d9936b8c624431e06cc68b33122edaddc992c	96.00	97.81	94.25	0.00	0.00	0.00	492	11	30	0	0	4
20120106_www2.rizospastis.gr_3cb716eac237f1f7bcf5b28ff4d03f53d7ad825635a4075941062dcc	86.84	86.65	87.03	75.00	75.00	75.00	396	61	59	6	2	2
20111221_www.express.gr_473b6f39b78009b8a0db81b690d50d060be6df0afb48d985edfe8725	87.97	86.04	89.97	0.00	0.00	0.00	709	115	79	0	0	22
20120106_www2.rizospastis.gr_cc72f28afe32a750460efbacbda4d57b6edff351688288a36a59523f	91.83	97.02	87.17	100.00	100.00	100.00	163	5	24	3	0	0
20111117_www.express.gr_3a7503f984e19276fafaee944f124abc40f5019f6d714fe776d3e51c	76.34	66.23	90.10	0.00	0.00	0.00	355	181	39	0	0	14
20111128_www.express.gr_5ea35f8d3f8677bfe844c9e4048385563cb9ad1bc53664318a3a6743	82.38	73.83	93.17	0.00	0.00	0.00	491	174	36	0	0	9
20120105_health.in.gr_004c53da77f6a9296a961382585a3245aa5e4b1d2a8c27b2c0b05f0a	88.02	90.14	86.00	0.00	0.00	0.00	393	43	64	0	1	17
20120106_www2.rizospastis.gr_a0f860cb41ae2c3b953cf235d185cf1712018cc407b444ab1e827c1b	87.14	88.19	86.10	80.00	100.00	66.67	254	34	41	4	0	2
20111216_www.express.gr_64ac71e0d5681563f3e75768aee0872c9de9ccdb8d10e14c5ba86360	76.09	64.18	93.44	63.16	52.94	78.26	783	437	55	18	16	5
20120106_www2.rizospastis.gr_e5d6357544ca1d9a9d9402a219c058cd3f63a20c1dd410cc52e6d481	91.79	93.32	90.30	61.54	80.00	50.00	475	34	51	4	1	4
20120106_www2.rizospastis.gr_96b17e3dcadc28f81603031e63512767bbe5746b0f3084a84a743970	92.63	97.57	88.16	72.73	100.00	57.14	402	10	54	4	0	3
20120106_www.tovima.gr_5ccfcd5dc81da74ab6661a16fd7b3de18fc8d15ffaa35b40e3a7dbd0	87.32	93.33	82.04	66.67	76.92	58.82	434	31	95	10	3	7
20111115_www.express.gr_60c020d5a20cd32bc666c3802c29f4bf9f1ab818cbeca961cbfc3df3	81.40	72.41	92.92	0.00	0.00	0.00	420	160	32	0	0	8
20120105_www.tovima.gr_dbcf2d57f1b76bdc40669c282840a3409b8c518581e85ce81e4daf9f	82.25	81.93	82.56	6.90	6.25	7.69	322	71	68	1	15	12
20120106_www1.rizospastis.gr_626b66a3c33a4d73985317f4b6d4aba9ff0672358adca186c83815ad	83.35	80.53	86.37	57.14	66.67	50.00	393	95	62	4	2	4
20120106_www2.rizospastis.gr_c4a7903a237df85bb5d949b5e25e98697135c20e4a815f58682e75c4	89.34	90.81	87.92	76.19	88.89	66.67	524	53	72	8	1	4
20120106_www1.rizospastis.gr_dafd09614c48faabda09182993d6a6abaa82d1e9f3d718c92153a4cc	85.00	84.90	85.10	46.43	44.83	48.15	731	130	128	13	16	14
20120106_www2.rizospastis.gr_a3080aeaea1dd8ee4dd9e8839eaee10dc733e3f6999b3dda4ed6da14	92.56	97.11	88.42	85.71	100.00	75.00	168	5	22	3	0	1
20120106_www.ethnos.gr_44aae21960a8c7b7fffe2b0ee08830c11e2dfff034195fbfbc256ee4	90.30	86.78	94.12	72.73	80.00	66.67	512	78	32	12	3	6
20120106_www.tovima.gr_6d307fa8a293d2d3777242a012dd9c907afbe09ab654f0e6fe2b7e73	11.39	6.33	56.82	50.00	100.00	33.33	25	370	19	1	0	2
20111115_www.express.gr_56539caf20c6ff25edba98bb2a51a03dde06ae052798c5f91cb88e4c	81.11	72.73	91.67	0.00	0.00	0.00	440	165	40	0	0	11
20120106_www.sigmalive.com_be320757a36a7237f5e642f4df70bd00edf441e223aac4626bc69fab	90.28	95.59	85.53	88.89	100.00	80.00	130	6	22	4	0	1
20120106_www.rizospastis.gr_dbae745f644cb04526ce737e48bbcdf1455495bd43c6ee3c7407fdfe	91.46	97.85	85.85	66.67	100.00	50.00	182	4	30	2	0	2
20120105_www.tovima.gr_ad1ed3d7794d0ea47e0fa6cabd0d9b0550b14d5fcd1d46c3cd447730	85.98	87.82	84.22	25.64	27.78	23.81	411	57	77	5	13	16
20120106_www2.rizospastis.gr_f0622e0b95e1080529f45dac2940e1015b6d2ab446b56226a74f7be7	88.95	91.16	86.84	72.73	100.00	57.14	330	32	50	4	0	3
20120106_www2.rizospastis.gr_27192fd83b2742940e079905c57769efee7280c0f2a70e8b7fe1b109	95.93	97.11	94.77	90.48	100.00	82.61	1649	49	91	19	0	4
20111107_www.express.gr_20a584d29d10a3c203d5ca471a3c184d30d7b1a4e58779e002e0cbfc	84.03	76.44	93.29	0.00	0.00	0.00	584	180	42	0	0	11
20120106_www2.rizospastis.gr_cb4de93f7f3e81ea49fc237ed8b6e7f16854c7193f267fa2794e601e	88.95	89.68	88.23	11.43	11.76	11.11	652	75	87	2	15	16
20120105_health.in.gr_e8edbd1ecc4b35d45dc569b9758af3498eba78c3aed809bb0269a1c1	88.59	91.83	85.57	9.09	14.29	6.67	427	38	72	1	6	14
20111110_www.express.gr_fc9eda2e0ff459066717f3a54e84e0562bbbabbd8c77424f5111d1b6	81.10	72.47	92.06	0.00	0.00	0.00	429	163	37	0	0	8
20120105_www.iatronet.gr_beb0bb54d8d761e3ec3af448128046930f8fe7603e924044b256e322	37.04	24.39	76.92	66.67	66.67	66.67	40	124	12	2	1	1
20120106_www1.rizospastis.gr_e5604ddccf9bb60dfdbb5dfe1df2cfa18f7030f6f65f8ff52ba466a7	45.31	82.86	31.18	40.00	100.00	25.00	29	6	64	1	0	3
20111111_www.express.gr_256f9080fd01b4846351b84bb4129eff8bcca307d9deddbf786948bd	76.65	65.96	91.48	0.00	0.00	0.00	279	144	26	0	0	6
20120106_www.sigmalive.com_933d4d485b475e4ddc031824c7494f26cc52dad11af991fd6adc8baa	95.26	94.98	95.53	90.00	100.00	81.82	492	26	23	9	0	2
20120106_www2.rizospastis.gr_c44d5229886107a964158809a7762986d468cbec420700d03e3fef7f	94.07	97.85	90.58	83.33	100.00	71.43	500	11	52	5	0	2
20120105_health.in.gr_9aff1149c40ef5839c0c58532ceac309a5ea459588a12c3a24408ea2	86.60	86.73	86.47	9.52	10.00	9.09	294	45	46	1	9	10
20120106_www2.rizospastis.gr_b6790588a82e5a49bbeb17c84d2d9955724b60b3149ff61a623706f7	86.20	92.71	80.54	0.00	0.00	0.00	178	14	43	0	4	5
20120106_www.ethnos.gr_1084803ed0be38ec9e1cd259051c6724425a18b4729e37010668f164	81.83	73.10	92.94	80.00	85.71	75.00	250	92	19	6	1	2
20111207_www.express.gr_5a2b984dd7cae62f5e2aa1e96ffeb4a2232535a31b16445374f66c5f	87.06	83.57	90.85	76.47	81.25	72.22	417	82	42	13	3	5
20120106_www.avgi.gr_32758bb0414ec845fa2c99f6114bd72bfe5267d725c46c88b341b882	91.28	93.03	89.60	80.00	100.00	66.67	267	20	31	4	0	2
20120106_www.kathimerini.com.cy_1237811088607f097f4d460a3f33776468f75970e9775b9b4f2a42dd	82.79	94.39	73.72	33.33	100.00	20.00	101	6	36	1	0	4
20120105_health.in.gr_ce02e86026b514251d6e6f8541c9650917fc21da910b24778e3c6c83	89.61	91.76	87.56	0.00	0.00	0.00	345	31	49	0	6	10
20120106_www2.rizospastis.gr_38caad2915651ddcf48231eb5f4ab64cd6a7b92c8c02b513f402d29e	95.19	97.63	92.87	0.00	0.00	0.00	495	12	38	0	0	6
20120106_www2.rizospastis.gr_4c627406ff6c4cfec9c51f5085dd6caa44978ae56797a0fb64af7695	91.67	96.06	87.66	66.67	100.00	50.00	341	14	48	3	0	3
20120106_www.tovima.gr_7abd8f795d5f410943446e48770f6a123cfddb0f827dd8ca705708d2	78.60	80.48	76.81	9.09	10.00	8.33	202	49	61	1	9	11
20120105_www.iatronet.gr_592fa311de7833d5d1ece2963aa544e055bf7a765e7d0414c7c2bc5e	70.65	58.31	89.61	66.67	62.50	71.43	207	148	24	5	3	2
20120105_www.tovima.gr_07b79daa65528f984e29ec38a6e8e0118143b4371a485c802d651f7e	93.13	93.59	92.67	41.38	46.15	37.50	657	45	52	6	7	10
20120106_www.tovima.gr_526e56bd7f9e2305519228aca4dc084ed33a3ee06a1192f3a43644f6	88.26	89.38	87.17	62.07	69.23	56.25	530	63	78	9	4	7
20111222_www.express.gr_95ab89f215d2fbfc626d18e0207d95c6ae39e790098120fc76942422	77.82	66.74	93.31	0.00	0.00	0.00	293	146	21	0	0	6
20111216_www.express.gr_b3e6051f0dd31380ead5dabc3379f11543208e81c92d880417870d5b	87.61	84.47	90.99	82.35	93.33	73.68	1061	195	105	14	1	5
20120106_www1.rizospastis.gr_a0c46c9e11a7fe0ec70aca89596807dddb688b5ee5f21075f8563f54	92.15	94.37	90.03	0.00	0.00	0.00	352	21	39	0	4	5
20120106_www2.rizospastis.gr_06396d8fa53c5b4e72a96d668b31aa1ecf07ab9d94f8eb442ca04b5c	58.06	85.71	43.90	66.67	100.00	50.00	18	3	23	1	0	1
20111118_www.express.gr_f226bbc41a07c1a1f6e320e7fe083986f5535a367c8d18b006d92de8	82.50	78.59	86.82	0.00	0.00	0.00	514	140	78	0	0	17
20111220_www.express.gr_07fae9dc16db9e3fa4b72504291c46a4ab71234ff69751ad7f34badb	66.67	53.74	87.78	0.00	0.00	0.00	158	136	22	0	0	6
20111124_www.express.gr_41edb297aa4c3872c400d4cafdd44d524fc56f1c7c28eaf2c3ae6256	74.82	63.77	90.49	0.00	0.00	0.00	257	146	27	0	0	8
20120106_www2.rizospastis.gr_b2138c0b117a24a9b0c5c862bd74433afa9e267d5007d241ea613877	94.18	97.14	91.40	88.89	100.00	80.00	340	10	32	4	0	1
20111109_www.express.gr_6066839f4292469965d02e2879526a4fed12f6a8c4e1ba5ecc111893	81.04	72.01	92.66	0.00	0.00	0.00	404	157	32	0	0	9
20111116_www.express.gr_1db2023edf82f75860f86aaae5f4f7cd09cda3ce998e53aab61cef0b	85.81	78.53	94.59	0.00	0.00	0.00	629	172	36	0	0	12
20111208_www.express.gr_da882fcb03388a9eb9b305a1b9fe9172e88e3dd13a766f46dd793e21	83.02	75.00	92.96	0.00	0.00	0.00	528	176	40	0	0	12
20120106_www1.rizospastis.gr_3bceecc05f9f8ed4e10be7860293dab4aa6615fc4245f6889c0f75c8	90.99	92.83	89.22	66.67	100.00	50.00	207	16	25	1	0	1
20120106_www2.rizospastis.gr_65f79f0c8c9c7b88c9798ff946fe94a0aeb143d875f44cbc190102a2	90.50	93.89	87.34	62.50	71.43	55.56	338	22	49	5	2	4
20120106_www2.rizospastis.gr_59047665d06bfe2a79a6cb23a841225acd543f670882bf5c5b8b9d61	90.73	91.84	89.64	80.00	80.00	80.00	225	20	26	4	1	1
20120106_www2.rizospastis.gr_47c20c12563f82cfff24713ca108825f2bf598af601a270e78a7f104	95.02	97.72	92.46	76.92	83.33	71.43	429	10	35	5	1	2
20111209_www.express.gr_46ec12e526b67d96ff38821c694d5361d8be99ade2067b8430e7b960	58.47	45.34	82.31	0.00	0.00	0.00	107	129	23	0	0	6
20111108_www.express.gr_95662e961b75586f8d3cbf40783417e579e5f8568ff39355feb442a0	81.37	72.27	93.09	0.00	0.00	0.00	404	155	30	0	0	8
20120104_www.ethnos.gr_e448555d474b216bc3089149adc72d7919a6b993918f342124259b5a	88.66	84.16	93.66	45.45	50.00	41.67	473	89	32	5	5	7
20120105_www.iatronet.gr_98e29d2767115b1eec228b6b1d5324684f1e377a61ff2992511a092c	53.17	39.82	80.00	40.00	33.33	50.00	88	133	22	2	4	2
20120106_www.ethnos.gr_3b5f67cacc3ead1a2b0f7ea99e704b65e0b723d7cb2e54b567099190	25.78	15.12	87.45	25.81	16.67	57.14	202	1134	29	4	20	3
20120106_www.madata.gr_7fe67e5cad2bb97f9591b75debb7ab74fb06fff553080d7225b5b28b	90.28	93.41	87.35	6.25	100.00	3.23	794	56	115	1	0	30
20120106_news247.gr_9642177fd2e47bb2f105ff5d29a24bed2818abacac9ae5a27f744f07	90.07	94.91	85.70	80.00	75.00	85.71	653	35	109	24	8	4
20120106_www.ethnos.gr_4acbe762fc9067b1ac711dc400e09f5624e11cb5cecba6dd3f11863e	88.91	86.34	91.64	72.00	64.29	81.82	493	78	45	9	5	2
20120105_health.in.gr_4a7cc31923297628d65e4bb867cc70cd36d4943d943638e7c5c67110	89.88	89.52	90.24	12.50	13.33	11.76	555	65	60	2	13	15
20111107_www.express.gr_a22334a5897264c602d403563a377b23fe209d1eaa1e49c06510ca16	73.93	62.92	89.59	0.00	0.00	0.00	241	142	28	0	0	8
20120106_www1.rizospastis.gr_082fa9016c2096df4877f57acc73575eeb7f61307349a2e66adb623b	95.23	98.03	92.57	90.91	100.00	83.33	349	7	28	5	0	1
20111117_www.express.gr_d2562f3c6adb36b590741e0ab5f74e301958cba3810017779b579008	76.64	66.67	90.12	0.00	0.00	0.00	292	146	32	0	0	7
20120106_www.tanea.gr_2743af7d3edc812bc1f95226dd820db129f103e1fdcbab4747d48ca2	89.44	90.38	88.52	85.71	85.71	85.71	216	23	28	6	1	1
20120106_www2.rizospastis.gr_1393daa49ac0bd1888f5ad8b1f4b0026ba2088affae82ba7ba875d33	95.92	98.06	93.88	0.00	0.00	0.00	506	10	33	0	0	5
20120106_www.ekathimerini.gr_66c892f03f51842a17d8f50b3b8d78773079414488f4cc26419290d5	95.74	95.88	95.60	92.31	100.00	85.71	326	14	15	6	0	1
20120106_www1.rizospastis.gr_6324ccce3bf2584356381cf2d0a9f6b1ec45b8e85264a46283e22608	94.78	97.67	92.05	88.89	100.00	80.00	336	8	29	4	0	1
20120106_www.rizospastis.gr_b3a2647643910af92a4e94aa6af092dd222b919c18104ca46e5148fd	90.71	91.52	89.91	80.00	100.00	66.67	205	19	23	2	0	1
20120106_www2.rizospastis.gr_153049d6282cedbdce143ef6cc1ab7ec8e554ca00af0955afcfd58a3	94.66	94.17	95.16	82.35	93.33	73.68	1277	79	65	14	1	5
20120105_health.in.gr_95529ecbcd447882db17066571410eaa5abb659669410269e309d7ff	86.72	86.64	86.79	0.00	0.00	0.00	506	78	77	0	15	15
20120106_www.kavalanet.gr_439c1c31f81f17eb2bdb5534dcc59a6da4532b05c6c6583b269e2c0d	85.71	83.86	87.66	28.57	66.67	18.18	348	67	49	2	1	9
20120106_www2.rizospastis.gr_6877174498b98fffd102234307b963b4319128796e784e3eb00bfdc8	90.00	90.88	89.14	60.00	75.00	50.00	279	28	34	3	1	3
20111129_www.express.gr_43bbae2ad58c174e903cf0f7a4aa96207a86cf2a5d488ae808d0f663	76.82	65.88	92.11	0.00	0.00	0.00	280	145	24	0	0	7
20120106_www.imerisia.gr_a2be2693cc9f782331507fb88a7ca0d4e2dab3c9785a50d64606b5e8	91.37	90.64	92.11	0.00	0.00	0.00	455	47	39	0	3	10
20120106_www1.rizospastis.gr_ceb3b16b1edb4e9c17c96cecb18c8b7485a80f353fa986a9dddd2259	92.84	96.14	89.75	50.00	60.00	42.86	324	13	37	3	2	4
20120106_www1.rizospastis.gr_e53ffb7a7f150345dfe882e7ef338f8e1063da6319be5301ce2eb2f9	86.80	87.85	85.77	55.56	55.56	55.56	434	60	72	5	4	4
20120105_www.tovima.gr_281d8eb32b804880b2e3872d312977d42de48ad934565abff355c4a5	87.97	88.94	87.02	77.78	82.35	73.68	362	45	54	14	3	5
20120106_www.rizospastis.gr_a5dd180392c350fc5216a1d567f4f5f10801947349d28f25e9103517	95.22	98.71	91.97	66.67	100.00	50.00	229	3	20	1	0	1
20111108_www.express.gr_8d87eac6228b913fedfc02679a661fc6e5549935017c9961eb77e303	79.47	69.38	93.02	0.00	0.00	0.00	333	147	25	0	0	6
20120106_www.rizospastis.gr_19eb948b0ebf60960660fdec71812591b074d933dd9428469fa12602	71.34	72.49	70.22	50.00	66.67	40.00	224	85	95	2	1	3
20111215_www.express.gr_c320a7f3e07dca9df780b5037300e0ff5707dd591963fc6c1e06583f	85.63	81.20	90.59	48.00	50.00	46.15	462	107	48	6	6	7
20120106_www.tovima.gr_e86e96f302600f04a179aed847390294542f51d1503da4b522c54ba8	90.41	92.26	88.64	11.76	16.67	9.09	429	36	55	1	5	10
20120106_www2.rizospastis.gr_6c1891ba7050580ca6c1d46be688b48b0f2000aac3b0b3eb370922bf	90.07	91.18	88.98	66.67	75.00	60.00	331	32	41	3	1	2
20120105_health.in.gr_2d5283f445d02655a1938ade9ef89594f9f3703bcccbcdab7e34ebef	87.96	87.08	88.86	8.33	7.69	9.09	391	58	49	1	12	10
20111103_www.express.gr_b790b5da5f6a30c85f59855f847023204bb8b8f289a2c430be3f8e10	81.26	72.02	93.22	0.00	0.00	0.00	399	155	29	0	0	6
20120106_www1.rizospastis.gr_efb243352900c75b75af5f47c36ab1410908dd5082cbde5280654b01	92.66	97.79	88.05	33.33	50.00	25.00	221	5	30	1	1	3
20120106_www2.rizospastis.gr_41d4e64dcd0c98b6230384caa2b7c344d9e5f29d2cede980c9903f76	96.08	96.92	95.26	74.07	100.00	58.82	1227	39	61	10	0	7
20120104_www.ethnos.gr_5683f335ca018cb298ef4c230fe01cd48e2cf9274e8b2a8102fd2861	91.38	96.80	86.53	0.00	0.00	0.00	514	17	80	0	0	18
20120106_www.tanea.gr_3636bb961fc41b8cea72f7318753d851c18e45d9733070b62bde3763	88.45	95.69	82.22	50.00	100.00	33.33	111	5	24	1	0	2
20111115_www.express.gr_acb32363b90ee8aed08fb756afea5c8f035162a21dbf9c4d89156667	81.78	73.02	92.92	0.00	0.00	0.00	433	160	33	0	0	9
20111124_www.express.gr_5b7195d8167087d0cac73874900dbaf94452577d900c917daddc2049	82.76	74.20	93.57	0.00	0.00	0.00	509	177	35	0	0	12
20120106_www.tovima.gr_778fc562195b4f5c513d5409326ea5f59cfda0cdfc2ac2803bb61467	25.85	15.24	84.97	2.48	1.31	25.00	243	1351	43	2	151	6
20120106_www.healthierworld.gr_8f1ebb75121b55f2bf3e3904f7531de2e91e18ebcc2e8cac720e66d9	93.33	98.00	89.09	87.50	100.00	77.78	245	5	30	7	0	2
20111107_www.express.gr_dfc1885e3264b533a48748b5e2154a32e563195109ed7424a5340ac1	80.85	71.79	92.51	0.00	0.00	0.00	420	165	34	0	0	8
20111121_www.iatronet.gr_ac6cc5580cf7b6c946fcd9fc07097f52de72399d63ad4aaef285b4fb	84.37	75.42	95.73	82.35	87.50	77.78	448	146	20	7	1	2
20120106_www2.rizospastis.gr_802011dc8844d88519901fcb001b74d86ff3d3a1ceec7f2f606b8712	91.45	97.89	85.80	66.67	100.00	50.00	139	3	23	1	0	1
20120105_www.tovima.gr_52df3a2ac78fa224f229919e635bde144016f650c22f7b006f05b83b	91.22	90.42	92.02	68.29	73.68	63.64	623	66	54	14	5	8
20120105_www.iatronet.gr_a7fac937931bd32d79c8a3bfc62a8c40fa80040d39a0a4eb4217b899	36.63	24.34	74.00	50.00	100.00	33.33	37	115	13	1	0	2
20111223_www.express.gr_374762ff4e1b04230ae3e3f963a915f8bdc31896297eb788bb6fc9b1	74.49	62.47	92.25	0.00	0.00	0.00	238	143	20	0	0	6
20120106_www2.rizospastis.gr_8e1358b4af8ab46e79216e8c3e5c757a4e602d1a9fd24cadbc05a47e	89.66	95.71	84.32	88.89	100.00	80.00	156	7	29	4	0	1
20120106_www.ethnos.gr_b15e984c9d3ce172467f41784f3c1eb2d2d7b6605d9030ec1731d067	86.39	80.36	93.39	81.82	90.00	75.00	311	76	22	9	1	3
20120106_www2.rizospastis.gr_e9512e8ed6f6bd10b993373bec9cc17d175df950b960b0046e35da3f	88.79	93.95	84.17	66.67	75.00	60.00	202	13	38	3	1	2
20111220_www.express.gr_b653280ceb3725e0bf879e115a50c2f08b70fc2359a66f1489b29568	74.16	61.76	92.77	0.00	0.00	0.00	231	143	18	0	0	5
20120106_www1.rizospastis.gr_30d12031433cfe118d842ab19f305db0825668b5e0a57d6bf1e36f89	91.08	95.10	87.39	80.00	80.00	80.00	194	10	28	4	1	1
20111108_www.express.gr_f55f99a0ba28eafd617327ce280104e26403c489240a5b6a8f695838	69.25	57.01	88.18	0.00	0.00	0.00	179	135	24	0	0	6
20111125_www.express.gr_14f9f62d33e82fd04a24eae22121a78d1c99a4d02c2379150e9318f6	85.14	82.71	87.70	50.00	66.67	40.00	378	79	53	6	3	9
20120106_www.tovima.gr_5940ed0617315b880dbed5f098069a51cfe09eb6bdf4e07a2e64211a	80.65	80.51	80.80	0.00	0.00	0.00	223	54	53	0	1	8
20120106_www2.rizospastis.gr_4e4eaf02db02876450dc459fd997fb8c7cecbab449aed2ed2326526a	90.23	93.27	87.38	71.43	83.33	62.50	471	34	68	5	1	3
20111208_www.express.gr_7e6c81d6363b6b098fdb9209cb5e1eaeb8f6652188f39bed5a3fcc8e	79.77	71.28	90.55	0.00	0.00	0.00	412	166	43	0	0	13
20120104_www.tanea.gr_4856692393303ac0750faa08921b46275dbf7b8743a1784b3a02e16c	9.67	63.33	5.23	0.00	0.00	0.00	19	11	344	0	1	10
20120105_health.in.gr_84db9e562bf0c4d0615291729f4f4e7ea9f6bf332227db41acf2ea1c	89.10	94.70	84.12	33.33	100.00	20.00	143	8	27	1	0	4
20120106_www2.rizospastis.gr_d0eac29f1bac96e9ce4b5f20f280d7114946f07311a907d9cafcbe5f	90.95	93.83	88.24	90.00	100.00	81.82	608	40	81	9	0	2
20111124_www.express.gr_b265df49bdcd900f8f251ea5c3fefe09438ea7270187d1228ce54a87	69.94	57.10	90.24	54.55	60.00	50.00	185	139	20	3	2	3
20120106_www.tovima.gr_8cb36110ec08965bf63853a9febef058a14d3410fadd3b74fae577a5	82.02	89.02	76.04	83.33	100.00	71.43	146	18	46	5	0	2
20111110_www.express.gr_6731493104b964ea9ee16b34b11871b08ddca1452726df3e47a44c93	80.69	71.56	92.51	0.00	0.00	0.00	395	157	32	0	0	8
20120105_www.tovima.gr_6c13ebd6b1b775f164ce483856462aa70e0b621d6e1a83c136133edf	87.69	88.68	86.72	26.09	27.27	25.00	431	55	66	3	8	9
20120106_www2.rizospastis.gr_2a18d89155f262735d35e82738c20f88b2c5aed7ad87a9cd672b5df9	85.41	94.05	78.22	66.67	100.00	50.00	79	5	22	1	0	1
20111209_www.express.gr_9cacbe500f05dd8a84d8ceb89f45b220ba877c4bd9d37b07e1917200	76.28	65.21	91.88	0.00	0.00	0.00	283	151	25	0	0	8
20120106_www1.rizospastis.gr_021a03d9892b5122d55f70ae6d4cdad2674283c2ec16b6f7aae4e54c	71.19	88.98	59.32	50.00	100.00	33.33	105	13	72	1	0	2
20120106_www1.rizospastis.gr_e769aa28eac392e0799b29ca6171a3fb529a867e5978ecf9d47e56e1	91.35	91.77	90.94	97.56	100.00	95.24	301	27	30	20	0	1
20120106_www.gazzetta.gr_08c549a0919d357dd41899a171b9bd889cc8a0b0fff492502324918c	82.17	88.36	76.79	40.00	100.00	25.00	129	17	39	2	0	6
20120106_www.iatronet.gr_7b13aab24b934713b4482ff88814ae5abc0c5d616377b401392a5b08	70.49	56.49	93.70	61.54	48.98	82.76	892	687	60	24	25	5
20120106_www.ethnos.gr_a42db6b3ddeedd18a628ff1a3885527ca306bc24806702e14105a9f8	77.74	65.92	94.71	63.64	58.33	70.00	412	213	23	7	5	3
20111230_www.express.gr_c0f338f1ae6dc751438af63bf1597e1d3d616482420662d253c1735f	68.35	56.55	86.36	0.00	0.00	0.00	190	146	30	0	0	9
20120106_www.tovima.gr_755883832374b7f11e02561b77076936a5c5561df0d3115825ab1b2e	78.44	78.93	77.96	0.00	0.00	0.00	191	51	54	0	1	9
20120106_www.tovima.gr_1eb5534d2cbe955ec6ae37fd69543c89eb1ad465f855145f167ccd90	85.81	92.11	80.31	52.17	54.55	50.00	257	22	63	6	5	6
20120106_www2.rizospastis.gr_7e8a0d053145e23ee184f445fcbe04cc4f3ca0381c3a43480af6b3f9	88.71	90.66	86.84	66.67	100.00	50.00	165	17	25	2	0	2
20111109_www.express.gr_2376175721162e688c97059cfb03f2837079f90a08aa9f6367da76cf	78.61	68.83	91.64	0.00	0.00	0.00	329	149	30	0	0	7
20111209_www.express.gr_f212a6708594ea38e73b3fe1314db81c8589616b9328807d08c6d7e2	85.80	83.33	88.42	56.00	77.78	43.75	420	84	55	7	2	9
20120106_www2.rizospastis.gr_92c6d53173a3dde62f6b1f10e9bc3d63ad18a1fbfc0593cf938cd84c	94.95	98.33	91.80	80.00	100.00	66.67	235	4	21	2	0	1
20111111_www.express.gr_9477f83c4114b83ec491f8dd605341de29bb64cb0e5b56efa78e03e8	81.02	71.29	93.83	0.00	0.00	0.00	380	153	25	0	0	5
20111229_www.express.gr_e89708756b62de16c045024abce18962f4887cceb384ba4d436dae93	81.70	72.46	93.65	0.00	0.00	0.00	413	157	28	0	0	8
20111103_www.express.gr_00432316609d53b9b165a50c0f43ba303c9d4babab967870dac4c878	79.50	70.46	91.21	0.00	0.00	0.00	384	161	37	0	0	9
20120105_www.iatronet.gr_6682b2563f1e08d6fc34d95f38dfe00e0168e0d2dfa2b37c33c8f0da	41.05	28.48	73.44	40.00	100.00	25.00	47	118	17	1	0	3
20120106_www.madata.gr_4a84a307028016904aae04b4c8eea2f151bc26c63e1e71df15a7a8a9	78.95	82.42	75.76	75.00	100.00	60.00	75	16	24	3	0	2
20120106_www1.rizospastis.gr_47e68d4610bab629936a8ee14bfc94672c7600f69963505a6348049a	92.19	94.87	89.65	57.14	66.67	50.00	407	22	47	4	2	4
20111229_www.express.gr_b611ea42be0555cfff74b352778168e2970dfefc4b9e88492e7bb17f	82.96	74.51	93.56	0.00	0.00	0.00	494	169	34	0	0	10
20111206_www.express.gr_fe5aaffb179cb79d777721a048b5fe804bb1bf6c8201e3611fa83eb7	81.54	78.95	84.30	20.00	21.05	19.05	435	116	81	4	15	17
20111121_www.express.gr_f9655722c07bbf29cfdfdc1beca6c36af03ae03d33da430619e3b424	82.01	72.85	93.82	0.00	0.00	0.00	440	164	29	0	0	8
20120105_www.iatronet.gr_3c658790e4145694b954a2018111cf5dab6c85e8da48b0d9a9957e9f	32.17	23.72	50.00	25.00	50.00	16.67	37	119	37	1	1	5
20120105_www.iatronet.gr_b14375ab46160ef5bfa6ad36b032440f1a35cab51049b090d00c1251	38.32	25.62	75.93	40.00	50.00	33.33	41	119	13	1	1	2
20111221_www.express.gr_069b684b39c02aaecedd887d39bbcabf1b78e4e33f2cb0fc602a7970	72.03	60.06	89.96	0.00	0.00	0.00	215	143	24	0	0	7
20120106_news.in.gr_b383053cb8a5cfaed77a3c484a291f9b048e9b6ad6fb0356eb5c42bc	60.97	50.56	76.79	0.00	0.00	0.00	182	178	55	0	1	10
20120106_www.gazzetta.gr_ea4afc824e8faac366c2da2ece24ca990251ccdd555ea51a8e647efb	80.00	86.40	74.48	54.55	100.00	37.50	108	17	37	3	0	5
20120106_www2.rizospastis.gr_540c1430ae93ee9b654f98ab6652d5ba0afe0afef7a919cb6de82216	93.19	94.05	92.34	66.67	100.00	50.00	253	16	21	1	0	1
20120106_www.tanea.gr_d60bfacbf5fe60959518fa29c45294f3545a0fe1531af25daffb1863	83.17	77.41	89.86	0.00	0.00	0.00	257	75	29	0	0	7
20120106_www2.rizospastis.gr_df3146054cbda7e9058cbba3a075af40f57fc82b67ea721da0305cbf	90.15	94.50	86.19	28.57	33.33	25.00	206	12	33	1	2	3
20111219_www.express.gr_36151b6ff7434e17bcc491b8f8d581a4389e87211b7f28e84e5ebac8	85.20	77.66	94.36	0.00	0.00	0.00	636	183	38	0	0	9
20120106_www2.rizospastis.gr_2bc56259d925e38b2f096ed4233e8951545100cf50ea2b55de1da2b7	89.40	91.43	87.46	57.14	100.00	40.00	523	49	75	4	0	6
20120106_www1.rizospastis.gr_aadc308f71018447452ad6fb40067cf4dd6d6d31be27f50a2d32b713	89.76	90.17	89.37	75.00	81.82	69.23	706	77	84	9	2	4
20120105_www.tovima.gr_09ed421a7f788e6271d6b95c3e691151012f2444cddceaec0d1f6583	87.22	86.47	87.98	59.57	56.00	63.64	505	79	69	14	11	8
20111222_www.express.gr_4d10b42a2ff71ce8ae177ae35a1b3a9696e59cba580a3eef8910038e	70.82	58.70	89.24	0.00	0.00	0.00	199	140	24	0	0	6
20111121_www.iatronet.gr_a359fea8cec89bca54e31c033e9688d9c666729ac3983054a7c5957a	60.15	47.76	81.25	44.44	66.67	33.33	117	128	27	2	1	4
20120105_www.iatronet.gr_d5cd556d7fa19bb67de03c43848019f43d36c51914e14f3331d35d65	36.36	23.75	77.55	50.00	50.00	50.00	38	122	11	1	1	1
20120106_www.sigmalive.com_706667b30210baedb84142980667c475d49778c1d8a085ee6a5c274d	96.10	95.70	96.50	85.71	88.24	83.33	579	26	21	15	2	3
20120106_www2.rizospastis.gr_e5563fdfa8d064db1c5e31fef6b5477f92e8fd3acf6304c327db26b5	84.64	86.05	83.28	70.00	77.78	63.64	259	42	52	7	2	4
20120106_www2.rizospastis.gr_a1a26f86a33c6a34853eaea42092a9963f9085a492a93cfa6bec8c5d	83.80	82.44	85.21	27.03	26.32	27.78	507	108	88	5	14	13
20120106_ygeia.tanea.gr_98b58c7da7ca2ec61067a99a266939be511fb5a5c4fe3863680042c0	84.79	87.62	82.14	0.00	0.00	0.00	276	39	60	0	0	12
20120106_www2.rizospastis.gr_987eb735663b2778b1d789a57bf7c111241aa8c44270b4d6196fb144	92.67	97.00	88.71	63.16	85.71	50.00	550	17	70	6	1	6
20120104_www.ethnos.gr_41c1158cb5999496f2b3c118f71758cfa6578f69df655d583c9f04ab	87.31	80.06	96.01	73.68	70.00	77.78	265	66	11	7	3	2
20120106_www.tovima.gr_00f8666084f9c41f6d9145a78c5b5d9126027542441e457f57a2fa9f	91.24	95.04	87.73	66.67	81.82	56.25	479	25	67	9	2	7
20120106_www2.rizospastis.gr_b3ebfe01d7238d8801c3ceb926f44d3b8179ef45ce38c791b085097d	87.11	88.02	86.22	72.00	81.82	64.29	676	92	108	9	2	5
20120105_www.iatronet.gr_3ae12d87cee7ca736bd9e95dfcf7b297cd86198eeff9c1c23d5a06d9	38.14	25.47	75.93	50.00	100.00	33.33	41	120	13	1	0	2
20120106_www.imerisia.gr_5b2ec712d4b755430be0f5536db84e99522b3d723286d2793ea92058	25.70	15.00	89.60	0.00	0.00	0.00	724	4102	84	0	26	17
20120106_www2.rizospastis.gr_ab25098eb16959b61f71e7c2f1b79cad7d068f0cbb7db91c4774ae51	85.71	91.30	80.77	88.89	100.00	80.00	147	14	35	4	0	1
20120106_www1.rizospastis.gr_3e2bbbd8d5cb24dbfc5c6fc857b1d03875a6c8d8b3c64991971a6a31	92.06	96.57	87.95	75.00	75.00	75.00	197	7	27	3	1	1
20120106_www2.rizospastis.gr_175ef58f03c5ec5eb5f21ecbd79a8713f911f090da7ee742412b847a	90.14	90.38	89.89	50.00	66.67	40.00	329	35	37	2	1	3
20120106_www2.rizospastis.gr_c352ca0c0cc3030f7761de320e1c1825c6f85c3dd5bfe13daaf99b9a	96.62	97.31	95.94	93.83	90.48	97.44	2458	68	104	38	4	1
20120105_www.tovima.gr_e86e96f302600f04a179aed847390294542f51d1503da4b522c54ba8	91.37	92.26	90.51	12.50	16.67	10.00	429	36	45	1	5	9
20120105_health.in.gr_c46670d6a0dbfb0d3ed686dd447da10856af76a947ff3f61cb6956a9	82.96	82.05	83.90	0.00	0.00	0.00	224	49	43	0	11	8
20111109_www.express.gr_a5406a8d760df5c8f1ca77c7e5671bd70adc898b907cef3fa9d6894f	0.57	50.00	0.28	0.00	0.00	0.00	1	1	350	0	0	8
20120106_www1.rizospastis.gr_a66540e5c02b4b77e798998767348ba94e0183e7eb823c14ee211350	97.52	97.78	97.26	86.57	95.08	79.45	6177	140	174	58	3	15
20111118_www.express.gr_b1d00a3c56c49cd86bcf9653724333eb6a71e93b6da21e030198d6c0	81.17	72.43	92.31	0.00	0.00	0.00	444	169	37	0	0	11
20111110_www.express.gr_004288b23e8124db70326e1ab7a0a03f5d153453798f7598c3c548b9	77.68	67.34	91.77	0.00	0.00	0.00	301	146	27	0	0	7
20120106_www.tovima.gr_44cda937d91ce60e3c1445ec47ba270634f8fcfe3ba582a7d9e9bf99	89.55	92.40	86.87	64.29	75.00	56.25	450	37	68	9	3	7
20120106_www2.rizospastis.gr_207a2c2e5a14bcb14e360f2913c0761321c2fbe1c07aa6807136fa87	90.32	90.15	90.49	94.34	92.59	96.15	476	52	50	25	2	1
20120106_www.ethnos.gr_0710aec251283d5eed5180a4665fa59e885d40dc7c75840e6971c723	81.86	75.19	89.81	62.50	62.50	62.50	194	64	22	5	3	3
20111222_www.express.gr_cbb1bc7cc4b02645bf465743537fcdc1ad8251d3f4890f0e865f9e4d	71.77	59.94	89.41	0.00	0.00	0.00	211	141	25	0	0	6
20120106_www.kathimerini.com.cy_8ded27b855005117ea8cb17e663d58176100e779765a4edc88639a85	85.48	90.60	80.92	66.67	75.00	60.00	106	11	25	3	1	2
20111110_www.express.gr_524763985528fc595aa2eb584bd3a46f398b40073458ef6c521430bf	82.88	75.78	91.45	0.00	0.00	0.00	610	195	57	0	0	15
20120106_www.tovima.gr_743ded6e97f5182f3a2011cdd167996edc192c096917e935f1140f78	88.86	93.03	85.05	59.26	66.67	53.33	347	26	61	8	4	7
20111108_www.express.gr_05963c5c8f8e6c81583d2f0d1516236a680d1f2bcf814a5e9c3cd66e	79.82	70.26	92.39	0.00	0.00	0.00	352	149	29	0	0	7
20111202_www.express.gr_f029245942ee5e82f8bb398a4f8e7b4e9489c673f5e13f30816469f0	83.37	75.78	92.63	81.63	76.92	86.96	654	209	52	20	6	3
20111205_www.express.gr_b669808e9650e397551acabb032c65d63dba53ccc910d40902cee95b	71.40	58.86	90.74	0.00	0.00	0.00	196	137	20	0	0	6
20111104_www.express.gr_374193c3be99145c215b4474444c811d3f83b20ab84040d701ee7a21	83.46	75.29	93.60	0.00	0.00	0.00	512	168	35	0	0	7
20111228_www.express.gr_91844eaf591aafd47722010a53052af617c7d3b1344e13d0d5f1e422	74.75	64.27	89.31	0.00	0.00	0.00	259	144	31	0	0	11
20120106_ygeia.tanea.gr_895bdbab456571b6ba8bbfccf42a7a4217e64a02b0be91c3631f21d7	96.40	97.48	95.34	93.33	100.00	87.50	696	18	34	21	0	3
20111214_www.express.gr_87100ba7f8ccb4d12fdd727a588bb5f475b081b539784920d3e3d202	1.31	50.00	0.66	0.00	0.00	0.00	1	1	150	0	0	24
20120105_www.iatronet.gr_4d796b56bc5459bdc651928263d79cb6923e3481e78bea4612d58bd7	38.32	25.62	75.93	40.00	50.00	33.33	41	119	13	1	1	2
20120106_www1.rizospastis.gr_6c8418e0c9de1caebf7d1014ac85cc2dfdb189305fec9b9eb2f46714	94.88	98.55	91.48	66.67	100.00	50.00	204	3	19	1	0	1
20120106_www.avgi.gr_3cc4bf6093a74036e685b4709dae2c2f5d4c07e66a987333b7edf9a9	90.00	92.20	87.91	75.00	100.00	60.00	189	16	26	3	0	2
20120106_www2.rizospastis.gr_a096022539ce8a38357c9ffd0d98f001a4a68a9fa0ecfcd6dc127cc2	95.36	98.93	92.03	75.00	100.00	60.00	462	5	40	3	0	2
20120105_www.tovima.gr_0b43a77264cbda661352d3107e0780bf022a85487de5046c114de7ce	87.43	88.38	86.51	22.22	22.22	22.22	327	43	51	2	7	7
20120105_www.iatronet.gr_5eec159d756e40bbe033d83be4fe03418495c4dc5af85999663a58f0	43.59	30.00	79.69	40.00	50.00	33.33	51	119	13	1	1	2
20120105_www.iatronet.gr_23464b6d55853b749a8b1e0be1ba84bf1b0a850621da453dee215dad	66.98	52.55	92.31	80.00	80.00	80.00	144	130	12	4	1	1
20111110_www.express.gr_0c53167360f973c556ac16cb24a5889800377524260e1fb79ff8a842	79.45	70.24	91.42	0.00	0.00	0.00	373	158	35	0	0	8
20111101_www.express.gr_6648058818bdb924afb68d540f362451eec0e42a8d47455b17b6ca3e	75.18	64.16	90.75	0.00	0.00	0.00	265	148	27	0	0	6
20120106_www2.rizospastis.gr_f5d9e8187b20c39407b443235f3819b54ae6a1e36cab96ab1d948752	87.69	95.00	81.43	85.71	100.00	75.00	114	6	26	3	0	1
20111211_www.express.gr_0d2742fbb769047d9c957a0f2cad86f8091cd95db2b7dd02aea402e0	79.72	68.99	94.38	0.00	0.00	0.00	336	151	20	0	0	6
20111220_www.express.gr_7d9d7f5bab474e00ca1586c589abfda1c4b0155a7ba8cbca568097a2	81.99	73.79	92.23	0.00	0.00	0.00	487	173	41	0	0	12
20120106_www1.rizospastis.gr_25e75c59e84818b25bc3ac4dfadb217ccadb83f07c4c5e1736d90c6c	92.07	92.94	91.22	53.33	66.67	44.44	540	41	52	4	2	5
20111124_www.express.gr_b3b0b46160797ac992227af3a7b80c59f959cc8d72d94a439cc59e4d	78.63	67.88	93.42	0.00	0.00	0.00	298	141	21	0	0	7
20111103_www.express.gr_c61012b55d72b56911132fdce606fca3b88af9af03cbfd839df60fcf	85.02	77.31	94.43	0.00	0.00	0.00	627	184	37	0	0	10
20120106_www1.rizospastis.gr_145b3f95f91f38806a381c0a5d948524d0d31b82456e504ebe531526	85.81	90.61	81.49	66.67	100.00	50.00	251	26	57	2	0	2
20120106_www2.rizospastis.gr_472bebbb3bde3519feba48dd832bf5562f2a8ffe11b80578ef8cd451	62.31	50.51	81.30	75.00	60.00	100.00	100	98	23	3	2	0
20120106_www2.rizospastis.gr_15e09c5191562721dc271c7419642f4682e5f4d35452267b4c8417c9	90.47	94.16	87.05	85.71	100.00	75.00	242	15	36	3	0	1
20111109_www.express.gr_060b6fabbaed834d9aab87a2e99f17ff7fd02bcd00ec63d6932533b7	87.74	85.28	90.34	0.00	0.00	0.00	533	92	57	0	0	15
20120106_www2.rizospastis.gr_fe781b3c38a2199759a4bf3cfc2b42a5ac87dad7c530940307653f0b	92.53	92.13	92.94	76.92	80.00	74.07	1159	99	88	20	5	7
20120106_www2.rizospastis.gr_ed2b7239f505720e152a418a4cbe4685000be53adfcb01e45bfea1e0	92.74	95.34	90.29	66.67	71.43	62.50	409	20	44	5	2	3
20120104_www.express.gr_b5d0f82fd2a1eb5030314ed1f18c6d41ef99e214e05ac1ad56381234	75.36	68.52	83.70	0.00	0.00	0.00	529	243	103	0	0	14
20120106_www1.rizospastis.gr_9bee46ba264b3073b643e84da3e0fdd95a2fa0977fb7489b57d04e88	82.05	94.12	72.73	66.67	100.00	50.00	48	3	18	1	0	1
20120105_www.iatronet.gr_337af06773b53fbd71a24f9afab26564ba117c2f81d2b526f9d08121	39.64	26.67	77.19	50.00	100.00	33.33	44	121	13	1	0	2
20120106_www2.rizospastis.gr_f07c6ea188bee2759e1882bc3e1ed48a9d503e0731f9ea4102592b9a	93.58	93.08	94.08	73.33	78.57	68.75	794	59	50	11	3	5
20111121_www.iatronet.gr_daefc5bd65a1d9515057b7a1afbf8d982af1d43e9005e12c065047f8	70.38	59.41	86.32	44.44	50.00	40.00	202	138	32	2	2	3
20111121_www.iatronet.gr_5eeec604a37e3ad124a6a86455086bc1b3f8aaebe2a1b3e4e20f03c2	71.12	60.78	85.71	66.67	80.00	57.14	234	151	39	4	1	3
20120106_www.tovima.gr_a909b8f3df1e94341cfaa7fbecabb510252279fdea3f2ac2ac842bbd	92.83	96.77	89.19	62.50	83.33	50.00	330	11	40	5	1	5
20120105_health.in.gr_d0530b7dc9d3e8806ed8ea3e4a42598a6bb41a4926ac876875d9ef3b	94.44	94.20	94.69	53.33	57.14	50.00	357	22	20	4	3	4
20111208_www.express.gr_7f8b8764037bad1ff59f3af30fa310cb1e02ad353f65d35bf4dff14f	59.94	45.92	86.29	0.00	0.00	0.00	107	126	17	0	0	5
20120105_www.iatronet.gr_4d35ad34c0394e80a3c921b7ea922bf76f6df87e28711ffbcacd9d38	36.54	24.20	74.51	50.00	100.00	33.33	38	119	13	1	0	2
20120106_www2.rizospastis.gr_794ce5494a6a61481505e8466e6c6302ba5deeafaaec66597e860e91	90.82	96.83	85.51	75.00	100.00	60.00	366	12	62	3	0	2
20120106_www2.rizospastis.gr_2e4ebcd101dfe61b3fd5e7d24b5eee22eb38a8d6a4270f35a6f6ecd1	95.75	98.07	93.55	72.73	80.00	66.67	406	8	28	4	1	2
20111208_www.express.gr_3d4cd6f7f007284da97d1c82f42585a03326efd5f255111354fe31c6	61.01	47.13	86.47	0.00	0.00	0.00	115	129	18	0	0	5
20120106_www2.rizospastis.gr_01be2c662a68a89e2b6447eabf0f47bb97acb824ee458da03f03eb19	93.76	96.71	90.98	92.31	100.00	85.71	353	12	35	6	0	1
20120106_www.tovima.gr_bd177f1cd6a7e8f04fdf3fbf94a41e2a5491c917e1fdaf9394c8b278	90.28	93.30	87.45	59.46	61.11	57.89	613	44	88	11	7	8
20111111_www.express.gr_5d294cfc699d671a0633d111cc97695081f6aba0650e82835d755410	87.44	81.06	94.91	0.00	0.00	0.00	522	122	28	0	0	8
20120106_www2.rizospastis.gr_994b5549682886b3f7f65fe5e3b48366dc450fdaa1bbb9ffe1e49a2e	90.86	91.52	90.21	90.91	92.59	89.29	507	47	55	25	2	3
20120106_www.kathimerini.com.cy_21a451967de884b70d8bc66ea154dc81bd15493ea0dd3a75029bd2b7	2.06	1.81	2.40	0.00	0.00	0.00	4	217	163	0	0	5
20120106_www2.rizospastis.gr_0fad417f959d08c7d4c5e4b111f0e6947c4b06fdcaf238ecc0c4fa40	87.08	93.65	81.38	88.89	100.00	80.00	118	8	27	4	0	1
20120106_www2.rizospastis.gr_17b900db841facbbd3f68ba2a4e12c703b87be026a04d5327fbe8db3	89.14	93.57	85.11	92.31	100.00	85.71	160	11	28	6	0	1
20120106_www1.rizospastis.gr_ec43fb4eabb6d54951b63442e151e806c0aaf08fd774013566688b59	89.82	94.94	85.23	66.67	83.33	55.56	450	24	78	5	1	4
20111107_www.express.gr_231d2664a4db5da65d0642392c1ff687d86544c4b9050f9111e91e63	79.66	70.19	92.08	0.00	0.00	0.00	372	158	32	0	0	9
20111209_www.express.gr_c40eb4117befbf5f952315762b40ac3e5444dc7f735a0bc42ffd15e9	80.08	71.25	91.42	0.00	0.00	0.00	394	159	37	0	0	12
20120106_www.amna.gr_63874c0c8c5825f85331abfdd9129f20078402387c8fe7c0c64c1a8f	88.75	88.37	89.13	83.33	83.33	83.33	418	55	51	10	2	2
20120106_www2.rizospastis.gr_430c69c850ffdc7b9e57f46336bc5f1f7ac199c4e3b2a3e735d9bb6d	90.34	96.32	85.06	100.00	100.00	100.00	131	5	23	3	0	0
20120106_www2.rizospastis.gr_e0ff09814e6314a1f4ca461b8906c10019e8b6a9485efaa189f114a5	86.68	87.50	85.87	66.67	90.91	52.63	644	92	106	10	1	9
20120105_www.tovima.gr_2f30505d76bbd9e1d9623994c0e7eb30b9562e336f001aed304ce056	88.86	88.86	88.86	57.14	60.00	54.55	391	49	49	6	4	5
20120106_www2.rizospastis.gr_4d37e32200422d807f569df7e6992257f777abf5d2f456f620f567a0	83.00	80.95	85.16	76.92	100.00	62.50	442	104	77	5	0	3
20111205_www.express.gr_7de48933dd3497ea6eb8d2bc245d33b800d6c722854384c53d517474	78.40	68.44	91.76	0.00	0.00	0.00	334	154	30	0	0	9
20120106_www1.rizospastis.gr_2aa94aaa431ddc8312632d751db90abdac8eeb09a2a7a4744471a3aa	96.19	97.20	95.21	85.71	100.00	75.00	556	16	28	3	0	1
20111116_www.express.gr_4aeefed514143ae7a94e00147e1b959c35ab893fe801b4d480ece28b	78.73	69.07	91.53	0.00	0.00	0.00	335	150	31	0	0	7
20120106_www.imerisia.gr_12662d25f929afe0be123012a33914b6df6e3f8c0d897c94506e4b3b	93.60	91.93	95.33	62.50	71.43	55.56	490	43	24	5	2	4
20120106_www2.rizospastis.gr_83834f9b5d5acb15f6928e6ca81b31800fe1022147a409c44d54486f	91.12	95.85	86.84	66.67	100.00	50.00	231	10	35	2	0	2
20111125_www.express.gr_a694c95c23d5f13418425bc9c10be8b7f28af890e02ba9df7a8cba0a	88.20	85.30	91.30	0.00	0.00	0.00	714	123	68	0	0	18
20120106_www2.rizospastis.gr_40e174dcabbfed720e29794f4110e6a8657fec6c336fb08a4a48e302	92.86	97.50	88.64	85.71	100.00	75.00	195	5	25	3	0	1
20111104_www.express.gr_42e0b60d0d424eb58535a9932e2c03999ea754f508248e913b735615	80.88	71.69	92.76	0.00	0.00	0.00	423	167	33	0	0	7
20120104_www.ethnos.gr_67fb7f6b381c4bd32020a7aefaee9ac33c52adb36a9edda980196644	79.42	69.19	93.20	72.73	66.67	80.00	137	61	10	4	2	1
20111114_www.express.gr_740104ca9f4f641cbe1fc581888fa6fc3152eccfe050e526c021bb92	81.86	73.82	91.86	0.00	0.00	0.00	485	172	43	0	0	12
20111124_www.express.gr_bbd4749990571767de952fd3133d2ec377dd7db73ee39e2a2f03feee	81.36	72.98	91.91	0.00	0.00	0.00	443	164	39	0	0	11
20111207_www.express.gr_0e39c680ecd8e7816cbc3230718634f0f44e1a74c8b2fa376911cb11	88.61	85.81	91.60	0.00	0.00	0.00	611	101	56	0	0	14
20120106_www2.rizospastis.gr_c825bea11ea3f70fe71c70904da686001675cb60fa5853cf38bc549b	94.34	95.44	93.27	74.07	90.91	62.50	1025	49	74	10	1	6
20111121_www.iatronet.gr_baaba59c87de69c8f4e336e185ed5577afd7b3f3b1fe42b919da955e	82.39	73.89	93.11	80.00	85.71	75.00	365	129	27	6	1	2
20120105_www.iatronet.gr_4aa56bb54d911f4028542d434ab247d8cb5911c5d1acbdd9406ac859	65.51	51.36	90.41	50.00	50.00	50.00	132	125	14	2	2	2
20111213_www.express.gr_d1e42fbafda74cc6b09d1d127706e6012b4a9f829bb74bcc4aaf2e5a	89.29	85.80	93.08	73.17	75.00	71.43	713	118	53	15	5	6
20120104_www.express.gr_3bae953f5cb76346e8647bca0efc48cbe7043f275b43b20128766f8e	65.17	54.21	81.69	0.00	0.00	0.00	174	147	39	0	0	9
20120106_www.ethnos.gr_87553605a11fbc907733c47c9b500c6e1c565ed42128396890bf97d2	75.80	64.64	91.61	63.64	58.33	70.00	404	221	37	7	5	3
20120106_www.tovima.gr_8ed6c47955eb9c05bf7864d13d7cabf2127e43f6b87b5ff1cabe3c68	84.12	83.78	84.47	8.33	6.67	11.11	310	60	57	1	14	8
20111208_www.express.gr_bb19adba9b0ca9d1ea79cf6871ca675a14d79c48f0e88d287717399f	80.66	70.84	93.65	0.00	0.00	0.00	413	170	28	0	0	7
20120106_www2.rizospastis.gr_f473c75686edb8891959ceb43259ddc866c56205bad5d0da1709bf49	93.96	96.95	91.15	83.33	100.00	71.43	350	11	34	5	0	2
20120106_www1.rizospastis.gr_162e8a9f4367a37a089fb00823ec369701b9686069ae530ef7a81455	95.94	98.91	93.15	66.67	100.00	50.00	272	3	20	1	0	1
20111126_www.express.gr_6219a1e1667df8fd3c1a6986603d18290530ce62404ca1b9ede5f401	90.18	87.11	93.48	0.00	0.00	0.00	588	87	41	0	0	11
