file	F	P	R	F.tag	P.tag	R.tag	TP	FP	FN	TP.tag	FP.tag	FN.tag
20120106_rus.ruvr.ru_2c27d04d251b4d73039acc34e424b755e057a4bd0832f98b0906f893	48.70	37.47	69.52	0.00	0.00	0.00	187	312	82	0	0	7
20111209_www.kleo.ru_01f4205128c9fd41669466012d3659ec55d784ba06a1f5cef6627144	89.04	94.04	84.54	61.54	66.67	57.14	268	17	49	4	2	3
20111128_www.argumenti.ru_d2d7845efedd98f5e11c23fb1c7d10bdb66f7b3002b2bcdddf040508	82.57	90.00	76.27	83.33	83.33	83.33	135	15	42	5	1	1
20120106_www.nr2.ru_71e3ea912507bd41bba2cc41352cfafa45e1641fe1347594a3ed38df	1.65	1.50	1.84	0.00	0.00	0.00	4	263	213	0	15	4
20120106_www.nr2.ru_7d0cc61b526813d7fd9e38de4e7f86c3c505e47061e61e59a8bd0c1a	3.94	2.62	7.95	42.11	26.67	100.00	7	260	81	4	11	0
20111128_top.rbc.ru_5c0edc0481444061258af4069db91fe6003a388f102b526776f6a15c	93.33	91.10	95.68	94.12	100.00	88.89	399	39	18	8	0	1
20120106_informpskov.ru_5570171e07dc222858be5bc0f2e630e5532d4c43e3a24eb461c2b758	84.62	91.67	78.57	66.67	60.00	75.00	110	10	30	3	2	1
20120117_www.argumenti.ru_da9cf21b1564b946eb14c4f6762c84c0daa3e93c341db2c1da63770e	74.86	82.72	68.37	50.00	66.67	40.00	67	14	31	2	1	3
20111128_www.1news.az_9bd2b46a12104cd121d8cbb677b1708a235a8f0e0c250d961ebbd3f7	81.00	80.25	81.76	90.91	83.33	100.00	130	32	29	5	1	0
20120106_newsru.co.il_563f6804e34cfc95a8b4fe9b134a0f9a496663a67f010ba3441a3580	69.87	60.93	81.90	69.57	66.67	72.73	276	177	61	8	4	3
20120106_www.rbc.ru_1ab78a77169231ecf2987dcde3559f5cf50d75d1ec92f85d65363a6b	56.72	90.48	41.30	0.00	0.00	0.00	95	10	135	0	1	5
20111128_www.1tv.ru_5af4c17fcfdecef58f591577f57941711ffc6b4d16e9eddf99a2c1ad	70.38	58.84	87.56	60.00	75.00	50.00	183	128	26	3	1	3
20120117_saratov-times.ru_6a4d4ac1088bedc1a7e769ac2e70dcc1f2238360c574ea6a9f8cd4ca	86.68	84.04	89.50	0.00	0.00	0.00	179	34	21	0	1	5
20111128_www.aif.ru_8615176c4de88091217e66433b654d812ceb3aa888504cc5c65da372	4.64	5.03	4.31	0.00	0.00	0.00	9	170	200	0	6	6
20120117_ivona.bigmir.net_0cb32453003aafa4953d364771f630637f59cf3eb9b733e9ee477fff	59.72	53.16	68.11	50.00	80.00	36.36	126	111	59	4	1	7
20111128_www.regnum.ru_2fa9d5942fcceffd25ca1213414b453701bf63d7acaaf43c1501577e	84.29	92.86	77.17	75.00	100.00	60.00	169	13	50	3	0	2
20111128_www.argumenti.ru_3856c6cacc27b32a352e85762bcfbc18a151c60fcfab034c8b6de39c	71.19	79.75	64.29	72.73	66.67	80.00	63	16	35	4	2	1
20120106_www.newsru.com_972d7ff809b13d7a617f1d3f52416749ccd28522c84575c2bf5ff9df	76.98	70.69	84.49	53.33	50.00	57.14	550	228	101	8	8	6
20120117_aifudm.net_5424ed1a898d3559a44c4b3fba83f978f0bb01e02faebaf4eaf9e2bf	80.78	77.93	83.84	92.31	85.71	100.00	166	47	32	6	1	0
20120117_www.aif.ua_d7f2ac2cb9fa37bb13b15ed44d54e10918a3ab4f0029c619f296fe2b	5.67	4.74	7.05	54.55	50.00	60.00	11	221	145	3	3	2
20111209_www.segodnya.ua_ea3e48bceea0c24d659c7f8d91ad963250c97e8d0e02b3ff918feac0	83.65	77.05	91.48	0.00	0.00	0.00	376	112	35	0	0	6
20120106_www.ria.ru_b90e01b4804a1ce2954ffbc6d1681ce209a8c6c36dfefada4fa09cdc	90.73	88.89	92.66	80.00	80.00	80.00	328	41	26	8	2	2
20120106_www.ria.ru_d823459ea362c7f815da99cea5b603e9e220bcfae58b185f041b494d	58.12	62.77	54.10	50.00	60.00	42.86	145	86	123	3	2	4
20111128_ufa.kp.ru_5c499e9fd289c38074c0e5d85a8c08df8c0d6891bb39682d27d98ea6	40.42	26.67	83.45	54.55	42.86	75.00	116	319	23	3	4	1
20120106_www.newsru.com_0f92b104917d16ba580468dc27ade9e65dd091e57a3c840b4852d816	62.31	48.31	87.74	48.00	37.50	66.67	272	291	38	6	10	3
20120117_www.ng.ru_44331160a2aba639b795d593773c5eef34aa1cf67b8b040b718453e5	1.65	3.39	1.09	0.00	0.00	0.00	2	57	181	0	1	2
20120117_top.rbc.ru_b286c1bc8bf5127ea5de05134cabef3fada83e7cdd8517ef6123ef32	92.68	88.63	97.12	85.71	85.71	85.71	304	39	9	6	1	1
20120106_www.regnum.ru_02400c41d43238808fe9c3a5ea56f4f3ee7282fe71f00ef881b22e4e	75.63	65.35	89.73	83.33	83.33	83.33	332	176	38	5	1	1
20120106_www.regnum.ru_53f63cd23e619328bb173399e25f9e85969eabb6e3a0ea8dc56b3431	53.78	76.80	41.38	46.15	100.00	30.00	96	29	136	3	0	7
20111128_www.048.ua_b6c6487ab616bfdc9d7069a13013f96cfaf0173fbe41985e68b9413f	85.36	87.82	83.03	40.00	100.00	25.00	137	19	28	1	0	3
20120106_www.ria.ru_a5982ac8ba021466bd041955944d490b434084b4eb9b8736f9f594e0	79.24	84.69	74.44	50.00	71.43	38.46	332	60	114	5	2	8
20111128_www.likar.info_33b13a3a8fdf43147153ab6bdc9299502cc39aa92f14d4e01e55dc50	8.55	7.69	9.62	66.67	60.00	75.00	10	120	94	3	2	1
20111128_medportal.ru_ed026c43e1ffdc60af3ea9f370ef5a6da7bcf25094cdb0a4fddccc57	81.70	78.05	85.71	85.71	85.71	85.71	192	54	32	6	1	1
20120106_top.rbc.ru_bdcfcf7fa9284b22c4acef40b34661b2a0d9034e9d272a692d0c9a8b	80.62	75.29	86.75	90.91	100.00	83.33	131	43	20	5	0	1
20120106_www.regnum.ru_d30724a07b0fb4f96a7f697425bd0f7e677342e983266d1690baee83	81.90	93.60	72.80	66.67	100.00	50.00	190	13	71	3	0	3
20111209_www.unian.net_f6f26b11bb27fc071a97c6ebbba34c941b23a6d9a413fcbacdee6e42	89.38	87.86	90.95	92.31	85.71	100.00	181	25	18	6	1	0
20120106_motor.ru_741ecb27c192865fc4990c8509dd63244c4a5f5dc62e30945922cfba	87.56	94.06	81.90	85.71	100.00	75.00	95	6	21	3	0	1
20120106_www.newsru.com_95fc96ababf91e7cfac75e20e8d3a074f3237ae538209f9d22d99eea	69.59	64.08	76.13	51.43	40.91	69.23	405	227	127	9	13	4
20111128_krasnoturinsk.info_5a3bfe4c4a2968237c0aaee00b904f9d78a311ee826c1913c7b15bc0	89.54	88.02	91.11	57.14	57.14	57.14	338	46	33	4	3	3
20120106_glavred.info_df52a83b8d33b1793ec8a3f17de4a163c70f16ad52d42bc8d53b9ece	67.43	61.67	74.37	0.00	0.00	0.00	177	110	61	0	16	8
20120106_fedpress.ru_f481b7b1343b76e5ec11312aab609cb5e9a2878435f70f86fe7b7bda	12.32	6.65	84.04	0.00	0.00	0.00	179	2514	34	0	12	6
20111128_www.ukrkonditer.kiev.ua_289093b207c36db1b5210506878a1ccf4fca6fbc7c5bd711f0173c1d	81.27	76.62	86.52	58.33	43.75	87.50	154	47	24	7	9	1
20120117_www.belnovosti.ru_d8dccb6a4fd4add76ec4356a85d54cd8edbd802b4fa7b563cd6b200d	92.73	96.84	88.95	83.33	100.00	71.43	153	5	19	5	0	2
20120106_glavred.info_4d4c81eaf0f69f9624666acf9a0fd977b6fdd522dd33c415f89eaf9a	62.30	52.99	75.57	60.00	42.86	100.00	133	118	43	6	8	0
20120106_www.regnum.ru_7b4866bab218668c095f650b361d06e16eab7fe26dfd5b97caa7f17d	78.24	68.75	90.78	75.00	75.00	75.00	374	170	38	3	1	1
20120106_www.interfax.ru_355ba0d6cad5b55f60035c44bba3125d27faabe8e0fc232d024bfb4c	94.40	95.47	93.36	94.12	100.00	88.89	464	22	33	8	0	1
20120106_www.nr2.ru_e8a7ab045ab0d623fb358028b6ffa3f30c521db5617b48fa30a13465	84.49	88.40	80.91	17.86	18.52	17.24	1204	158	284	5	22	24
20120106_www.newsru.com_94162a1c8fb6eca8312611a627f86b252c38fbd7149dd213934036e7	63.64	50.53	85.91	44.44	33.33	66.67	189	185	31	4	8	2
20111128_www.pravda.ru_7ce5bfa2c3730b163a4c77382ede7c3303c2ea0228e0d74a8d7fa52f	84.29	83.38	85.22	88.89	100.00	80.00	271	54	47	8	0	2
20120106_www.newsru.com_a16c69df4c571a188b4af39ff04d6dbc337cec15c51046b5cbeb91e3	73.35	67.55	80.23	51.85	53.85	50.00	483	232	119	7	6	7
20120117_www.amic.ru_eb2e69ba48065b9615fb25041258937cf0f5c3b61af7242a722286e3	84.85	80.00	90.32	75.00	75.00	75.00	168	42	18	3	1	1
20120117_www.ukrinform.ua_a895bfeea3493522cbfcc0d265d9e92dbffc4488ec57be734a973a18	1.30	50.00	0.66	0.00	0.00	0.00	1	1	151	0	0	6
20120106_www.ria.ru_ae4b12e2d98ecf9ee39967c98157dab4bb0c79842d33006d588e12e1	55.27	59.45	51.64	70.59	75.00	66.67	173	118	162	6	2	3
20120117_news.bigmir.net_1f362ee6b4ce672737d86be6c69bb293fe8ee05513a7e572142402ce	54.25	42.28	75.66	53.33	57.14	50.00	115	157	37	4	3	4
20120106_obkom.net.ua_5fad92a456b3cb06c5cd98a71dca892d6cf4301c6a058cc69f6e55d6	80.60	79.21	82.05	25.00	100.00	14.29	160	42	35	1	0	6
20120106_eco.ria.ru_4b866e458a65a8794d13e57bb8bb0a8d579f431df28c2d5697c65b21	85.44	86.43	84.47	77.78	77.78	77.78	223	35	41	7	2	2
20120117_www.aif.ru_5d224cab8e1ac20fc930d6d91078bb50cfd5305de854f58319a4c578	38.33	54.33	29.61	66.67	100.00	50.00	69	58	164	4	0	4
20120106_rus.ruvr.ru_0cd8ed7b9610ff92162910a392661d11004b66181a96e8dd1dd8ccbe	50.95	41.41	66.20	0.00	0.00	0.00	94	133	48	0	0	4
20111128_www.interfax-russia.ru_d56227e509a79a573b9e30c4342652e1dff21dffef5ee6bc036d73fc	87.35	93.86	81.68	85.71	100.00	75.00	107	7	24	3	0	1
20111128_www.newsmsk.com_d87d5ce9dbefe4d4faec580153f2df6079fa69407804be77d78c7f1f	75.32	68.81	83.20	52.63	41.67	71.43	203	92	41	5	7	2
20120106_rus.ruvr.ru_b8c034fcc558534bd6db057a46ab31c5aaaa9f123e0c60e2368e4447	68.22	63.48	73.74	0.00	0.00	0.00	73	42	26	0	0	3
20111209_society.lb.ua_5f0b3d3553cb6625647110bb7636d9e3b099445dbd61a081a5398e66	84.43	92.76	77.47	88.89	100.00	80.00	141	11	41	4	0	1
20120117_glavnoe.ua_41ac28886c5ea26376f4973656130c09bed726a1699f756516c4d3d0	85.24	78.85	92.75	82.35	87.50	77.78	179	48	14	7	1	2
20111128_www.novopol.ru_8bd7bb61aff1884e017871c981eb9ea01120a132627812a305c8b4b3	84.83	87.79	82.07	85.71	100.00	75.00	151	21	33	6	0	2
20120106_news.samaratoday.ru_9474d4030e8ba3d2a943aa15a4628d64659de2b6780c74d911cbe458	86.82	89.54	84.25	0.00	0.00	0.00	214	25	40	0	4	6
20120117_www.ria.ru_1c44109cedff9b8a5e054dd489303bbc028febd6611050a4b315ae2d	93.12	96.34	90.11	70.59	75.00	66.67	237	9	26	6	2	3
20120117_nbnews.com.ua_bb83a1f2b55e7079b746f573cc6d8b3ff782d414c67d5c45791ff0da	7.19	15.15	4.72	0.00	0.00	0.00	5	28	101	0	0	5
20111128_www.54rus.org_d4ca4851d04858822d336639f9f929d2534bb775a234b77e87a46db1	82.44	92.00	74.68	25.00	100.00	14.29	115	10	39	1	0	6
20111128_www.ca-news.org_efd1aaa1a79fbba3879315af1ca0a8354a00af3df26ca2323da8e789	90.29	93.90	86.96	85.71	85.71	85.71	200	13	30	6	1	1
20120106_www.regnum.ru_30f1d0887d420e9e7632a8d76374ca3a37a01171affb1dc0c778783a	72.41	74.12	70.79	66.67	75.00	60.00	126	44	52	3	1	2
20120106_rus.ruvr.ru_728f3d8ec0e6248172f881c63434592641f72a6d72d155c8e7e723f0	74.29	68.89	80.62	0.00	0.00	0.00	445	201	107	0	0	16
20111209_www.health-ua.org_80162b2dcb8fd58a6f9ba5efdfb917ff0989788db273617db83808dd	70.59	94.62	56.29	63.16	66.67	60.00	246	14	191	6	3	4
20120117_www.argumenti.ru_e4dcced69d2c19877925b98606ff41d2c6b3a40ceba73b59c9190b51	90.99	91.84	90.16	51.85	53.85	50.00	495	44	54	7	6	7
20120106_primamedia.ru_77eca7ca6623ca1ac72b78ec2ed0961fb32970d01a0b014229e00ab0	85.71	92.39	79.94	60.00	75.00	50.00	255	21	64	3	1	3
20120106_vrn.kp.ru_4481fbbd10a3bec5ba28c38dd1d251d519ccfd1d175cca17e149b764	84.02	87.30	80.99	0.00	0.00	0.00	213	31	50	0	6	7
20120106_news.liga.net_a35ece8fbd5af8c7f07c5f1e63d0d5c422edeea53feefc664ab35582	82.08	80.77	83.44	88.89	80.00	100.00	126	30	25	4	1	0
20111128_www.eurolab.ua_265d038a62e38e494a1ff402790d8f5d92fbffdada6bbd7c83ee5354	82.38	82.38	82.38	76.92	83.33	71.43	159	34	34	5	1	2
20111128_russian-bazaar.com_6a49ccdcd2b1593e0d20b3a4f11ea91901744aef45355eaeb25c3c07	2.62	3.12	2.26	40.00	100.00	25.00	4	124	173	1	0	3
20120106_polit.ru_7a6bdb692f9769ce270ebf54258f7a3ebe7eb571647b99f40ebcf94a	93.37	96.45	90.48	92.31	100.00	85.71	380	14	40	6	0	1
20120106_www.newsland.ru_fb2e3d028833efa4361034bfb98483eee9663dbb967d54b7907a6e86	89.51	94.81	84.77	72.73	80.00	66.67	256	14	46	4	1	2
20120117_ivona.bigmir.net_fc26ebb4ff41057ed53e182316e70ff8422b166dd4e1f88488d94ece	62.03	53.85	73.13	0.00	0.00	0.00	147	126	54	0	8	9
20120106_rus.ruvr.ru_af4fbf485bcc6a1679a23de857b2c1fced9fd1707cd13dbf38fd50e6	74.02	73.06	75.00	0.00	0.00	0.00	141	52	47	0	0	5
20120106_www.newsru.com_455bfb523f2fdfe301c9a5b734ed388576980d3ca213b922e708115a	67.00	61.12	74.12	55.17	57.14	53.33	338	215	118	8	6	7
20111128_www.argumenti.ru_f74174bdeb5d196c3a233801519124ca13a961cc3d4cb6f7f30e4c54	76.54	73.81	79.49	85.71	75.00	100.00	93	33	24	3	1	0
20120106_www.ria.ru_aba670002d5a45afa30f60f4e8dc663cbf7a2d26da9a70cdbbde7fae	2.36	1.47	5.98	12.50	8.33	25.00	7	470	110	1	11	3
20120106_rus.ruvr.ru_f1e26404dc319826c41ffee88eb68506945a93e162364331ffdd61eb	75.60	70.96	80.89	0.00	0.00	0.00	237	97	56	0	0	8
20120106_tengrinews.kz_a17beb36e3cb8762cb9adf72dd4e3ca25691bd44e9b13451f94c8a9a	86.69	93.38	80.89	66.67	75.00	60.00	127	9	30	3	1	2
20120106_rus.ruvr.ru_d88e33bdaa62f7aaccef077a0fef801ebca3ce7b150fb2bfae74faaf	80.08	78.28	81.97	0.00	0.00	0.00	191	53	42	0	0	5
20120106_www.rbc.ru_50e41f72faa6539e1469cf3198778e7e711db329eaa811423e0d7dad	71.20	91.98	58.07	0.00	0.00	0.00	241	21	174	0	1	10
20111128_www.aif.ru_e13c5b66cd08c237b420a5a4012f76a6d8a830a19a279a35ee6571b6	10.04	7.60	14.77	20.00	14.29	33.33	13	158	75	1	6	2
20120117_www.1obl.ru_03ca2223d78152f5467d1027c818e8271becb68ab4e62f49445456fd	79.55	79.26	79.85	0.00	0.00	0.00	107	28	27	0	0	5
20120106_www.ria.ru_ac49a3dbffee82ee7e279128b85cbeabaa404a678b12eac5e2fdcd26	71.56	66.76	77.10	47.06	57.14	40.00	239	119	71	4	3	6
20120117_ul.kp.ru_6b3f9e1650f839620e1f3fdb7b9773429960182789a6a929b7526f95	81.45	76.04	87.69	0.00	0.00	0.00	292	92	41	0	9	9
20120117_www.vestipk.ru_e0ef3cfa9d6b29677e20a75acadebff2a7d04cec7ac0f07ebef001de	51.56	36.55	87.48	0.00	0.00	0.00	489	849	70	0	2	16
20120106_www.nr2.ru_aa88fcfd8b0404b65293ae484be79ab8b8124e91f4fd450784164b8d	5.22	4.49	6.22	33.33	20.00	100.00	12	255	181	3	12	0
20120117_top.rbc.ru_66d4dca562d4ca8eb538796c004900749feb4fe9bc56618a59920852	92.66	88.47	97.26	92.31	100.00	85.71	284	37	8	6	0	1
20111209_life.comments.ua_8daa4acb445758626aaaf6d146d4fb695d304f97e2610870f79ac1da	79.44	83.33	75.89	66.67	100.00	50.00	85	17	27	2	0	2
20120106_www.newsru.com_27fa8d3c7c979528c4b0eb4c04d88a4ef4e37642f27a347dc19e4130	86.63	83.04	90.53	66.67	63.04	70.73	1386	283	145	29	17	12
20120117_nversia.ru_125174415f4dd2156e09b2cce81d33116d051545290dd92cb9ad8940	83.13	77.09	90.20	85.71	100.00	75.00	138	41	15	3	0	1
20120106_www.regnum.ru_38e9fe16ded493f7d74c9e8174c99dc3454ed5247c6997865ded658d	53.72	55.33	52.20	83.33	100.00	71.43	83	67	76	5	0	2
20111128_news.day.az_5fa888d244ce8a22ea48c2a0a008a6e255a0f2608b56526e19afe423	86.76	92.67	81.57	61.54	80.00	50.00	177	14	40	4	1	4
20120117_www.aif.ru_bb2d7753ead60383ec06cb6bcf3493dd7d85d65ffb79b6507fc9b2c8	7.62	7.03	8.33	36.36	33.33	40.00	13	172	143	2	4	3
20111128_news.argumenti.ru_f26d5091e52476e091e13cdddb38a1c010fdc3f8ecb1ba6395a30fc6	66.33	94.33	51.15	40.00	66.67	28.57	133	8	127	2	1	5
20111128_www.1tv.ru_ffa20a7466a435c581a121aa817318144e71e83a49aac0307d016bad	83.55	78.11	89.80	83.33	90.91	76.92	414	116	47	10	1	3
20111209_medportal.ru_18002c24dc3501baaa52622e2a0dbeefea06b2d30179f7937d7a5b6c	75.32	67.44	85.29	90.91	83.33	100.00	145	70	25	5	1	0
20111128_news.zn.ua_faa9be4c282731ea3549317a571cbf83e5b94a70bd94faecdc4cdb57	44.19	49.28	40.06	0.00	0.00	0.00	137	141	205	0	5	8
20111128_www.ukrinform.ua_60654a90458430dc5ecb5eb331c54e1b359f9f36c3aec5d5e322553c	84.31	79.66	89.53	80.00	80.00	80.00	231	59	27	4	1	1
20120117_www.interfax-russia.ru_670981487d96852f39d08106a592133b64334e66abd0d562343ff313	86.79	95.83	79.31	60.00	100.00	42.86	115	5	30	3	0	4
20120117_www.likar.info_a6a8acfd786f7f623fccc595395d1fddb203c450d15ae2b56e989c7d	87.75	86.05	89.52	72.73	57.14	100.00	111	18	13	4	3	0
20111128_cxid.info_8457bff189418435d7f0412b105092467e24d4bc22c56c5f787cd65d	67.55	57.92	81.01	57.14	44.44	80.00	128	93	30	4	5	1
20111128_www.regnum.ru_4193600271bbf74b999e2448e397b3193cb90e0ca5404121d305a0d0	65.99	62.42	70.00	66.67	66.67	66.67	98	59	42	2	1	1
20120117_www.newsland.ru_9d8872900e435c2a95ec7866931810a6119460049a3a04b93c652d75	92.54	92.01	93.07	87.18	89.47	85.00	403	35	30	17	2	3
20120117_www.bel.ru_ee4c7876ee4f411e379e682ce60a5b669f7495edb7490a6f0c544e01	84.63	81.38	88.16	0.00	0.00	0.00	201	46	27	0	6	7
20120106_www.ria.ru_4cab1c82f7b6a455f9da3f7ce098677d4359a3ef9f462ea46524fb7b	79.23	73.70	85.67	70.59	75.00	66.67	269	96	45	6	2	3
20120117_komi.kp.ru_421b4ef726437ef475bbd3ab6848f1ffedd2499ade10dd1a4a14573a	39.74	25.85	85.82	53.33	44.44	66.67	121	347	20	4	5	2
20120106_www.vz.ru_0ed565e7b29814b0a7aa0e0cbb19f161ac17d063f7543dcb96939db3	84.97	92.13	78.85	54.55	60.00	50.00	164	14	44	3	2	3
20111209_www.ameno.ru_094fe89eb4e510c238ac128f8bdd6efcf4727fa49453270a76370628	81.98	79.70	84.41	33.33	100.00	20.00	157	40	29	1	0	4
20120117_www.newsland.ru_bd7d1f16cb84b2d48e25b3267cb90003d126ac55d3edded12edc4a84	93.47	93.33	93.60	80.00	88.89	72.73	322	23	22	8	1	3
20120106_www.bbc.co.uk_0cff067af40961c028bfc292ccdcc29a984a6b692389e53b1dc96445	69.48	77.08	63.25	50.00	66.67	40.00	74	22	43	2	1	3
20120106_www.objectiv.tv_f1450364e8b6799a16d25d27e8d4d20c03c6582a542fbb5522222efc	5.08	12.82	3.16	28.57	100.00	16.67	5	34	153	1	0	5
20120106_www.nr2.ru_a8610aa505f2155383c46706587bda61b57e4f476c7094a8c4341940	3.34	3.00	3.77	0.00	0.00	0.00	8	259	204	0	15	5
20120106_www.kapital-rus.ru_9bb641315c0eb883e411d4d2607d462edf915890a8f0e1e17fb9c117	53.66	70.97	43.14	0.00	0.00	0.00	66	27	87	0	0	7
20120106_www.baikal-daily.ru_6910489e94427c1266f98aeca463a626f6f021962f27c14a9e01a3fc	75.39	64.96	89.80	0.00	0.00	0.00	317	171	36	0	13	11
20120106_rus.ruvr.ru_6995e691805cbfe865135607127fce8532f135e00c585a04e88d00ca	72.48	64.73	82.35	0.00	0.00	0.00	378	206	81	0	0	17
20120117_top.rbc.ru_59910528942418ed94703b750a97876172bb51c6ca1c932e49fd65d0	92.03	90.91	93.18	88.89	100.00	80.00	410	41	30	8	0	2
20111128_news.bcm.ru_51f1c8d6e09c4ed03027a7d14443c92eb9cb506bce82a6a9c45ccd04	86.74	83.07	90.75	80.00	85.71	75.00	314	64	32	6	1	2
20120106_www.regnum.ru_9626940719b75df8347ca84a3a33aaf73617eed5c65fe6820065566a	76.63	68.97	86.21	53.85	53.85	53.85	400	180	64	7	6	6
20120106_www.regnum.ru_023688a04c014bd6acf99b302eb738313df62a9496f5ee5f6bcabbbe	82.56	78.45	87.12	80.00	80.00	80.00	142	39	21	4	1	1
20111128_dozor.kharkov.ua_f3b980e81e058464fd3126929bfb11abd46f286d6747d07f2140f490	57.06	44.65	79.01	55.56	62.50	50.00	192	238	51	5	3	5
20120106_www.ria.ru_65d3cd8c47d4a2f9c4fdec98d51f7ad610295f9300072b909371a346	81.29	82.17	80.43	66.67	71.43	62.50	189	41	46	5	2	3
20120106_vesti.kz_30d73cd8a4eb70ae8086f88ceff9fb842ae001cfecb076334b347e13	75.00	68.67	82.61	88.89	80.00	100.00	114	52	24	4	1	0
20120117_www.ng.ru_9bf1d60cde49a368b4bc14dce2321eb37e63936df6079681d3dc661a	1.92	3.39	1.34	0.00	0.00	0.00	2	57	147	0	1	2
20120106_rus.ruvr.ru_d0936b32f4dfcfd8d4933b5807394621f9a2c55096176a4e6f7dd4c9	74.84	73.89	75.82	0.00	0.00	0.00	116	41	37	0	0	4
20120106_rus.ruvr.ru_ea8a312da029ade02837e74a53649ccfab6b23a4c931d63e7076b3ed	72.87	72.87	72.87	0.00	0.00	0.00	137	51	51	0	0	6
20111209_www.regnum.ru_39dbf385c056f5fac5095193a66768a641ffa44532cc29c5dca7ec0e	84.37	92.49	77.56	75.00	100.00	60.00	197	16	57	3	0	2
20120106_rus.ruvr.ru_cabf961cc2bc8a3b1ec2bb8b3b6a8bb358c674a4d0e74beb37bfe536	80.46	73.53	88.81	0.00	0.00	0.00	389	140	49	0	0	8
20120106_rus.ruvr.ru_d60b58d8921206220b592de79852b10eb5c8a3a01cd90e91c5760107	82.08	80.93	83.25	0.00	0.00	0.00	174	41	35	0	0	4
20120117_www.pr.ua_c7667f1e20086a484b35ddc27b70d4dbc0fd1ec238dddce3ad8104ea	85.64	78.76	93.82	0.00	0.00	0.00	790	213	52	0	4	12
20120106_www.baltic-course.com_23d594bb1390d2a5680eb3bdd8abff0afda52ac950deec2a30de081b	72.87	86.71	62.84	54.55	60.00	50.00	137	21	81	3	2	3
20111209_mignews.com.ua_8136e68b329da9d717135f04cebc055074902a64563fc7ba12b5973a	72.73	66.07	80.87	61.54	50.00	80.00	148	76	35	4	4	1
20120117_www.medikforum.ru_5641402348c024f1ee710c27302194e49a514ed542fc7d44fcb9459a	84.16	84.29	84.03	0.00	0.00	0.00	263	49	50	0	8	13
20120106_www.fergananews.com_3107dd7419e68cfa31a4242d97450f271ed51e4d56be9e971047fe29	79.20	75.57	83.19	85.71	75.00	100.00	99	32	20	3	1	0
20120117_www.isra.com_64bebeefa3bee1910ff84ab10ad7bbf33a6710618005775b7dff86ad	50.00	41.42	63.07	71.43	83.33	62.50	111	157	65	5	1	3
20120106_polit.ru_6425ba354b23dad3aca264e5f0ae4c571faecafe5741e37da0064987	81.51	88.81	75.32	90.91	100.00	83.33	119	15	39	5	0	1
20120117_www.regnum.ru_59ff197a55c3661cb75f16317be8420473852acaf7daae63508dd08c	82.35	86.90	78.26	75.00	100.00	60.00	126	19	35	3	0	2
20111209_www.health-ua.org_5d82207438f000749355eaa8c87b2fefc218564a361b005d725a679f	72.73	96.35	58.41	70.00	100.00	53.85	264	10	188	7	0	6
20120106_www.ntv.ru_9cd271d26e479370e5f13dc6a17e8e1e5ad76baef843f2d041f83cef	60.61	75.47	50.63	66.67	75.00	60.00	80	26	78	3	1	2
20120117_ura.dn.ua_4737640aa688991a3c0162213748af869eef11a9662ec38fb0b6e057	92.71	88.99	96.76	87.50	87.50	87.50	299	37	10	7	1	1
20111209_www.pravda.ru_708959c113d06281226c407dfdb5849683673dab9e9e7e0b4f6aab3b	81.90	77.80	86.45	71.43	83.33	62.50	319	91	50	5	1	3
20120106_www.ria.ru_029cdb94cdadb2cda796721f98aa1c854725855fe56297ef7a719622	71.74	73.99	69.62	36.36	50.00	28.57	165	58	72	2	2	5
20111128_www.newsland.ru_deca5850da6e13d3afaba5a733ba630dfc85e0446c1024e58f74bdc9	81.11	89.57	74.11	66.67	100.00	50.00	146	17	51	3	0	3
20120117_top.rbc.ru_8fc49681dc7b3805b395f0c5114a2bb597635b97fbc3a74744c60c8e	93.03	89.10	97.32	90.91	100.00	83.33	327	40	9	5	0	1
20120106_www.rzn.info_dfa9de2dad8922187b79eca288b190f143d3a1fed26e0db8afd3db94	85.85	94.30	78.79	88.89	100.00	80.00	182	11	49	4	0	1
20111128_top.rbc.ru_780223131eb3c6a04c95f782525de8c94814bfcd61e1a34d7d10cb31	87.82	82.64	93.70	80.00	80.00	80.00	238	50	16	4	1	1
20111128_www.medicusamicus.com_9e7f4aabccca4d02b620513399601bbb5572b04262ec078f810fd1df	94.90	95.11	94.70	88.89	100.00	80.00	447	23	25	4	0	1
20111128_www.radiomayak.ru_8ad67e417e7dda07308001996b87066591849749c42006aa649e710f	68.55	63.91	73.91	0.00	0.00	0.00	85	48	30	0	0	5
20120117_life.comments.ua_0c05c8ad98404601c2e4e4ec899c77060381efef6e2b18d9583d4bce	88.82	93.10	84.91	28.57	100.00	16.67	135	10	24	1	0	5
20120106_www.rbc.ru_9de3f8c98565dbf813e1dc0ee7fe858058b486556e7632b7ae132691	77.99	93.15	67.08	0.00	0.00	0.00	381	28	187	0	1	13
20120117_news.vdv-s.ru_2f8de7cf4d3452ac2db6f37d13200fec986021f3336a8a7b8931c191	90.03	92.94	87.29	72.73	100.00	57.14	158	12	23	4	0	3
20111128_www.gazeta.ru_6c0acb5d065e76f57a212807e5dc2c1c9fa84ced5d212e2826b68bba	4.63	4.20	5.15	0.00	0.00	0.00	5	114	92	0	0	2
20120117_novostimira.com_89caeb1d83e485e88e05b68ada2bfaacce54e8e5cea0e90556c30761	26.25	15.39	88.96	25.81	15.38	80.00	137	753	17	4	22	1
20120106_fedpress.ru_73f28aa90c78276cdc79ec3ef8c1b76d0a4597fc758a0937095617da	37.43	25.58	69.72	0.00	0.00	0.00	175	509	76	0	19	6
20120106_www.ria.ru_7f29ab13be7012fa4d0697b37842464f5fab21a186d722cb6178d251	83.70	80.89	86.70	70.00	77.78	63.64	326	77	50	7	2	4
20120106_www.mk.ru_925812eec2e8ead92b3d2d9769cf9f4cc3cf36c01542afcab76ff2bc	88.54	95.33	82.66	85.71	100.00	75.00	143	7	30	3	0	1
20120117_www.pravda.ru_68888a68fa69fd0df677b92c50edce4f8d60e4dc4345546c908fedc8	71.84	59.86	89.80	57.14	50.00	66.67	176	118	20	4	4	2
20111128_veved.ru_e6b94e8edabcfb9236cf7032cab266b1b2078c644a54d1a02bf4db8b	84.07	80.80	87.62	0.00	0.00	0.00	446	106	63	0	2	14
20120106_www.regnum.ru_5ea350ca1731a56c9ec962530657c5a888a6b093b716e73ff9716bc2	60.85	75.31	51.05	50.00	100.00	33.33	122	40	117	3	0	6
20120117_omsk-times.ru_7a0a159e051a7d83f83c718ab0e6784197a74ce14c0991fa43327c37	75.62	69.72	82.61	40.00	100.00	25.00	76	33	16	1	0	3
20111209_life.comments.ua_4229a5c93d87864b9e6e262fb654b76e316bf45d1fdabfb1f1d98f95	81.24	84.40	78.30	22.22	100.00	12.50	184	34	51	1	0	7
20120106_www.ria.ru_dae988a9974d99898ea7607c52c81c903dc469acbdd0ab1110f52c02	67.51	71.92	63.61	55.56	71.43	45.45	187	73	107	5	2	6
20111128_www.argumenti.ru_be21cce9cc0c17a4811702603ad0cb82afcbdd32fe0d26093575449e	86.61	90.23	83.26	26.67	40.00	20.00	388	42	78	2	3	8
20111209_www.profinews.com.ua_a6e507d0bc2a2d16425421b2edf86681f9ef1a3093c01b710f703d6a	86.69	95.80	79.17	66.67	100.00	50.00	228	10	60	3	0	3
20120106_www.ria.ru_34361154a23f529006256a654692cc256ca859a19dc0f6f018a076f7	62.60	67.49	58.37	70.97	84.62	61.11	272	131	194	11	2	7
20120106_www.nr2.ru_e411c27e03a56c423624eb693a1d7431a2eb0c9a8a38f2d457474efc	84.23	78.58	90.75	69.57	61.54	80.00	422	115	43	8	5	2
20111128_www.argumenti.ru_cdafa92c8e21a65094c97379581e6aa23b675ce928564cbad43a8f6a	80.29	88.19	73.68	83.33	83.33	83.33	112	15	40	5	1	1
20120106_saratov.kp.ru_b75c2de73f16547855914744f1c2f986075e0e98e1462b36cb68bb39	86.68	92.48	81.56	0.00	0.00	0.00	283	23	64	0	4	7
20120117_pln-pskov.ru_ca3e20f824a77c1599d707340ec6f89a171f8ffc689af27627dc2968	81.22	77.50	85.32	66.67	66.67	66.67	93	27	16	4	2	2
20111209_www.regnum.ru_390fcad04260783ea96a5bed16a9f654777fee12ee6f1ce243163e31	76.04	68.54	85.38	66.67	66.67	66.67	146	67	25	2	1	1
20120117_www.aif.ru_a7a2b954a2707bdba78a221747044782454c7e7c29ea9ac74797aa01	5.03	5.24	4.85	0.00	0.00	0.00	11	199	216	0	7	8
20111128_gorodlip.ru_d8a37399572148f53db84da1e4beb795915a508b97023d958cfeb983	69.46	60.42	81.69	23.53	22.22	25.00	174	114	39	2	7	6
20111128_ubr.ua_ed8680ca9497c6e01814b8be69009bb9d4613a38c2a36a533ef27933	2.46	1.66	4.76	14.29	11.11	20.00	6	356	120	1	8	4
20111128_globalist.org.ua_5be549e96570e486891bf881eacbfddb2d6908f251c2d23bffe7e213	83.31	82.35	84.28	83.33	100.00	71.43	252	54	47	5	0	2
20120117_www.amur.info_6443a3c4f43e909a0b1be0663d859d2851e9580b73ef791bf728e71f	93.96	94.19	93.73	22.22	33.33	16.67	389	24	26	1	2	5
20120106_newsru.co.il_3ad15acc5ce87890828835c3d4d299f8d03e47e2636c4930e548cf66	38.82	27.86	64.00	85.71	100.00	75.00	112	290	63	6	0	2
20120106_www.regnum.ru_0499069aa430b9e9d88c8f172c978ef70745d000686903a15254f16d	84.31	77.30	92.71	78.79	76.47	81.25	916	269	72	13	4	3
20120106_www.newsru.com_1a91a63e0072a3c2afba0eda3d830e458319c5849a3318af3066c419	79.00	74.29	84.35	75.68	73.68	77.78	523	181	97	14	5	4
20111128_www.pravda.ru_ca2831b2776caab499f7d4089b80813eeedac9bc1e8920068c8e4972	82.85	81.53	84.21	66.67	66.67	66.67	256	58	48	6	3	3
20120117_www.argumenti.ru_24d2793e8210bef73d9c5552b74f8f93cd50f14cc6ccd7798c77ba79	70.94	85.71	60.50	80.00	100.00	66.67	72	12	47	4	0	2
20120106_tengrinews.kz_ed77af7b4de973f4ac7f4470fbb98c2acab3723cfd23c5dc9349255b	6.63	12.00	4.58	33.33	100.00	20.00	6	44	125	1	0	4
20120106_www.objectiv.tv_1876c342c825d0d55a82f91bb831095b8bd91b8e4260191a188245cb	77.10	81.73	72.96	83.33	100.00	71.43	170	38	63	5	0	2
20120106_rus.ruvr.ru_cbf5c80b8489db267e531a296f5cdddba82bc5d93ce48d2f69b9e3d6	81.79	79.75	83.95	0.00	0.00	0.00	319	81	61	0	0	9
20120106_rus.ruvr.ru_a6dd099050e32e54018a737dc6ebd189a7516bb4de909eea014f2057	76.75	71.43	82.92	0.00	0.00	0.00	335	134	69	0	0	12
20111209_www.regnum.ru_5bc9ac4324d46c89b7a9fa7a32794ca6e21dcf231fc2962b9e4a938b	78.53	88.54	70.56	80.00	100.00	66.67	139	18	58	4	0	2
20111209_www.medicinform.net_385707b66bcc2eff8c627aa2c253de8023b356153ca318b57eca95ba	48.02	34.56	78.63	60.00	50.00	75.00	103	195	28	3	3	1
20120117_www.9111.ru_e2e47b234353771176e7da60db97f5417e13ecd58f7d6cef61553432	60.30	54.01	68.24	46.15	42.86	50.00	101	86	47	3	4	3
20111128_prm.ru_1e627e2f5da52271de697836d25f7e848085d516e2d4982ac7863973	51.05	48.71	53.63	22.22	25.00	20.00	170	179	147	1	3	4
20111209_kurskweb.ru_0cbd3006d5c3cf6a44e59909e6bb93a78ef3596c0cf4bf23ea3c79c6	72.03	63.48	83.26	0.00	0.00	0.00	179	103	36	0	11	7
20120117_www.aif.ru_dce59edee65574969667311668737fed5eaccd473430301530a88e32	4.15	4.65	3.74	0.00	0.00	0.00	8	164	206	0	7	7
20120117_medicina.ua_be8c534c34dce9d78e68186d0a801c87ad4be2388e5045e05d58a7d0	87.07	89.38	84.87	66.67	100.00	50.00	101	12	18	2	0	2
20111128_news.bcm.ru_612395c1206be9b438b4eb493abe4b9c4b436263f490185758c3073e	71.23	59.92	87.79	72.73	66.67	80.00	151	101	21	4	2	1
20120106_news.liga.net_bea4e3c07b0e369b410c4bce2657ccd027df9595b1640b320a8a870a	82.08	82.56	81.61	88.89	100.00	80.00	213	45	48	8	0	2
20120117_www.aif.ua_ba56626e454701098f0c2d7c287ba60b5e027dcff50189015b444379	2.59	2.59	2.59	0.00	0.00	0.00	6	226	226	0	6	8
20120106_www.newsru.com_ad086f34fd28d9c4e33cd4cc7c45200b406f465c6c99e0c6c03effc5	73.21	69.75	77.03	60.87	58.33	63.64	332	144	99	7	5	4
20120106_www.aif.ru_47f630ae70a185204c0848a1b5c565182c07b0f8afcb874c5866fe48	1.85	1.09	6.34	0.00	0.00	0.00	17	1549	251	0	37	8
20120106_top.rbc.ru_33a7b32079a929ba92132315cd0c3e5ec1c15ebf88b3db82697fd583	72.45	67.62	78.02	85.71	85.71	85.71	142	68	40	6	1	1
20120106_www.health-ua.org_8ea8618c460350ff3b44f5a4ee2e0e1add6370e519925d6422189e90	71.40	92.70	58.06	76.19	100.00	61.54	216	17	156	8	0	5
20120106_rus.ruvr.ru_10482b7b0a197fc54a4eb42f4ccbbbac8334cd53c182dfb63ebb8157	80.84	76.41	85.82	0.00	0.00	0.00	230	71	38	0	0	6
20120106_tiras.ru_a8ac1a3f8f25605853e24d4efcd409bc412fdc50beb8af6794b871cc	3.08	13.33	1.74	40.00	100.00	25.00	2	13	113	1	0	3
20111128_www.pravda.ru_27bffe1b5efb7f55921254f786a83f2d2856be99f278bd9c8bf0896a	82.09	80.20	84.08	75.00	75.00	75.00	243	60	46	6	2	2
20111209_medportal.ru_0468ef9dd22197e37bbfa27d019c37f591209f25e553699e379a191c	81.40	77.18	86.11	76.92	83.33	71.43	186	55	30	5	1	2
20120117_www.tverlife.ru_931381a532cd08822c0b77d1ebf260b748bebc663b20cb85a73a7fd8	94.61	97.47	91.90	83.33	83.33	83.33	193	5	17	5	1	1
20120117_www.zabinfo.ru_a8e761fd4d1b7c2c194fa2771f16fed53ebff860edcf42a1ab46ee69	83.25	78.97	88.02	0.00	0.00	0.00	169	45	23	0	0	6
20120106_www.vz.ru_574f47be259cb32afcdea3b4a616ad67b52deeb0ce356f617b5c4e5b	81.43	91.94	73.08	46.15	50.00	42.86	171	15	63	3	3	4
20120117_amur.kp.ru_db49177b09dc18c652d8e00a07ebce62115931394d912c94a825ba43	73.98	64.13	87.41	83.33	83.33	83.33	118	66	17	5	1	1
20111209_kurskweb.ru_89d2fbdb45d0d08892f5a2c4b69fab7487e22b6e9d97a41f7a8cbd5e	74.78	66.67	85.15	14.29	14.29	14.29	172	86	30	1	6	6
20120106_rus.ruvr.ru_9c8301660644efef49fbaa51cee88e5e99a1368e147ca5d978151887	74.95	72.59	77.47	0.00	0.00	0.00	196	74	57	0	0	7
20111209_podrobnosti.ua_3c23469ada46556111db75f2bbf6b5c8d4ecd3c2d493cf50c02ae210	88.42	96.00	81.95	33.33	100.00	20.00	168	7	37	1	0	4
20120106_www.regnum.ru_698ed2763766604d29a5d7cd114dcc5267a1de255f7ea6274a8f3ab0	88.32	92.19	84.77	80.00	100.00	66.67	295	25	53	4	0	2
20120117_www.bankfax.ru_4f20a65dd86ac9a4f42b058fc4e24a90d011f3a8814bab4f4cf940ec	60.20	52.68	70.24	40.00	100.00	25.00	59	53	25	1	0	3
20120106_ivona.bigmir.net_e2b3b52c46918b33a21f0c2c6fd7c14df124641ec7962d2508567d89	69.26	67.51	71.11	0.00	0.00	0.00	160	77	65	0	1	9
20111128_www.from-ua.com_ace40a3654c2a925138e46a10cf05a27ea5cf9fccbb7858ef6405b64	91.87	93.33	90.45	84.21	80.00	88.89	322	23	34	8	2	1
20120106_www.newsru.com_7acb8f34117eb77ac8b38d5a12bd86805f38657dc468f3c9e2f8ead8	62.02	56.19	69.21	54.55	50.00	60.00	218	170	97	6	6	4
20120106_www.newsru.com_3cc03dc13c51c45cc005192493d338f9ec23e0cfa5cfc78721e89f28	61.56	54.49	70.74	42.86	35.29	54.55	249	208	103	6	11	5
20120106_www.regnum.ru_b1d108a915c7e9f07f25f4388ae14f3fd60ebc499f71c5ccdba8f0be	77.23	74.89	79.72	80.00	100.00	66.67	173	58	44	4	0	2
20120106_www.baikal-daily.ru_4d03f94d8fd5cdf97dd80e1e3bd661f57e3eb3d955156e9a6c38a552	78.67	77.57	79.81	0.00	0.00	0.00	166	48	42	0	6	7
20111128_news.bcm.ru_f1419d22979d6c691f2531742718e2144783b692018049d5f54a0f9c	86.36	81.50	91.84	75.00	75.00	75.00	304	69	27	6	2	2
20120106_www.ria.ru_20f18ab50b99825191bb0198434800d93ed7499840be42f83e1ddc8a	74.42	75.47	73.39	57.14	66.67	50.00	160	52	58	4	2	4
20120106_www.ntv.ru_902972a735c13e28e92e7b5780c450ba7f201e52780f41be74f0498d	71.33	77.28	66.22	7.69	8.33	7.14	347	102	177	1	11	13
20120117_www.rg.ru_425ebb7e3028b9d4ff8157a6ff47c62cc723822de0b5f40976d38471	91.70	92.11	91.30	92.31	100.00	85.71	210	18	20	6	0	1
20120106_rus.ruvr.ru_954487f51fe0cdd6c9fa51a2e31e0c5739e5e3915cabb7ee2607b9bb	69.95	59.44	84.96	0.00	0.00	0.00	192	131	34	0	0	5
20120117_podrobnosti.ua_4493a21ef66dd94e0ed46ded15d0472d097d24273bf72a3798b6bfc2	86.22	94.17	79.51	33.33	100.00	20.00	97	6	25	1	0	4
20120106_4geo.ru_da79c1f1b11cb8e4ecac8702ab9f754c2213abfa4b5b055b5fffb5a3	57.97	75.47	47.06	80.00	100.00	66.67	40	13	45	2	0	1
20111209_www.from-ua.com_a167986f72fb86473423c8b36255f5d2c4bbc2e78bb8717180731b1a	44.53	30.42	83.03	0.00	0.00	0.00	181	414	37	0	0	6
20120106_www.newsru.com_0b070cc4e82ec1acce4fea201186feaa70c969ca0e8d22ac363e868a	83.39	79.81	87.31	66.67	64.29	69.23	901	228	131	18	10	8
20111209_glavcom.ua_da7ef7f7afd4283aa29b892498ada013ab33c6c87acc1d7c3662d9cc	71.60	63.83	81.52	60.00	60.00	60.00	150	85	34	3	2	2
20111128_www.aif.ru_252b43f4faece558ef50829e48585bf4bf29dcc45a9b11e2657f7e73	3.88	4.55	3.38	0.00	0.00	0.00	7	147	200	0	7	6
20111128_www.health-ua.org_32f4fc9c9ac1b6310bb65c65e4d053b0159cff2bd4e53e3cf14f3b0a	71.14	60.08	87.19	76.19	80.00	72.73	313	208	46	8	2	3
20120117_www.regnum.ru_5e974f524a73b85fcc3d8971b53a898b8ea81bd560ce7f4e89e5134e	86.26	92.90	80.51	72.73	100.00	57.14	157	12	38	4	0	3
20111128_www.argumenti.ru_e6cfe32f454066b47a2cc18825563f7d1fce16a3d4f4d496d07f9cb7	87.47	92.50	82.96	0.00	0.00	0.00	370	30	76	0	3	13
20120106_tiras.ru_348ef5af5f140200b7ba83bcdd26e30cf3060de1552e9571c4ff531d	0.88	6.67	0.47	0.00	0.00	0.00	1	14	212	0	1	6
20111128_www.utro.ru_6f87a77ee82ea8623b44ea3d6fc0b5991f47c2234d520a29f5140096	52.50	88.63	37.29	6.90	50.00	3.70	226	29	380	1	1	26
20111209_www.news.nashbryansk.ru_6368eecacdbef694fd68e4d3ba2d9e28127f1fe0ddd95e728f0f3e34	84.51	78.37	91.70	70.59	75.00	66.67	453	125	41	6	2	3
20120106_www.ria.ru_ecab1113d544619f44e1b612b5946015a224e818817918184b42e821	1.92	1.26	4.03	11.11	8.33	16.67	6	471	143	1	11	5
20111128_www.rg.ru_8ec829733ea6b6e5d210f3c576505b8d8537febec29da1a74ace7dec	83.08	80.27	86.09	77.78	77.78	77.78	297	73	48	7	2	2
20120117_www.krsk.kp.ru_efe952742da53e9095a25ee3e25e361f703ec489b91417eb93d607c6	76.09	82.22	70.81	0.00	0.00	0.00	148	32	61	0	7	9
20120117_news.bigmir.net_435a7d809723a5eadd129d775236a1e87ba3c761ef6a6232f959398f	54.87	42.99	75.82	37.50	37.50	37.50	138	183	44	3	5	5
20120106_rus.ruvr.ru_7af3c3015646058a6271387cf6ceadd752248627dc6beafd18873a10	75.29	76.16	74.43	0.00	0.00	0.00	131	41	45	0	0	5
20120106_rus.ruvr.ru_201874024c9e7296d4e68008f4d3604533cc1751335aadc6f598d91a	65.27	66.67	63.93	0.00	0.00	0.00	78	39	44	0	0	5
20111209_www.utro.ru_64966d8a81c1e36b7f5924157c935c59845398e72f17a793746986f4	79.24	90.60	70.41	11.76	50.00	6.67	395	41	166	1	1	14
20120106_www.regnum.ru_7e0f85b355f6099930e5edc2852f70f051239c50aa9314304cca365b	83.03	76.25	91.12	66.67	66.67	66.67	472	147	46	6	3	3
20120106_www.nr2.ru_e4d7196ecdc3760ad5e14a283aedbc93f81a0f9ef0097b18d3bdd5ef	8.31	6.74	10.84	50.00	33.33	100.00	18	249	148	5	10	0
20120106_www.newsru.com_621a1d59e85615519ae66e37f01d82a1db6298ec0ca37d1d17512fb3	67.09	63.83	70.71	69.57	66.67	72.73	210	119	87	8	4	3
20120106_rus.delfi.ee_42f389d95f6d25a7104c706211b7df6a271bd42230d318a6a97fff70	87.01	95.06	80.21	66.67	75.00	60.00	154	8	38	3	1	2
20120106_rus.ruvr.ru_7ed22df2ffb6952d9e74611b212b0071c335df7ac1bb8924bb0231aa	85.68	81.03	90.91	0.00	0.00	0.00	410	96	41	0	0	4
20111209_life.comments.ua_413445fcf5fda9b6746c9c34097c7995ec2b801d4d5d87762b8d5263	82.83	83.52	82.16	33.33	100.00	20.00	152	30	33	1	0	4
20120106_podrobnosti.ua_ffd2d278eebbe5c243770afb049d2093e442f848a7ad58bb3f708cab	75.90	91.36	64.91	33.33	100.00	20.00	74	7	40	1	0	4
20120106_inopressa.ru_5347f152e35fa50bdc5c7b71e91fdcab0ee924e147b6a77e00c4ab2f	21.51	15.87	33.33	0.00	0.00	0.00	30	159	60	0	0	5
20120106_www.ria.ru_3bd41a95753e1381dcf18287aae31e25a823e33a19e206ddebd5ea9f	69.75	75.95	64.49	85.71	87.50	84.00	663	210	365	21	3	4
20120106_www.nr2.ru_413d33998faf4052b4d53db62cd3294a3910c8b24dbf0bea894652b7	6.33	4.49	10.71	42.11	26.67	100.00	12	255	100	4	11	0
20120117_vechirka.kiev.ua_5e96086a62e756565a43ef700524f872888b149b8264cbd095605678	54.22	43.69	71.43	50.00	100.00	33.33	45	58	18	1	0	2
20120117_www.aif.ru_ea29c469ec4c897bc00b0ce55763e97f3a54140a67185148ad734f32	72.82	66.36	80.68	92.31	100.00	85.71	71	36	17	6	0	1
20120106_www.ria.ru_c82a4fd390143702a94960f7d2146a45fe7dd8a32727936439be6d96	3.48	2.10	10.20	23.53	16.67	40.00	10	467	88	2	10	3
20111209_www.regnum.ru_799bdf6955e6b3414bcf437052ee6b7edc25d61bb152b8abaa49fb4e	81.46	88.64	75.36	50.00	100.00	33.33	156	20	51	1	0	2
20120117_www.regnum.ru_44d1177e6d6669aea0144a3fc575cd9880cbe2a2b142043cd0be4f93	88.38	94.25	83.20	76.92	100.00	62.50	213	13	43	5	0	3
20120117_ivona.bigmir.net_b28687a47406c8e9f07bc02733c7d72d30362c16d3cf0cd260cc5c57	57.58	45.41	78.66	0.00	0.00	0.00	188	226	51	0	11	12
20120106_www.19rus.info_0e04f91eba72b04f9b8e7c477e0ca01e2c1538aa21a4d184dc610e1f	82.89	86.30	79.75	85.71	85.71	85.71	126	20	32	6	1	1
20111128_medportal.ru_5373dbb4efcf35c8e37ec4bb2acffbc1138e77d16d7f37bf40b7c967	81.50	77.68	85.71	83.33	83.33	83.33	174	50	29	5	1	1
