file	F	P	R	F.tag	P.tag	R.tag	TP	FP	FN	TP.tag	FP.tag	FN.tag
20120117_timesofindia.indiatimes.com_22c1d64206e29a0dca411ee86f44ea616b8f8ac5c652cf30f2382385	91.58	92.17	90.99	83.33	100.00	71.43	212	18	21	5	0	2
20120117_www.orissadiary.com_6ac515d4b60cdb80d6746c10ff74c02087e132b7e63fb77b6a5d70a6	88.00	89.19	86.84	25.00	25.00	25.00	198	24	30	1	3	3
20120117_m.smh.com.au_2837b4beda2d9647673c8344773c6914407ae87298d155731de503cd	95.97	94.13	97.89	92.31	94.74	90.00	417	26	9	18	1	2
20111215_www.telegraph.co.uk_c56e99f68fdb6b7f284f287ac8b1133b20ba731b77a8a9cb96d16260	71.13	92.15	57.92	69.57	100.00	53.33	223	19	162	8	0	7
20120112_news.bbc.co.uk_f75ece81098631dbd272e4b34ed73383c37d719c26d1d72a6a080931	93.32	95.00	91.69	86.67	92.86	81.25	342	18	31	13	1	3
20120117_news.nationalpost.com_d014b8d85ef1cbb634831c871b4bdda202e92660d1062b4f19457c02	96.49	95.03	98.00	91.30	87.50	95.45	784	41	16	21	3	1
20120117_visitbulgaria.info_54a20f9f7abb52319ad7988e1b4e1170c4ea3cf97827941b6f9a2624	93.92	90.79	97.26	93.33	100.00	87.50	355	36	10	7	0	1
20120112_online.wsj.com_078a9cdd4b90e6cb0fd7112799485760d0fc0ee223259c46111498e8	97.43	98.32	96.56	93.33	100.00	87.50	701	12	25	14	0	2
20120117_www.cosmosmagazine.com_ca99584dc34b621b196e5469128147ca2a2596f9ef72cb11548df45e	93.62	93.22	94.02	91.89	100.00	85.00	770	56	49	17	0	3
20111215_www.metro.co.uk_59956104e4f612d6f61f5497ddfdfea1352c597763ea33c207929059	83.75	84.23	83.27	88.89	100.00	80.00	219	41	44	8	0	2
20111215_www.guardian.co.uk_bdb75d0a9df1d38d02528b2a05ff19f310e2a3e96dadbe8b92c332af	93.27	92.38	94.17	93.33	100.00	87.50	485	40	30	7	0	1
20111215_www.dailymail.co.uk_3f608d00736156a323ab476a86a3c7bca40bcb05ee1d74ceb546bbd5	67.34	57.70	80.84	3.23	2.38	5.00	367	269	87	1	41	19
20120112_psychcentral.com_d083c6b0c8d0c244d419c175957011d592d58ad75eae67ccc1195938	92.98	89.14	97.17	86.67	81.25	92.86	583	71	17	13	3	1
20120117_www.mirror.co.uk_b9d91e8cabba8832ceed69fd1edbc73b1c204ba6dfd9df89ce4260b4	84.39	79.65	89.72	88.89	100.00	80.00	227	58	26	8	0	2
20120117_www.bbc.co.uk_7b29bbb105b5aa555f5c798457911b5d76b2ceedcf800086b1e75327	86.44	83.58	89.50	84.62	100.00	73.33	341	67	40	11	0	4
20111215_www.dh.gov.uk_0a9cbae2299a36326acfa07e1a72eb684e38363967d46b929f16e7b6	80.14	71.25	91.57	57.14	54.55	60.00	228	92	21	6	5	4
20120117_news.nationalpost.com_72ee301752737078845a7b55b80760e571b4b0ce0605d2fef8354964	97.20	96.93	97.48	92.31	88.89	96.00	695	22	18	24	3	1
20120117_www.kake.com_f53c043c168bfe50334316658bfc69588b8ddcc26efa05a315da78b1	60.59	59.62	61.59	71.43	83.33	62.50	93	63	58	5	1	3
20120112_www.theglobeandmail.com_a82c942896627b03cbdaaad77d3fd77b4d6ffb18f3006e9c2f4784ec	94.49	96.57	92.50	92.86	100.00	86.67	592	21	48	13	0	2
20120112_www.businessweek.com_a005cdc19204ac2e3d4a5b818aa8c77e5968802888d329495c31085c	95.77	95.33	96.23	85.71	90.00	81.82	306	15	12	9	1	2
20120117_www.stuff.co.nz_53ba40796817ab0ee7fe18d7db255eebc0a5de2acb375b7df7b8ab9e	96.48	95.98	96.99	87.18	94.44	80.95	645	27	20	17	1	4
20111215_www.bbc.co.uk_10ad28b17f9e43976b02a6c94273819d431408d013d600dd689c1168	87.27	82.37	92.78	89.47	100.00	80.95	514	110	40	17	0	4
20120112_www.webmd.com_e32ac08f1b45b33ae2008ecd653f647c5b3eada798c6d439717a374d	71.08	84.60	61.29	75.56	100.00	60.71	456	83	288	17	0	11
20120112_www.prnewswire.com_8d259fddc33accecceb54274199d80eb29bca4526ca3ce0efb210d6d	77.79	65.77	95.19	76.67	71.88	82.14	832	433	42	23	9	5
20120112_www.google.com_fa0d9757941c336d81b6a57178537f035510e965958079464a0ade9d	94.35	91.69	97.17	95.24	100.00	90.91	309	28	9	10	0	1
20120117_www.ohio.com_3257efd6ddffd185f2fe02a3033e51b100d23cfe1bbb6974825ab535	89.20	91.63	86.90	91.30	91.30	91.30	471	43	71	21	2	2
20120112_news.sky.com_894e7a03c5dd0220ce188ac32e8eb1ee0cc463613a722b966cf9a2a4	84.85	78.96	91.68	79.25	80.77	77.78	518	138	47	21	5	6
20111215_www.bbc.co.uk_e96f24839be5d51388265d2a50689ac0e3d174c1dcee1d0100219777	82.67	75.10	91.94	85.71	100.00	75.00	365	121	32	12	0	4
20120117_www.cambridgefirst.co.uk_5738cca15743d499f55994f6132bef39d9e0ac6c6709654080d91340	61.69	46.09	93.27	87.50	87.50	87.50	277	324	20	7	1	1
20120112_www.metro.co.uk_63ca8cbe651c3917efb0977f6ea7a4b5fe936b9bd5367591a2f6570c	2.86	21.43	1.53	20.00	100.00	11.11	3	11	193	1	0	8
20120117_www.scotsman.com_9da257b1239aa7ede6b742e611265879c4c71c95ee65f3e21375cc03	84.05	76.71	92.95	86.27	84.62	88.00	593	180	45	22	4	3
20120112_www.cbsnews.com_45aa314d1bba90dfc9b74aedc130fef139c9c92d7c02f72def10138d	95.89	95.82	95.95	94.44	100.00	89.47	734	32	31	17	0	2
20120112_www.webmd.com_252d2169ba7e553ec3c5f51e82c9cb2f7290b97c3ff5e9fe75c6cc16	78.16	87.23	70.79	66.67	100.00	50.00	492	72	203	13	0	13
20111215_www.google.com_f15ae5e3a902a6f4010166ea66e95dd7202bfd7da6da6cdf9eb68bc3	94.99	92.61	97.50	95.24	100.00	90.91	351	28	9	10	0	1
20111215_www.guardian.co.uk_51844ecc39330dff62a070e5c2b90bad74c03e084f1f2456f297d216	95.62	94.15	97.15	89.66	100.00	81.25	885	55	26	13	0	3
20120117_www.latimes.com_4bbc92767919d8d2467d301487a59707c439c8fd97dff978db56ecc0	93.87	93.48	94.26	92.68	95.00	90.48	903	63	55	19	1	2
20120112_www.express.co.uk_2cc333acdf6ed5465ec0d4d7f4458731780f0c07bca31232aa18a858	77.50	69.11	88.20	9.52	33.33	5.56	396	177	53	1	2	17
20120117_www.dailymail.co.uk_56994e6d6576437c4deaf0da93ed39e5e4ef091958832cf3ec83bd6d	80.34	78.10	82.70	9.52	10.53	8.70	478	134	100	2	17	21
20120117_gazette.jhu.edu_47e76623eb1c3d7206d1cb4165d0b85123ddbbf0f2b1dcd64ab40bee	95.24	93.83	96.69	80.00	75.00	85.71	350	23	12	6	2	1
20111215_www.google.com_1dadb7b8b785257c96e75525287128a33660828a93c87864be59ed53	94.94	92.53	97.47	95.24	100.00	90.91	347	28	9	10	0	1
20120117_www.slbc.lk_ffe253f28e00d6fe592352ade540a8794f1fc39629982208652ab870	76.16	67.30	87.70	0.00	0.00	0.00	107	52	15	0	0	3
20120112_www.dailymail.co.uk_8360aa5d0696320532ff3bc6d5393aaa725db973d2bb2400aef68dda	77.96	74.67	81.55	0.00	0.00	0.00	336	114	76	0	16	17
20120112_www.foxnews.com_758b76cc0f6cf537c117dd591073f38157240017e084e3fb8e1a2d9a	97.12	97.26	96.97	90.62	90.62	90.62	960	27	30	29	3	3
20120117_www.independent.ie_d1f8adf15cd45d6f91736f7d8e6a4ce125b36f88402b3c699e0fcfd2	94.74	95.17	94.31	96.77	100.00	93.75	414	21	25	15	0	1
20120117_www.bbc.co.uk_ee4014a4f6529d9216f9b35b8c4b03d285024160369fef89b9c86b45	79.91	73.31	87.82	82.35	100.00	70.00	173	63	24	7	0	3
20111215_www.bbc.co.uk_b549e6b7ec6bf53a79536b51213191b0752f33e134ba1eaef6ff1b45	96.29	96.06	96.51	90.32	93.33	87.50	415	17	15	14	1	2
20111215_www.google.com_bceb9bbdc9587b15b2cfe90aec22a9d6443a010bc7b7f8755fc2a4fa	95.33	93.10	97.67	95.24	100.00	90.91	378	28	9	10	0	1
20120112_www.theglobeandmail.com_4d28a75adf58743732cee0ecc20179df60b2a311ff393cef89b6088d	94.06	95.53	92.63	94.44	100.00	89.47	641	30	51	17	0	2
20111215_www.4ni.co.uk_e89a5849150069d124708ee2d5f01fcaa2004fe4e62393fcc61dcd61	83.69	79.04	88.92	0.00	0.00	0.00	562	149	70	0	0	20
20120112_www.google.com_2dfbec827e0f441c89fcc448d891770f6e5730f6b1554e1c6dc49cca	95.46	93.29	97.74	95.24	100.00	90.91	389	28	9	10	0	1
20120112_www.scotsman.com_05fc82470d64b6000b7e2bebc552b812a0d8708cd7935287e992f6ac	0.41	50.00	0.21	0.00	0.00	0.00	1	1	481	0	0	16
20120112_www.dailytelegraph.com.au_19da765522c25f1e05b4e2e5c71ead9d2a29c56f410c0e9466d84987	84.25	75.21	95.76	80.00	80.00	80.00	361	119	16	12	3	3
20111215_www.google.com_cdb26ea5a65abb028b8670a95d873fd0db5b7494bc03a29153cfabed	95.40	93.20	97.71	95.24	100.00	90.91	384	28	9	10	0	1
20120117_allafrica.com_ca8306a6e2b39b6e3390076bae8b3db6d31234d8ff6dd0ff5480512a	88.42	83.27	94.24	72.73	80.00	66.67	229	46	14	4	1	2
20120112_www.theage.com.au_3b2621b040935fc7babe189f04a8195e5d6d42f318738af356788972	91.32	92.93	89.76	82.35	100.00	70.00	184	14	21	7	0	3
20120112_www.bbc.co.uk_43f849f890fd1367180abcc0c8b8ae3faf43c4b09a53371d52e33efe	80.40	72.81	89.75	80.65	96.15	69.44	841	314	96	25	1	11
20120117_www.bbc.co.uk_ad83ea8e08d8bd9271e717ba6eeaff8101d3e810c810c17c84451469	78.62	72.01	86.55	77.42	100.00	63.16	386	150	60	12	0	7
20120117_www.mirror.co.uk_33b2a6dd191f2233bfa3c1ef3a49c492b505832883d3050e1940961b	89.36	86.60	92.31	85.71	93.75	78.95	504	78	42	15	1	4
20120117_www.nzherald.co.nz_63f4577ddd683088d27fd6492f831bb6a82726aa2da4eb42f87e9961	82.42	78.82	86.36	7.14	7.41	6.90	614	165	97	2	25	27
20120117_www.yorkshirepost.co.uk_50c87a669df9177b29c3a5d3019d875e04957d02d996b8bb2aac1801	0.47	50.00	0.24	0.00	0.00	0.00	1	1	424	0	0	16
20120112_www.forbes.com_06573abe0d2325fb80b1052a1c35174ba5f221041c38d5faf508b603	91.04	88.91	93.28	87.50	100.00	77.78	569	71	41	7	0	2
20120112_www.cbc.ca_130930eda8db2366fb07c8bcc86b1a960ac1e07d67e36909de294ace	85.53	83.95	87.18	88.89	100.00	80.00	204	39	30	8	0	2
20111215_www.bbc.co.uk_1cf23adb7a882e3c2684f4ef8a0b9f10a45fe51c00624f3307d1cbee	83.67	79.96	87.74	75.68	100.00	60.87	451	113	63	14	0	9
20120112_www.jta.org_4a3379d1f9ec531d5a916677a5a73da5877555db9a120018deeaadb3	79.18	85.48	73.74	70.00	77.78	63.64	365	62	130	7	2	4
20120112_www.azfamily.com_901416d2d30deb043a1da49860792aee2db6df9ed7892be62b8290ce	60.69	45.88	89.62	43.90	42.86	45.00	596	703	69	9	12	11
20120117_www.voxy.co.nz_9822c3f85f78abf468f9e7670d120cd101c2e5cca1defd3b2a312240	89.87	90.64	89.12	85.71	100.00	75.00	213	22	26	6	0	2
20120117_vitals.msnbc.msn.com_446c16a3f7e197591efce13b4ab472f3462cd95375d64b6ec18e8d43	2.76	1.77	6.25	0.00	0.00	0.00	14	776	210	0	3	6
20120112_www.radionz.co.nz_019b7a4433f39cc0bb4134f3fdb4aef3ccc81b7d442d811868a1aa61	92.89	91.21	94.64	83.87	92.86	76.47	353	34	20	13	1	4
20120112_www.slashgear.com_aa9a030c90af5872c76046a4801e9c3a704b820c13ccb4842159f709	90.73	89.49	92.00	50.00	42.86	60.00	230	27	20	3	4	2
20120112_www.cbc.ca_2013ab16a33b8e9a328db6d85e9640d6fdc1f27529f5c142819b392b	92.04	90.08	94.08	94.74	100.00	90.00	318	35	20	9	0	1
20120112_yourlife.usatoday.com_ebe50592eeff17817363219c543164cc48dd75d9b67e95c8cb630c69	81.49	82.44	80.57	0.00	0.00	0.00	568	121	137	0	0	24
20111215_www.dailymail.co.uk_d0ea63908ff796a09c45b95e841dfac33563e802387991bcc135fa4a	77.21	74.03	80.68	0.00	0.00	0.00	476	167	114	0	23	24
20120117_lifestyle.aol.co.uk_03bd3f3ec24087f69f7cc62ad2014eefaa0653bf0aed586e6dac305b	74.25	77.08	71.61	66.67	66.67	66.67	111	33	44	4	2	2
20120117_www.news.com.au_45ec13db07ca54a903d0b2f1ab5560495b485cdc62e5e573caaa8bfc	83.50	75.07	94.08	80.00	88.89	72.73	286	95	18	8	1	3
20120117_www.indianexpress.com_9f97c347cb56cdb2f44406a269d038ab499160f00601ff033fc0334d	70.64	64.18	78.54	70.59	75.00	66.67	172	96	47	6	2	3
20120117_www.gmanetwork.com_a3c1ac3e865f27770d7ead834a1ac09d3e544a5148721a6270991dc2	95.25	94.35	96.16	65.38	51.52	89.47	601	36	24	17	16	2
20120112_www.christian.org.uk_cb17ae52b290ea628635022a174dc740094a13675818745240a199a9	84.48	97.03	74.81	77.42	100.00	63.16	294	9	99	12	0	7
20120117_www.dailymail.co.uk_d2047223c1ca302714775c2e00e6b7f6a24a339fb4cbbb1ff6f96b6a	73.12	68.59	78.29	9.52	10.00	9.09	393	180	109	2	18	20
20120117_www.globes.co.il_d09882c1df29dc17384de479959ebd23c7cb2846d3e30b2735d42fb1	82.84	82.68	83.00	55.56	50.00	62.50	210	44	43	5	5	3
20120117_www.asianscientist.com_13d649500425e7e8398807a5f05fadebbfd7d61ccf9533e59c348f2f	86.50	78.63	96.12	82.76	80.00	85.71	471	128	19	12	3	2
20120117_www.frenchtribune.com_4265bebad043b0d08948897b8390eaceaf5efe5961cd40268644e147	92.06	90.20	93.99	87.50	100.00	77.78	313	34	20	7	0	2
20120117_www.dailymail.co.uk_71b8164fa3ae3b22d1815a056cfb7ea99dcb3f38a3568ea16b50d6c7	40.28	26.33	85.65	0.00	0.00	0.00	203	568	34	0	24	9
20120112_www.usforacle.com_f2891c69339edef2dbc4a373f6ae6dd076bba28fb00514a78a3453eb	84.95	86.55	83.42	0.00	0.00	0.00	669	104	133	0	22	23
20120117_www.vancouversun.com_71478413f90e0d6f2262f3a2cadb7a30be7d7f726e3215acbbd9912d	90.06	90.06	90.06	82.93	80.95	85.00	589	65	65	17	4	3
20120112_www.pulsetoday.co.uk_9be002fbea0f0cda68ec64a3d969d7c5f981f67724253017eb93b917	1.78	8.11	1.00	0.00	0.00	0.00	3	34	297	0	2	7
20120117_www.cbc.ca_d280ab600eeced3edfccf6115b9f97c18cfc3e5eaeb1e8a008078b1f	93.77	92.25	95.34	95.00	100.00	90.48	512	43	25	19	0	2
20120112_www.guardian.co.uk_8255a113def1cb887ffd98ceb14bd87e2cc219bb634d56f22185eea0	95.04	94.51	95.58	84.21	94.12	76.19	843	49	39	16	1	5
20120117_www.vancouversun.com_eb21b7043fcf3025de7089f813da30ebf2866ec79e08ebd77f289128	94.12	98.00	90.53	85.71	100.00	75.00	440	9	46	9	0	3
20120112_capsules.kaiserhealthnews.org_bd950f35c3d4bbfedd3679aa8ed5911ac1670d24388a5c68bc43101b	93.65	92.40	94.94	90.00	100.00	81.82	450	37	24	9	0	2
20120117_www.emirates247.com_3a7aa28fa801bdb4409674b8dbbfa9898076418e079d5b7f7e85b041	16.36	9.13	78.33	7.79	4.48	30.00	159	1582	44	3	64	7
20120112_www.winnipegfreepress.com_0c2c3ed6118a3315ea5ab46444a5010ad180a3b82a0182cbaf9749f7	85.79	78.83	94.09	85.71	84.00	87.50	812	218	51	21	4	3
20120112_yourlife.usatoday.com_91a9ac0660db9f0283c2a185ac06624c308da067ad8d6a7d644a0d9d	77.30	75.53	79.16	0.00	0.00	0.00	395	128	104	0	0	17
20120112_www.guardian.co.uk_5f4756f5d32b866aac3bd29eb56a5e7d613ace85e3e89d50bd409360	86.41	87.39	85.46	80.00	100.00	66.67	194	28	33	6	0	3
20120112_www.winnipegsun.com_73165016b6c9d0a560d91e989e05fc18e0377bfdc9f8cda970e26a7d	48.60	55.62	43.16	48.28	100.00	31.82	287	229	378	7	0	15
20120112_www.northamptonchron.co.uk_c71218a36a51118e3cc0a73afdc72812de85815c1ac68f94a735da28	97.29	96.88	97.71	96.30	96.30	96.30	1707	55	40	52	2	2
20120112_www.medicalnewstoday.com_15b285f600b9236be7ce88cfb81f1a5a229f078321d2e94265ddb1ed	69.73	54.21	97.70	59.38	43.18	95.00	638	539	15	19	25	1
20120117_www.ctv.ca_c0c7faf0396c90b75a307acbd2afa92f8ba4ec226b64ad3af584feba	5.36	3.02	24.00	6.90	4.17	20.00	24	771	76	1	23	4
20120117_www.vancouversun.com_53f7cb2729dbc799a8053833c38c1e209189cec3232585a24e480a55	93.50	96.23	90.91	87.50	100.00	77.78	230	9	23	7	0	2
20120112_www.theage.com.au_020d43d60b12fc5b5432754642742548282d8dc150d8c95f4aebac53	91.51	90.09	92.97	76.19	80.00	72.73	291	32	22	8	2	3
20120117_www.cbc.ca_fb2fbf10401b86e2b4a3e896dcdcb805f0219e982383b31112bfe3c0	70.15	61.38	81.84	72.22	65.00	81.25	356	224	79	13	7	3
20120117_www.theglobeandmail.com_dca2e983ade8cad2062e2eec6581452ca813f4e46dd64a09d141c6fa	95.17	97.68	92.77	93.62	100.00	88.00	886	21	69	22	0	3
20120112_www.iol.co.za_90e7e6721be682e0eeaa0fe149743f9903a70d6254096bd7a050f83a	78.22	72.33	85.14	0.00	0.00	0.00	298	114	52	0	0	14
20120117_www.wwltv.com_39defc5e9432230c3fa6895d4f902155e08b7962fe2f5cc0c87f7d6e	86.96	81.88	92.72	73.68	66.67	82.35	497	110	39	14	7	3
20120117_www.wpix.com_04afe7c6a61eacd831ba894e3a88f33664ad60c558e91837eefe23e2	82.83	80.71	85.06	0.00	0.00	0.00	205	49	36	0	0	10
20120117_ibnlive.in.com_d4550f517a2cf8bc5702aa113f5f415d4476ae0ca0898420aa0e5fc6	74.96	65.59	87.46	70.59	75.00	66.67	244	128	35	6	2	3
20120117_www.nzherald.co.nz_ad956db50d001d3ce17d3c6342e808aa1238bd8e8206f01d4812bf72	75.75	69.52	83.19	7.69	8.00	7.41	495	217	100	2	23	25
20120117_www.calgaryherald.com_aa6d5bb9c192dfedf78aaf49cba9647132f8db9f3e4c92f2044f9fc5	96.35	94.97	97.76	92.31	94.74	90.00	831	44	19	18	1	2
20111215_www.google.com_8e4063dc6cfb782088d53af715efdf52447cbd4aa6b8e56060cda6f7	94.35	91.69	97.17	95.24	100.00	90.91	309	28	9	10	0	1
20120112_www.nydailynews.com_5bc94e5c54af59d5708af729a68924bc8fe11ef5ba62e0505efde515	79.33	93.07	69.13	80.00	100.00	66.67	309	23	138	12	0	6
20120112_www.sunderlandecho.com_c306b8c96a9bba70a2a2093dc16cbd8e0890f9f3d2072429d3b8c95a	92.86	93.18	92.55	90.20	92.00	88.46	683	50	55	23	2	3
20120112_medicalxpress.com_dca594b0d3bee481b3ace56bdba6f1d55f4bf62c2e78aad13f2121be	79.47	87.91	72.51	66.67	71.43	62.50	509	70	193	5	2	3
20120117_www.cbc.ca_1db9a3fe019e11e392aebc86ca7bd63b11ec2c4e7fd0bea2a421e98c	91.85	88.69	95.24	90.91	100.00	83.33	400	51	20	10	0	2
20120117_www2.canada.com_768405a9cf2dadc2769a56edb9fc57549c7d628cb373c38b75f12919	83.24	75.68	92.47	94.12	100.00	88.89	221	71	18	8	0	1
20120112_www.telegraph.co.uk_773824591d924ebde22bf3e709e355466c64015956ebded4595ca892	72.37	89.88	60.57	53.33	70.59	42.86	444	50	289	12	5	16
20111215_www.dailymail.co.uk_7c9b923c2051007465a44b4b1ab66f37fe7f273adbf47ea20c5efb95	78.19	71.33	86.52	12.12	13.33	11.11	398	160	62	2	13	16
20111215_www.bbc.co.uk_03e7bd4c10f54b7af926369ff843d86668ea229d4dd7026bbea5fc4e	83.41	78.92	88.43	88.24	100.00	78.95	367	98	48	15	0	4
20120117_www.langleyadvance.com_c094f71e549e47744144566197f0abf73ca1eb707ff060e3a7c068da	97.26	97.41	97.11	91.30	91.30	91.30	639	17	19	21	2	2
20111215_www.squidcard.com_714e53ab0bff1684b6fbd242c45b85b57564ef44e5d5b1f25609b3ea	88.66	88.41	88.92	0.00	0.00	0.00	305	40	38	0	1	13
20120117_www.dailymail.co.uk_905874e9183dbcee4b84cb6c3f533cee6b0e814d39a50100fa3e9ca0	81.13	77.97	84.55	7.69	8.00	7.41	591	167	108	2	23	25
20120117_www.cbc.ca_1c7a295ecb833dbabc9f3cb6df64331739f50f5e467c61da22a89d96	65.78	51.47	91.09	61.54	50.00	80.00	419	395	41	12	12	3
20120112_www.medicalnewstoday.com_4c0a5615e5b184879734f654b435da5a4b081e8a98c663ac18b51e70	57.91	41.60	95.27	37.74	24.39	83.33	443	622	22	10	31	2
20111215_news.stv.tv_3868f9a920e6afeaee5a4ad05a77fb2386c5b3738b549471e37acf50	92.98	93.30	92.66	87.50	93.33	82.35	404	29	32	14	1	3
20120117_www.ctv.ca_d2892bc031e361b72819e7d96a4daadcb17d0afb60e6bd19733dff65	92.12	93.35	90.93	92.86	100.00	86.67	421	30	42	13	0	2
20111215_www.bbc.co.uk_3a66abad09329b54c3dc699d80ce85384beb21ecf3d480f7bd1dd8f3	78.76	71.61	87.50	71.43	93.75	57.69	560	222	80	15	1	11
20120117_www.stuff.co.nz_cc415cc1a7f98456f362ad5d9d0f5768c4bfece11189bd576907fbb9	93.23	96.85	89.88	89.80	91.67	88.00	737	24	83	22	2	3
20120112_abcnews.go.com_7b2ea90b30176ca2e098e6e3a331dc3bcd6beb0216747a49b2fd9f07	87.72	80.40	96.51	80.95	73.91	89.47	636	155	23	17	6	2
20120112_boingboing.net_2156ac82499859c52b946dd08fd4049125d5db03b78a252bd99a827e	88.01	83.48	93.05	57.14	52.63	62.50	576	114	43	10	9	6
20120112_cmvlive.com_b02be15c980c375ec956cf6f1c9f265ea7807b112a901fdef80b25a8	94.67	91.74	97.80	95.52	94.12	96.97	1022	92	23	32	2	1
20120112_www.cbc.ca_3d0724e574ef5beec2407286148b10363daffed804199cf0cbe28b06	88.29	83.87	93.19	94.74	100.00	90.00	260	50	19	9	0	1
20120117_www.vocm.com_1f56795a46048751504db2ae132b6e49c057205e76a3a5f61f81ab85	82.95	81.82	84.11	80.00	100.00	66.67	90	20	17	2	0	1
20120117_www.indianexpress.com_7533df9985a7e604c04952d27e24f4d3d3d4a8e2b5ec810cd9352760	79.04	67.66	95.04	66.67	75.00	60.00	364	174	19	3	1	2
20120117_www.bbc.co.uk_0711524886a0068794cb31a55a2f3b3fbc82b501f7e46fb84581a3e1	86.96	82.28	92.20	88.37	95.00	82.61	520	112	44	19	1	4
20120117_www.rte.ie_0588a81cedf5f3db088bd632512682241a0d6ea97d3ea4c0c3cd02fb	90.67	94.44	87.18	91.89	100.00	85.00	374	22	55	17	0	3
20120117_www.digitaljournal.com_b09361ea8ad05070e41243e4b1683ee7a51c5c7490138d8a9959f967	87.28	88.11	86.46	48.48	36.36	72.73	415	56	65	8	14	3
20120112_www.medicalnewstoday.com_0d4f2d84bf8fc9e3bb097865447abd0246a26175b6cf6dc3442e997c	62.83	46.34	97.52	54.55	38.30	94.74	589	682	15	18	29	1
20120117_www.sundaytimes.lk_2487e3d3adadb2a5b545433f20eda72bb6989b9ee1b9acace784c93c	97.57	97.51	97.63	90.91	100.00	83.33	783	20	19	15	0	3
20120117_www.montrealgazette.com_a00fae0797653465b25ac1a13bcde9e485b514421c4cba8c2c2e196c	94.48	97.59	91.57	88.24	93.75	83.33	608	15	56	15	1	3
20120112_www.wctv.tv_dd68b342550c281cd298181258a33c400869d5839c47ccda0d20dbef	74.30	70.18	78.93	16.67	33.33	11.11	266	113	71	1	2	8
20120112_www.dailymail.co.uk_c7d3f6443d15e3e8b751d734c063d919bf90ddb5735ceab36b6a1320	72.44	61.44	88.24	5.97	5.26	6.90	698	438	93	2	36	27
20120112_www.latimes.com_9fa8e2c8423350080ea1cde836f5a140d026cdb7b2c8030d52023479	84.59	87.83	81.57	69.57	66.67	72.73	332	46	75	8	4	3
20120112_mobihealthnews.com_e0281a435ccce60a61a8046c519d57be049fffc3e8b44c21c87976e5	94.10	94.10	94.10	85.71	92.31	80.00	606	38	38	12	1	3
20120117_www.straitstimes.com_bd59413015818e41702e70acee39591dd6c12b52dd4c4e1df12fd833	63.28	52.09	80.58	80.00	100.00	66.67	112	103	27	4	0	2
20120112_www.inpharm.com_6e18f109719fb4aefa4da84792800594e38ea3227bb27066de7fe10f	87.20	84.28	90.34	81.08	83.33	78.95	402	75	43	15	3	4
20120117_www.google.com_54167310f35c90568e351f22718af2dc78f4b552976150e79d78e1f4	96.00	94.07	98.01	95.24	100.00	90.91	444	28	9	10	0	1
20120117_www.inpharm.com_13cb4a94a2af912370425c72652866dde00b4a67607b08a8969f0da7	87.27	83.65	91.21	75.86	78.57	73.33	353	69	34	11	3	4
20111215_www.webmd.com_72fa7465e3530407517fefa9a2ad2857103e31185e0007520828d1ab	88.25	88.32	88.18	83.33	100.00	71.43	552	73	74	15	0	6
20120117_www.heraldscotland.com_998648fa54f1a5e658f33d51eaa231745078400669f2affaa69b117e	23.16	39.01	16.47	37.50	100.00	23.08	55	86	279	3	0	10
20120112_www.independent.co.uk_8a8296e812a999e1bfa78ac3986f76676160111381e627c8e020f33f	97.10	97.67	96.54	90.32	93.33	87.50	754	18	27	14	1	2
20120112_calgary.ctv.ca_011a082345b3ea8b74fb5e7a126df7c3c577899170d821748d85b2f3	88.34	89.39	87.33	91.67	100.00	84.62	379	45	55	11	0	2
20120117_www.bayofplentytimes.co.nz_1b02a85be013542b49f5462100cd39f556fc6d289c7992aa4516db81	63.33	50.00	86.35	11.11	100.00	5.88	329	329	52	1	0	16
20120112_www.walesonline.co.uk_c74de3f2c3597ac5a357a970261183f1c40796d56c78aab8804648cf	92.25	90.92	93.62	95.24	100.00	90.91	631	63	43	20	0	2
20120117_www.timescolonist.com_d30fb2248f49e66acdcf2f56609771cc53758577da2ce8122c2b594e	96.81	98.08	95.57	93.02	95.24	90.91	561	11	26	20	1	2
20120117_www.publicservice.co.uk_683dca4bb6eee80acfac2190184fa833cc3537974475a827280ad603	95.34	94.68	96.01	75.00	85.71	66.67	409	23	17	6	1	3
20120112_www.newsnet5.com_a339ef70684390395b35975a87f0da722f6ed87b9000cf614fe53f61	85.45	85.98	84.94	85.71	100.00	75.00	141	23	25	6	0	2
20120112_www.telegraph.co.uk_9adb8d607dc4fbf1b30f508947f1c9187bf004627c748562e32f5a05	67.62	98.86	51.38	46.15	100.00	30.00	260	3	246	6	0	14
20120117_www.foxnews.com_444ed31fe47dfd22b178e57c15acfb2165abd521080b21aa8513d890	90.96	90.22	91.71	83.33	83.33	83.33	166	18	15	5	1	1
20120117_www.bbc.co.uk_a5a89301d68c7940a0dfcbae5bf161aab81b577a17044afe5217f47d	81.48	75.10	89.05	82.35	100.00	70.00	187	62	23	7	0	3
20120112_scienceblogs.com_19abf46d03c2b6d959e4778242ae61fd6a51461ec61c0ad6ea97c073	90.88	90.90	90.85	82.35	91.30	75.00	1499	150	151	21	2	7
20120117_ibnlive.in.com_f09aeec9c93d8a20702206d19b6cf9e3f5d22723802c2b7cb0fb53cc	85.37	78.78	93.16	33.33	100.00	20.00	245	66	18	1	0	4
20120112_www.indianexpress.com_9048c2ae85891363446489fa9274ed43dce8dd87b5e6538d3dc1ac63	83.44	79.77	87.46	90.00	100.00	81.82	272	69	39	9	0	2
20120117_www.emailwire.com_335519a0d2e7ba4e9a89bb9e4e3e5296f89616588d24dd921701b601	88.29	89.34	87.27	32.00	30.77	33.33	377	45	55	4	9	8
20120117_www.cbc.ca_922864e1693fe48d4ee7464d2dadb10346b9ef217ef20cc2fe7484ad	82.93	83.33	82.52	85.71	100.00	75.00	85	17	18	3	0	1
20120117_popwatch.ew.com_76e12c8d51a7b68e71f13f8d98b5561ca8dbaa558d239a1df9e4df4c	80.83	76.85	85.25	76.92	71.43	83.33	156	47	27	5	2	1
20120112_www.latimes.com_5b3d04d073c7bfb9af751c9dd8cce0959454a25874f8972f0e37c1d5	86.04	87.02	85.08	66.67	60.00	75.00	382	57	67	9	6	3
20120112_www.three.fm_57439652367bbf1e93b2db66588a8bb1804217ae8431c45b343b87b7	84.08	82.60	85.63	58.06	50.00	69.23	280	59	47	9	9	4
20120117_www.businessweek.com_f298dda4630d2996a1586d8ab7f06f5d7f36990454ec6ac5edc0efde	92.22	89.09	95.59	0.00	0.00	0.00	931	114	43	0	4	30
20120117_www.theglobeandmail.com_2f8c4f3e053f8a1c6f1e3c029d13a4535cfedff37081e875c2409398	83.50	84.93	82.12	88.89	100.00	80.00	372	66	81	12	0	3
20120117_ibnlive.in.com_699400a4278cba71902aee6965c6cb60f3a1dd057377414ce021cb4e	84.88	77.05	94.47	66.67	100.00	50.00	188	56	11	1	0	1
20120117_www.usmagazine.com_efcef509d986f4bac6c1d7fd7525bd246623d12b797626e82db6cf3e	75.50	75.00	76.00	55.56	55.56	55.56	171	57	54	5	4	4
20120117_www.ctv.ca_34ad8b4063fcac90f46f9d32b9889468774971649484712c3d9b524c	76.09	65.73	90.32	66.67	66.67	66.67	140	73	15	4	2	2
20120112_www.huffingtonpost.com_5cabf1e343190d832484b66570e32417a284f6f0697cad99c8acaf58	76.91	63.91	96.55	66.67	52.17	92.31	448	253	16	12	11	1
20120112_www.dailymail.co.uk_3c74f06a28bdd9795551e38107f828db9177ad22dde8e5002b43cf5a	74.23	65.45	85.71	7.14	7.14	7.14	648	342	108	2	26	26
20120117_www.bizjournals.com_c06b61a58e8e7913454abdb02067b7fc0edcf99c9d848c2d4fea81a1	6.67	10.64	4.85	40.00	100.00	25.00	5	42	98	1	0	3
20120117_www.voxy.co.nz_fac19adfb84f2747fdadfa08c89497057bd56f075e53f941550b4906	95.60	96.15	95.06	76.19	66.67	88.89	750	30	39	16	8	2
20120117_www.guardian.co.uk_5977a9e5cd21e538685d6a42680a0a2c40e8315ae224dd8784d005de	91.15	90.71	91.59	90.91	93.75	88.24	762	78	70	15	1	2
20120112_3d-car-shows.com_568a696a9b0b74e33aa9f371e1894d6bb8e919d0745fd18d26771bdc	90.47	85.91	95.54	88.89	96.00	82.76	835	137	39	24	1	5
20111215_www.guardian.co.uk_055efffff0eae3cdab727ce3d9f781b240ae2e830348fe44213c15f2	94.08	92.59	95.63	94.12	100.00	88.89	787	63	36	16	0	2
20120117_www.figo.org_3afca4e68b47f41368c4616b05e859aa2e01ddb54185d6c811503d6f	90.95	93.51	88.52	85.71	100.00	75.00	216	15	28	6	0	2
20120117_www.guardian.co.uk_dd9d50d1d184dd0ab2d74149f4b884e10bec69f8527a729027f23a54	89.87	88.18	91.62	94.12	100.00	88.89	612	82	56	16	0	2
20111215_www.belfasttelegraph.co.uk_c84a9b7d5164656bef295220fa5cc6c072c6d139d92c9f51f7959946	86.52	81.31	92.44	74.07	83.33	66.67	770	177	63	20	4	10
20120117_www.bbc.co.uk_e3fd678203c31aa09445d655a2e56a7f8bf4c1651ceef12345789a9c	81.87	78.52	85.53	85.71	100.00	75.00	201	55	34	9	0	3
20120117_www.google.com_6efdc613eb93d12a9500bf91a355693091eb23744fb0d6621b6e50ef	94.10	91.33	97.04	95.24	100.00	90.91	295	28	9	10	0	1
20120112_www.dailymail.co.uk_185a9e04efa6651dc4a7c53c5e3b35a18b6b69daa75de77487232257	86.04	83.21	89.06	11.76	12.50	11.11	456	92	56	2	14	16
20120112_www.businessweek.com_1151af0dcad3cda5773eb2d1d26cf0e3ac2ebb5f8f34a99434129516	82.25	82.74	81.76	16.67	25.00	12.50	278	58	62	1	3	7
20120112_www.news.com.au_337c7f67bcf3647aba9e786d7a9ac0ae90374fb4af4270431fc04416	78.81	93.81	67.95	83.33	100.00	71.43	106	7	50	5	0	2
20120117_www.foxnews.com_eb7e134296b991dec4a9750fe0bdbdf6e9c51dc264a5b3a6278d7bbd	94.78	95.03	94.53	95.00	100.00	90.48	726	38	42	19	0	2
20120112_www.washingtontimes.com_92d81e4d373524316f170850ce146c98a5ef60b1ee2d323de4eb5f05	86.91	87.53	86.31	80.00	100.00	66.67	435	62	69	10	0	5
20120112_www.cbc.ca_1343723ddc7858d97ad7be2636252e4b904a6cd969bd559fa4924042	84.38	92.89	77.30	80.00	100.00	66.67	235	18	69	8	0	4
20120117_www.mirror.co.uk_9d27adf9ae5483609c257e7dec02cd92a9783b26fad0e33760a5b4dc	57.16	41.98	89.53	46.91	35.19	70.37	479	662	56	19	35	8
20120117_www.vancouversun.com_bc6137a56083e9dab259a97f6bde13f07d4c97b1dd27b66335eb8127	97.31	98.41	96.24	96.67	100.00	93.55	742	12	29	29	0	2
20120112_www.thelocal.de_ddaee297447b9afccf5dd65b59635271f32f2332c1f35f99f6fff576	80.51	82.85	78.30	0.00	0.00	0.00	314	65	87	0	14	13
20120112_www.medpagetoday.com_b51db5f1ba536e7d5bd5b28f46d46cb4020037bea04bbc7475af681c	83.43	74.65	94.55	80.70	74.19	88.46	798	271	46	23	8	3
20120117_www.massey.ac.nz_fa35656e661a39d744a330d797279aa4dbb320d8de27ff4621b53d3e	95.20	94.28	96.15	86.49	88.89	84.21	774	47	31	16	2	3
20120112_www.mid-day.com_f63fe3934549b712cececaccd571684914441962cd115c9ea00bf307	82.32	78.45	86.59	0.00	0.00	0.00	284	78	44	0	0	12
20111215_www.bbc.co.uk_6289b8881ced4e2577bfe460766ab040744647dad9f6913b235cea1a	66.00	52.65	88.42	64.00	61.54	66.67	527	474	69	16	10	8
20120112_www.heraldsun.com.au_ef4764e85b5e7926ce73df01f103d5e2d66db0cf41577864e4f5db99	84.50	76.15	94.89	81.82	90.00	75.00	297	93	16	9	1	3
20120117_www.abc.net.au_67a8e08a830fc6731e29d12e0cf8c46e1d7b88558f7a2586234f5807	90.88	85.54	96.93	92.00	95.83	88.46	568	96	18	23	1	3
20120112_www.expertclick.com_c849b6ebb9fb8fcf0191255177b241e41d03986f8e0eb9a3421361fc	94.67	92.92	96.49	70.97	64.71	78.57	879	67	32	11	6	3
20120117_topnews.ae_de7616081fc45200997e2360ad973eff77025b1eb4bef5ad70b4ebbf	94.17	96.36	92.09	75.00	85.71	66.67	291	11	25	6	1	3
20120117_www.guardian.co.uk_391eecad2ee1c02543a7c9a17ac788046d6dd5b6204b7f11d0dfbc73	93.13	89.88	96.62	92.31	94.74	90.00	657	74	23	18	1	2
20120112_www.dailymail.co.uk_07c11eeabada1ffd6b2d5303de0f296d539ba3f7865d8d88509f1abd	70.07	60.82	82.63	3.51	3.45	3.57	590	380	124	1	28	27
20120112_www.calgaryherald.com_2d319a6f950e9c0f3569098d55658d4719c7c4f902c3627cb39a9cf7	95.91	96.54	95.29	90.91	90.91	90.91	809	29	40	30	3	3
20120112_news.nationalpost.com_db84bb6bef5278925cad1cb6ee9f78ef5341659326967b3a77cf8799	90.23	92.78	87.82	77.27	80.95	73.91	591	46	82	17	4	6
20120112_ibnlive.in.com_4de5c68e2c3cb25169d585548d45e75e5e249bb42be4f54e2f9ca8df	82.87	76.51	90.38	18.18	50.00	11.11	329	101	35	1	1	8
20120112_www.businessweek.com_2a21025f6f4dc13c9eb8ebf3d249f3fd66c6dd25a65a594f0083b2b7	88.44	82.89	94.78	0.00	0.00	0.00	436	90	24	0	4	15
20120117_www.dailymail.co.uk_056de4e608770f24708213450cd4dde723d54b60236578976c0b056d	74.00	75.00	73.03	10.26	10.53	10.00	306	102	113	2	17	18
20120112_www.medicalnewstoday.com_3c7a2b3347ff9a9f376ef57ffccea1eb33898b6064fab71224d80c19	68.00	52.37	96.95	64.15	48.57	94.44	509	463	16	17	18	1
20120117_www.latimes.com_2b1c2cabdb7c25ec353fcc7c3c7a7c3a96328c67b4d64dc0de54dd9c	80.23	83.48	77.22	61.54	57.14	66.67	278	55	82	8	6	4
20120112_www.foxnews.com_0d269a696925fa21989131eee82ab39ef86ab3900cca39b9d2fb0317	93.80	94.19	93.42	88.89	92.31	85.71	454	28	32	12	1	2
20120117_timesofindia.indiatimes.com_87093d456225c802820c5a70f7f0ab9c67178751ba6dcb659390b030	94.22	94.59	93.86	88.89	100.00	80.00	367	21	24	8	0	2
20120117_theuptowner.org_5e03c90055896adb8d8f3cba18a5ecf4b076702f7d9805c8b9a81422	96.31	96.05	96.58	91.67	95.65	88.00	1045	43	37	22	1	3
20111215_www.guardian.co.uk_907efa7d6598430e7d998858ce55198cd1b93d8f6173d82e2b3071ee	85.66	79.10	93.39	75.00	75.00	75.00	212	56	15	6	2	2
20120112_lifestyle.aol.co.uk_309f2cdd5524511152e51f935e103c5c47b90e9601158efa0d8c2ed6	65.00	52.20	86.09	37.84	53.85	29.17	687	629	111	7	6	17
20120112_www.latimes.com_a3c4f7092044d8d4a9fc93264445da7fd27088e47318ea679d881db6	88.08	91.42	84.97	64.52	55.56	76.92	554	52	98	10	8	3
20120117_www.newstrackindia.com_be31d862c62a21db5da44f6f04dfbefa0db30b8871335add44765e18	91.11	88.62	93.75	88.24	88.24	88.24	405	52	27	15	2	2
20120117_insideireland.ie_bd5694f07cacedbc1f7469f11cdb8aafce10444b6e845730fe15dc50	95.92	97.92	94.00	93.33	100.00	87.50	188	4	12	7	0	1
20120117_www.dnaindia.com_fd3765adb1b01b810d1167ba1712a8470fba7b0fb2891182c2b1a100	96.05	97.66	94.50	92.86	92.86	92.86	292	7	17	13	1	1
20120112_www.torontosun.com_f2a19d5b2abbc3b13069721457c368493c5bd5ffafaa0a8ddd6b7d87	50.43	35.84	85.06	87.50	100.00	77.78	148	265	26	7	0	2
20120112_www.boston.com_074caa4afb62a4df906fb8620e35f09208d6ed2d6b9326eb114f35ef	89.76	87.91	91.69	85.00	89.47	80.95	596	82	54	17	2	4
20120117_www.telegraphindia.com_f2c7f602fb72a37c60841753229e49c1ff9169695ea2b9ad3cba98c0	81.96	77.86	86.51	0.00	0.00	0.00	795	226	124	0	0	25
20120112_www.foxnews.com_83236102d82f5fe34b8e10d360c0cbc9d74fca8f3720841e259e0b12	96.21	96.79	95.63	95.00	100.00	90.48	723	24	33	19	0	2
20120112_www.google.com_16ba7af039d5e83a5722d8de6bdf55167ee80ce457b03f27739be3c7	94.63	92.27	97.11	90.32	93.33	87.50	370	31	11	14	1	2
20120117_www.travelagentcentral.com_fa9f01519f4110031bce2f2035dbc52b6e9e27b88cabc88f52274f8b	73.26	66.74	81.20	61.54	57.14	66.67	285	142	66	4	3	2
20120117_www.mirror.co.uk_d5396eacefe93b59cd52afd69fa9cb9d6dd055a8fa73b7e391b758c4	81.07	76.36	86.40	88.89	100.00	80.00	197	61	31	8	0	2
20120117_www.dailymail.co.uk_24323412761f93cb64df4009599e78c7bdd303f93c33b0c4031eef78	77.59	73.95	81.61	0.00	0.00	0.00	457	161	103	0	19	21
20120112_www.vancouversun.com_4e062ebd37d16f1783d3d58accff0e8c0d9a9da531f5b98a5a173c5c	84.01	84.55	83.47	82.05	84.21	80.00	520	95	103	16	3	4
20120112_ckom.com_7e263a94f02d5a1d7bffccd680f372762e6b05c502e4bd889b5815ff	89.22	89.89	88.56	90.91	100.00	83.33	240	27	31	10	0	2
20120117_www.mirror.co.uk_7d5e6f67a6979c53c5555614287d5e615c527c53fb9760236b95b8b9	88.59	85.40	92.03	89.66	92.86	86.67	427	73	37	13	1	2
20120117_www.globalpost.com_79a4dd9737349e7695e9f386a54b849a1e025e959db8a50954f798fb	89.69	91.51	87.94	76.92	83.33	71.43	248	23	34	5	1	2
20120117_www.google.com_ce49b38ed4b0a0cfa78cc173c5dc33aebe2019d6c3b60a9e0d3b445d	93.96	91.14	96.97	95.24	100.00	90.91	288	28	9	10	0	1
20111215_www.foxnews.com_8c8755e6e6cf31b8ddad1ada9085a3089802a05e23e37b0e8316b1a4	91.92	90.73	93.14	83.33	90.91	76.92	421	43	31	10	1	3
20120117_gothamist.com_a6b6a49ce44b1e33a5d2baff994e803b5ef5bbb15ce7642075df08ae	85.79	84.69	86.91	100.00	100.00	100.00	166	30	25	3	0	0
20120112_www.dailymail.co.uk_7fc700fa999a47bf65a04fca9dbc19294b1135da4d39fe3efcb81de7	3.13	2.35	4.70	0.00	0.00	0.00	18	748	365	0	25	3
20111215_www.bloomberg.com_89eb5fb6f715c79f7b80b996dcbdfe57e6f6837e3fb513c7948dee1e	78.25	69.70	89.20	66.67	75.00	60.00	322	140	39	6	2	4
20120112_www.winnipegfreepress.com_31beb74ad5cc37754e1d33ec41cd9c4b8cf4c68c52611eb58a5b2a2d	77.92	71.09	86.21	87.50	87.50	87.50	150	61	24	7	1	1
20111215_lifestyle.aol.co.uk_937d9eb5be35cb3a1e059d8e65792dd4b977f232ebdadc68c861a53f	82.72	77.46	88.74	61.54	57.14	66.67	268	78	34	8	6	4
20120112_newstonight.co.za_4947d97c403248217bb6c561819984948d4ea0f93eddebb8bed85820	93.43	92.88	93.99	85.71	100.00	75.00	313	24	20	6	0	2
20120112_www.latimes.com_7813a9736252189070abfda11663cf03ebfbce16d4fac270cf184c58	89.19	88.59	89.80	70.59	60.00	85.71	264	34	30	6	4	1
20120117_topnews.net.nz_9bfcb66030a6d918d49e40c03c6b4ff3f8d5b202176a974eaa5afe9f	94.13	96.71	91.69	66.67	80.00	57.14	353	12	32	4	1	3
20120117_www.google.com_c29fb1d041fc32e81b9f9dcdae0827b060e5de8d963198c1d1ba8dab	93.92	91.08	96.95	95.24	100.00	90.91	286	28	9	10	0	1
20120112_www.iafrica.com_7edd9b541414b73079bf5c811c81fb93e2337bf976ab3484252ecf96	94.72	96.54	92.96	93.33	100.00	87.50	251	9	19	7	0	1
20120112_timesofindia.indiatimes.com_86d9c13b0000d41c59712badf36a3a6e49ae660e956d17d7841b959b	94.83	93.62	96.07	93.75	100.00	88.24	734	50	30	15	0	2
20120117_www.vancouversun.com_a8fbdd69f65db06aa729e3db8df251d9939313d3d9cab7a8ad116dfb	95.86	96.86	94.88	94.12	100.00	88.89	278	9	15	8	0	1
20120112_www.msnbc.msn.com_816efc90821d446121da0919d604c25bcf609dcdae1315719001cf5e	70.46	57.73	90.39	68.29	66.67	70.00	508	372	54	14	7	6
20120117_www.newsday.com_fa8d57f892007d63353bb71812d9854099c10ea56e7633977b5b4068	72.65	61.88	87.96	60.00	60.00	60.00	263	162	36	6	4	4
20120112_www.businessweek.com_b77c6be214c157c40554ed2ce2cf6c41081f9a39df563f3df245ecf8	87.66	81.51	94.82	0.00	0.00	0.00	366	83	20	0	4	10
20120117_www.abc.net.au_de78bc966dde34a1742c725701302d1454a167d4ff15066abcc3cdee	88.78	81.50	97.48	90.48	86.36	95.00	542	123	14	19	3	1
20120112_tvnz.co.nz_695629943f191bba92909e10c5c610e6a2926c80af35069ab5185b24	51.01	35.27	92.13	52.63	38.46	83.33	164	301	14	5	8	1
20120112_www.bbc.co.uk_2cac11f4fbd2f55894f9f3e7fb28c8fc105988fdc00c5105aa91bb96	82.30	75.44	90.53	83.33	90.91	76.92	602	196	63	20	2	6
20120117_wonderwoman.intoday.in_ac77509543e77c4fac40e105e32e2772efe84f6e1c2fe32e14f41a39	90.18	85.77	95.08	80.00	92.31	70.59	464	77	24	12	1	5
20120117_www.newstrackindia.com_09b376f9fbdb420dd698e70b05d9041f0616874e7234c88e99334115	94.34	92.66	96.08	93.88	92.00	95.83	808	64	33	23	2	1
20120112_www.washingtonpost.com_f7175bdb02eae7ca3a47a87655c79d451f44d1a4758b55052e72aa83	92.42	95.03	89.95	86.36	86.36	86.36	689	36	77	19	3	3
20120117_abcnews.go.com_02f75071c1cc07e05a78a2f1062f1499b8c7a7cd5e01b23a9d932bd0	89.34	85.44	93.62	93.33	100.00	87.50	176	30	12	7	0	1
20120112_io9.com_342f14a83f5f7c3c3d8fa26c5a5f46e591212ad7a8bb2e45d41daa47	94.14	91.72	96.70	71.43	71.43	71.43	410	37	14	5	2	2
20120112_thechronicleherald.ca_d70e1b649f68e7e94bdc11385d626de54df9ff6312ea7464457c55e4	94.35	96.16	92.61	90.00	94.74	85.71	727	29	58	18	1	3
20120117_topnews.ae_60e71ed4515e93f5ae418efc8f91af85246a9e9daa63d9f8668f7367	93.70	96.35	91.19	71.43	83.33	62.50	290	11	28	5	1	3
20111215_www.walesonline.co.uk_8d91605236e7af55c0d28c54c1c1fcfefa87308d2f55ba1cbe0c7245	92.04	91.85	92.23	85.11	90.91	80.00	665	59	56	20	2	5
20120117_www.newsday.com_bd9a36f1d3fa8eeae139eabf18984c92b5fee713788fc1e6b479df0a	82.34	73.18	94.12	83.33	83.33	83.33	352	129	22	10	2	2
20120112_www.cbc.ca_0bcde571ac213d83e8f838480693af9d70c2ddc2b44ddd5221170be7	89.93	94.82	85.51	87.50	100.00	77.78	183	10	31	7	0	2
20120117_www.basingstokegazette.co.uk_9f95bd6b31caa6c22c8b78467947eb43fc3c27e87c476f41472b1090	90.00	87.50	92.65	90.91	100.00	83.33	126	18	10	5	0	1
20120117_www.sfgate.com_24e1213a9d551032be5ff810b012664630de7bd43e8f284e982daed6	80.79	72.18	91.72	44.44	40.00	50.00	410	158	37	4	6	4
20120112_www.barchester.com_4c4d0427e91d6004553087582714950ca37bb14a373c872a31053a77	86.13	84.02	88.36	16.67	50.00	10.00	205	39	27	1	1	9
20111215_lifestyle.myjoyonline.com_b5b6ed9b355b6a6cc165063e69e3751d6d208794a0584ae03c75329e	5.90	50.00	3.14	0.00	0.00	0.00	18	18	556	0	0	24
20120112_www.reuters.com_2d186f1bdc126e568e3394e1f1af926f58c39d8ccbe1ec0fe30ddec5	63.51	48.81	90.89	55.81	44.44	75.00	429	450	43	12	15	4
20120117_www.nursingtimes.net_38b101d69b9c9cfe1e114d0559971d9c8902ae2648a37d32788f46eb	96.67	96.33	97.01	94.44	94.44	94.44	682	26	21	17	1	1
20120112_www.nytimes.com_baf47ee30129c2c69980ac4def3977ca1e07a46f9c06a9e493e567bf	85.34	86.84	83.90	50.00	100.00	33.33	198	30	38	1	0	2
20120112_www.news-press.com_0c04426f510b39823ae14e53c9d17984f234d2c32df1e081386a2d77	81.16	82.61	79.75	8.00	9.09	7.14	323	68	82	1	10	13
20120112_www.eveningtimes.co.uk_6ae06c166470c5b4275e7da2ad0b8a141e265d8b28ac4aa7569fd339	90.41	95.65	85.71	85.71	100.00	75.00	132	6	22	6	0	2
20120112_www.nursingtimes.net_ca29bcc1ba37628c31cd89cd917e90fff298ae75980920811a12f434	96.07	95.75	96.38	84.21	88.89	80.00	586	26	22	8	1	2
20120112_www.dailymail.co.uk_6a455c7e61c1346482ba40d477706011eb2561af0d9818921e748b49	64.92	54.31	80.69	3.64	3.45	3.85	447	376	107	1	28	25
20111215_www.google.com_8ad4138167b471c61549e62de2da82f1caf9d6fdebd33c02afb27c70	94.65	92.08	97.37	90.91	93.75	88.24	407	35	11	15	1	2
20120112_www.newstalkzb.co.nz_969d7ae1be36bfe4c30c9fc1ac89760b3822c295058c24b366e05a26	3.53	4.48	2.91	0.00	0.00	0.00	3	64	100	0	0	6
20120112_www.mirror.co.uk_8663691265499871d832ce0f04fa21b06218d200d99911ecead041a2	84.80	81.69	88.15	88.00	100.00	78.57	290	65	39	11	0	3
20120112_www.deccanchronicle.com_da4b4e7685d7a48f5ad320e14dcbcb15f6a8a98cd45fd798a8c6526a	83.45	79.45	87.88	85.71	100.00	75.00	174	45	24	6	0	2
20120117_www.foxnews.com_afd88d9ff26bde569ad8578614c9b61beaf56abf288bb42f8caf09d6	94.09	95.98	92.27	80.00	85.71	75.00	215	9	18	6	1	2
20120117_tribune.com.pk_8e315b727f49b50dfa980ef6488391d7e5735794b39fb5ac4e3d0428	94.15	93.40	94.92	78.57	84.62	73.33	467	33	25	11	2	4
20120112_abcnews.go.com_4735ad98695d777e63923731d5a16423868aad5704baa5ed79d98777	89.36	83.03	96.73	96.97	100.00	94.12	680	139	23	16	0	1
20120112_www.bbc.co.uk_11ac003bb189b173013ffe172a5f9d970511411776aa8a2240af5a06	75.71	67.34	86.45	76.92	100.00	62.50	134	65	21	5	0	3
20111215_www.webmd.boots.com_2805090080ec7ca0f50b4fdb245332f0d93d3818e08e7787940bfd3a	90.71	89.35	92.11	81.25	100.00	68.42	537	64	46	13	0	6
20120117_www.theglobeandmail.com_8c59ebceafadcfa87f6701a01405b73f13784564a6ec58f98208dfe0	92.93	95.65	90.35	90.32	100.00	82.35	440	20	47	14	0	3
20120112_www.winnipegfreepress.com_f785568958931d55422ffeb15b71ca9116ed2ad2eb734058b02090a4	93.59	92.28	94.93	88.89	86.96	90.91	693	58	37	20	3	2
20120112_www.guardian.co.uk_2da9855bcb31797fa476727a38f3291bae6e12f139c30c9fdce29580	94.19	94.46	93.93	76.09	87.50	67.31	2660	156	172	35	5	17
20120112_www.irishhealth.com_a361acaac9810b5100c62926d5649a6118027ffb60db7aef06c9df8a	76.81	78.34	75.35	70.00	77.78	63.64	217	60	71	7	2	4
20120117_www.healthcanal.com_8edecf312eef5bede6750ca9181875c2970b5e31b026251abfafa9c8	88.34	83.89	93.28	73.68	70.00	77.78	375	72	27	7	3	2
20120112_yourlife.usatoday.com_e8a5ad12c6630b952c1cbe67286f1f6d788fd681e836f6d807bdb143	84.95	87.95	82.15	0.00	0.00	0.00	511	70	111	0	0	14
20120112_www.independent.co.uk_224f87017b56cc4cb55e8039a1a6314296b5aff48f7f4ae79924bfbd	96.63	97.45	95.82	94.74	100.00	90.00	344	9	15	9	0	1
20120117_www.dailymail.co.uk_9e40ba53973df4419b48d86e95478a5c4cef943be06afb1f0bb8c467	82.94	81.90	84.00	0.00	0.00	0.00	688	152	131	0	25	27
20120117_www.webmd.com_0d9c995cb887514cfdd86a410c23334910a6b70382ec506577562fd0	74.83	87.25	65.50	64.29	100.00	47.37	486	71	256	9	0	10
20120112_www.medpagetoday.com_873994fea57f1921838fad1316c448b9102c2a8dae2620fd75303413	90.26	85.59	95.46	94.12	100.00	88.89	820	138	39	16	0	2
20111215_www.foxnews.com_df946aceb02b3f5fdf45cf23aaa92a1e8c0eff450eac22c459ff5243	92.98	96.15	90.00	87.50	100.00	77.78	225	9	25	7	0	2
20120112_www.montrealgazette.com_a00bac034dbcb0826e2ff48108e07a317aaef845e74312b563621b4e	89.18	92.51	86.07	87.50	100.00	77.78	173	14	28	7	0	2
20120112_twocircles.net_e952787cf52feb093284b1e08fa3e2bbf673634e3a36618d1e5ae5f7	94.86	97.68	92.19	88.00	91.67	84.62	295	7	25	11	1	2
20120112_www.nytimes.com_061e77b36ba562f36887601596fba176227c5e11001bfd4cda5dc993	91.83	92.79	90.88	94.12	100.00	88.89	618	48	62	16	0	2
20111215_www.managementinpractice.com_421454829cb75f32eef8f31f549a8c7d7c5d24694732c1888019acd9	89.30	85.17	93.85	77.42	80.00	75.00	534	93	35	12	3	4
20120117_www.thehindu.com_8b040e087a12de4d40f989bae180f0f17387a2d0e9645faa766e108f	90.96	91.90	90.04	0.00	0.00	0.00	488	43	54	0	0	18
20111215_www.dailymail.co.uk_7649c3f49d8273fca6eb44499d790769421004f1ed50404d7cf1ffff	80.03	77.35	82.89	7.41	7.41	7.41	567	166	117	2	25	25
20120117_www.theage.com.au_0049210621f02153b666a988fed86fa63c93213f53b3fbd2e16f75ed	90.88	88.57	93.31	90.91	100.00	83.33	279	36	20	10	0	2
20120117_www.timeslive.co.za_893bb50c7b91e8b82e215045de8580f9162b6ada30a3c21ba63e4167	86.92	80.87	93.94	87.50	100.00	77.78	186	44	12	7	0	2
20120112_www.guardian.co.uk_ed85aeb8e6073435855f5d682554f3b5905d7cfd035343cc27052ab9	93.66	93.02	94.32	92.86	100.00	86.67	813	61	49	26	0	4
20120112_www.smh.com.au_a06534b3c16eaf51c4fac344f19aebef34c49dc2d543a7f721bcf310	94.41	93.01	95.86	93.33	100.00	87.50	625	47	27	21	0	3
20120117_insciences.org_5a38d0d9d1f6c2efa76613a579a1d272a5e049b9a1b335572bddc86f	92.42	90.21	94.75	66.67	60.00	75.00	866	94	48	9	6	3
20120112_ibnlive.in.com_f950be00fcdabd04adcb105977662b15b9670d4580731ba46b6df8f7	89.59	83.43	96.74	66.67	100.00	50.00	297	59	10	1	0	1
20120112_allergies.about.com_88102a1ab73f5b15f96c77a675276d1c9fa99136710d86ce8cd8cece	88.57	88.21	88.93	50.00	50.00	50.00	217	29	27	2	2	2
20120117_www.publicaffairs.ubc.ca_960736fb4b55a2aef25f35953090a0abed467b5780f847eed52607a6	91.33	87.80	95.15	90.00	90.00	90.00	432	60	22	9	1	1
20111215_www.google.com_453dc5333df9263e7a38cab1675e8cc6945729c15c9b4861a5203573	94.19	91.46	97.09	94.74	100.00	90.00	300	28	9	9	0	1
20120117_www.deadlinenews.co.uk_46f85fba84210a9d8297175a51f0a455e02739a8acb325476f397dc9	91.10	87.72	94.75	76.92	76.92	76.92	343	48	19	10	3	3
20120112_www.bbc.co.uk_ad1db78d02be495a79ccaa71c7f97feca24c11fbb4743486ed5bc98d	90.40	88.70	92.17	91.30	100.00	84.00	612	78	52	21	0	4
20120117_ottawa.ctv.ca_185d58d6bafc8849152ce0430eeb8d243450e52025686429eca85123	61.25	47.25	87.05	60.71	47.22	85.00	464	518	69	17	19	3
20120112_www.latimes.com_e85343665d685346620e87c39a9c9f6812c15a84e41f5bd37d86bf29	87.70	87.95	87.45	69.23	64.29	75.00	467	64	67	9	5	3
20120117_www.brecorder.com_4801b9e0afc780d1d7960bf690f894d021dc81cde930b60d977d047e	69.11	55.76	90.86	80.00	100.00	66.67	179	142	18	6	0	3
20120112_ottawa.ctv.ca_f8655d60b23aa3b109bef4b98aa48daa6a2c1b0e1710a57715054dbf	18.65	10.51	82.55	41.38	28.57	75.00	123	1047	26	6	15	2
20120117_www.mirror.co.uk_c3f826ea9cea6fbf59e17bca1670119e472c7e984c38bf7cc7369950	78.57	73.33	84.62	85.71	100.00	75.00	165	60	30	6	0	2
20120112_www.businessweek.com_a3c2447b038ee157ff05a6e38a9f1923422b8f38d0eb556eee61c7e8	92.09	88.06	96.51	84.21	88.89	80.00	332	45	12	8	1	2
20120117_economictimes.indiatimes.com_e2109c7328f2ed169f12e980884fd522d752b999667aca3a913a5a6b	91.05	89.64	92.51	94.12	100.00	88.89	346	40	28	8	0	1
20120117_www.vancouversun.com_5c5c8a2b675997c08c964a232714b1e2815473e93bf43e12e25d2ecd	95.47	97.97	93.09	93.62	100.00	88.00	674	14	50	22	0	3
20120117_www.sunderlandecho.com_11ef26314b2339538dba0edf09303ccba6fecc6d108cea306d79a8ca	94.08	92.62	95.59	90.91	90.91	90.91	477	38	22	20	2	2
20120112_www.forbes.com_9df15b8203b99aed7f5f16cf325910f94c8a9705a4f860d2f64d4dea	95.43	94.70	96.18	95.65	100.00	91.67	554	31	22	11	0	1
20120117_www.vancouversun.com_645c3e13b7ed69829ebfa404ab367f5d607585e3408017d5053f2cca	61.04	46.74	87.95	60.38	47.06	84.21	387	441	53	16	18	3
20120117_www.nzherald.co.nz_bf50a7c3faa7e7b961fa7b79d60c5a5c6bac6afd3c3fff1ad383ecb4	78.79	73.79	84.53	12.12	12.50	11.76	366	130	67	2	14	15
20120117_www.hudsonhubtimes.com_81a2ad8a87eed065c4f97bf6d0d7b432a82f3ad18974f116dca3197c	98.26	99.30	97.25	96.30	100.00	92.86	566	4	16	13	0	1
20120117_www.voxy.co.nz_64f99e60c3422776c249206a1764c6971075a8fb130b45d8d5d47153	94.80	98.34	91.51	85.71	100.00	75.00	237	4	22	6	0	2
20120112_www.nytimes.com_30ea681ec1f2ab872b3df28d1b564d0462ef30c3cc15b136cfd0ce7d	92.42	89.12	95.98	91.67	100.00	84.62	549	67	23	11	0	2
20111215_www.metro.co.uk_ff128efb71f99871a9fa169dfe705d91a2f03511fae894416f72e872	86.34	84.14	88.67	92.31	92.31	92.31	313	59	40	12	1	1
20120117_news.nationalpost.com_9c41a76b35f0bece9d7fe3cc2535a83c4623c27625b8f483ce92764c	74.26	60.81	95.34	88.89	88.89	88.89	225	145	11	8	1	1
20120112_www.dailymail.co.uk_f8b255be5b8a3e960e4dfd26706fa9958f441c373719abb15ffa4044	83.19	78.17	88.90	0.00	0.00	0.00	745	208	93	0	27	28
20120117_www.heraldsun.com.au_8126059a034413bbc5feda6c0972a2f4bcdc10a4a2966756524bdb9a	88.47	85.52	91.64	69.23	90.00	56.25	307	52	28	9	1	7
20120112_www.bbc.co.uk_370e10cd75d7a03b7bc85b98a0e95d013bf0d85ae93a5be07970dae4	83.51	77.82	90.09	76.47	92.86	65.00	400	114	44	13	1	7
20120112_www.cnn.com_b78b02dda94a0bb1c9af1b450bcee42ba27a409fbffe44a63f9a8983	92.28	90.64	93.97	82.93	89.47	77.27	717	74	46	17	2	5
20120112_www.vancouversun.com_a7a143f20a560992ca878cd0e6885e75ff1af630c7f58a543b227fe4	78.45	70.46	88.49	82.05	76.19	88.89	415	174	54	16	5	2
20120117_www.theglobeandmail.com_36ea6f6eaa3cef710ab028cb216c78e11fb821c228bf17694d43eedd	87.60	95.57	80.86	84.85	100.00	73.68	583	27	138	14	0	5
20120112_www.winnipegfreepress.com_f121c190f81259fa99612eb9152b0ac825793db04cd4b59b89c81bbc	71.00	58.79	89.60	88.00	91.67	84.62	224	157	26	11	1	2
20120112_www.ottawacitizen.com_18f1f1488b03dfd50b6ecf166a058c0b1ce363b539db75ff6733e5b8	98.30	98.48	98.11	94.74	94.74	94.74	780	12	15	18	1	1
20120117_m.smh.com.au_57f2c0b04d678f4c82e7fd29ffe36fde93311599c23e007af0365532	96.75	95.39	98.14	94.44	100.00	89.47	476	23	9	17	0	2
20120117_www.dailymail.co.uk_250e9a011bf4213fbe5b098b27130f7bf5d7f435e72f9deaad5ae28a	53.85	40.12	81.89	5.56	4.44	7.41	556	830	123	2	43	25
20120112_www.thelantern.com_b49a9c7f9d4771315e26a88430b005576a9a39a5432767d9a1591ca3	91.94	90.57	93.35	0.00	0.00	0.00	365	38	26	0	5	6
20120112_www.latimes.com_86590de2901a8e344e80e97320b29447c9e32973abca5f94e937e36d	61.33	55.94	67.87	39.02	26.67	72.73	226	178	107	8	22	3
20120117_www.vancouversun.com_f6fc048f5ef474ad6269dfe36c60d0dcc09d71b34e234d5b0f904448	94.27	97.53	91.22	85.71	92.31	80.00	395	10	38	12	1	3
20120112_www.guardian.co.uk_1dea54cb2bc43d561690560e0813621721c012ebd0fb1c8104978169	90.79	87.83	93.95	90.00	100.00	81.82	404	56	26	9	0	2
20120112_www.nydailynews.com_560098327943ada908b93cdf6817fc62425c05f81984b3a69f599a0a	38.30	25.26	79.20	32.00	21.05	66.67	99	293	26	4	15	2
20120117_www.therepublic.com_462638bd8246b7eedeb61fc13c6570fc3d0001fe9f9944719fc9810f	93.86	91.26	96.61	76.92	71.43	83.33	1170	112	41	15	6	3
20120117_www.radionz.co.nz_8f4cfaaed56962ae6a500d669bd618905f87346dda87037cf72e78b4	85.16	86.51	83.85	83.33	100.00	71.43	109	17	21	5	0	2
20120112_www.reuters.com_7a3ed76095e0102a7e0d096cf11f2a1e75c1376bc923de2879fa8700	89.13	87.48	90.83	82.35	82.35	82.35	545	78	55	14	3	3
20120117_www.nzherald.co.nz_e2d26048653a5baacec16d8d6ce2140a0aadcb05c4af0803b2625f06	67.21	63.08	71.93	76.92	83.33	71.43	82	48	32	5	1	2
20120112_www.proactiveinvestors.com_983802c35aa5afe93e2a85e759d02be06913749c233fe29eeb96188a	55.56	77.25	43.38	69.57	88.89	57.14	275	81	359	8	1	6
20120112_www.dailymail.co.uk_312178333630c1aae812202f6affe4de2fd6cd800ceabe34cad6cc90	53.58	42.69	71.92	0.00	0.00	0.00	146	196	57	0	12	9
20111215_www.google.com_c50d4f7677fffc9b7484502340de3b0f9a260d11719611e9f17b162a	95.56	93.43	97.79	95.24	100.00	90.91	398	28	9	10	0	1
20120112_www.latimes.com_4fc3f7c44882404f7f8748637fb8161f338c91bdb294af9c0398c74f	84.27	87.80	81.00	63.64	58.33	70.00	324	45	76	7	5	3
20120112_www.google.com_67ab2a5fb5ec4c1d92d352aba2b3b6963a455bc6fa881ad8f99b1126	95.38	93.22	97.63	89.66	92.86	86.67	454	33	11	13	1	2
20120112_www.stuff.co.nz_9b4fbd0f0ab4011910cbfcd80261b4fb2227a0ddd893e05e925c8df6	83.47	74.04	95.65	85.71	75.00	100.00	154	54	7	6	2	0
20120112_www.reuters.com_9805087f9c2bdf6ce2cee7f755b2f88f80ac2b09d470bc6fefeb9954	87.38	84.85	90.06	76.92	76.92	76.92	308	55	34	10	3	3
20120117_www.bbc.co.uk_0e2fefb1a9fc14934b311f00ca71bff7cc909fcacb09d097dafac787	85.80	82.86	88.96	88.89	100.00	80.00	290	60	36	12	0	3
20111215_www.bbc.co.uk_cef0d1619babf56ae2533742ef19512e3ecf3e818a4bcc3036bcf0c7	90.49	86.86	94.44	91.43	100.00	84.21	628	95	37	16	0	3
20120117_www.dailymail.co.uk_868c9443878fc41941fe65a4574ec9b012d876912874d4247b4b4258	50.47	37.37	77.72	0.00	0.00	0.00	321	538	92	0	18	16
20120112_www.newsandstar.co.uk_87af71c469ffa03161f85d93769c28c54d8c6685e696c81d02585bf3	93.98	93.30	94.66	93.75	100.00	88.24	390	28	22	15	0	2
20120112_www.sflorg.com_69d1e2e5f6f122887db7946844596f17eb2c74e413a3334539b76f05	88.22	85.62	90.97	0.00	0.00	0.00	524	88	52	0	15	15
20120112_www.indianexpress.com_3ebbb58ef7787735f565d87fa7d914d3181809a65a188920232cf435	75.57	70.09	81.97	85.71	100.00	75.00	150	64	33	6	0	2
20120112_www2.canada.com_061c2254d186cba1de8bc740da2f39c8df5b5bd530b2e1f27df8b166	89.13	84.79	93.94	89.47	89.47	89.47	574	103	37	17	2	2
20120117_www.bbc.co.uk_a7667a2dd7fab4c06608182e1704ddf4d1d2acc211ad5e97f9abf377	68.21	55.86	87.56	57.69	60.00	55.56	591	467	84	15	10	12
20111215_www.marieclaire.co.uk_0301be353cf37074e378724e6db3fc2f4dcdffcb6d695876516b1ea8	68.04	58.41	81.48	16.67	25.00	12.50	198	141	45	1	3	7
20120117_www.edp24.co.uk_cf53688f0ddfaada390a52d8d7f7fa7b40da6ef015999500807ff06f	81.60	71.44	95.13	93.33	100.00	87.50	703	281	36	21	0	3
20120117_www.odt.co.nz_93f5a1917311c28282a1f2c7912c2c554160045db323bde92b9aaa62	95.82	95.82	95.82	89.29	89.29	89.29	642	28	28	25	3	3
20120112_www.iomtoday.co.im_c5606ce4748c1b5e2be3e508a1b06af67461d8887fa4c27ecdf44502	0.67	50.00	0.34	0.00	0.00	0.00	1	1	297	0	0	8
20120117_www.independent.ie_77aa2a14f308dae5bd7b258322bdd455f3477d449671fd90280d9b07	95.66	96.68	94.66	93.33	100.00	87.50	408	14	23	14	0	2
20120117_www.google.com_9667d9c24318ed07ff13eb022b3d10796f03cdbf0dd8bfff59310578	93.01	89.78	96.47	94.74	100.00	90.00	246	28	9	9	0	1
20120112_edmonton.ctv.ca_544d41a827d7fd0d0bd2af150f9762dab35350867f0e55c21ac775c3	88.89	90.49	87.34	87.80	94.74	81.82	476	50	69	18	1	4
20120112_www.winnipegfreepress.com_d3aaf237c8360e10bd94e16808e6d49438f61f1501bebc3aa0289b0f	75.29	64.32	90.78	75.00	75.00	75.00	128	71	13	3	1	1
20120112_www.guardian.co.uk_65b7b5ad66fc92fcdc8cd6a289d65590c824c508ee901becca783449	92.19	90.74	93.69	91.67	100.00	84.62	490	50	33	11	0	2
20120117_www.bizjournals.com_c30980d4262c0ccdc79d548cbc4dfe17d5c6d7b62980d12d353ef9ae	68.56	59.43	81.01	66.67	66.67	66.67	145	99	34	4	2	2
20120117_www.guardian.co.uk_f67c60f60b69ff9f1bad8b64904021df55697b479250c39b831c3191	94.69	93.18	96.24	90.00	100.00	81.82	820	60	32	9	0	2
20120112_www.miamiherald.com_f9bee98cb7f78f08fc8e75634629d28c6cc109d0aa31d444031dd977	97.71	98.46	96.97	89.66	92.86	86.67	577	9	18	13	1	2
20120117_www.ndtv.com_9217541c6e041802716cd7470f536583e5bc5aca5234bf5802d9a31a	82.32	82.05	82.58	85.71	100.00	75.00	128	28	27	6	0	2
20120112_www.ctv.ca_212977300121cb60ac349698924e039bf25162fd18da3179df05166a	85.48	78.39	93.98	85.71	81.82	90.00	312	86	20	9	2	1
20120117_www.guardian.co.uk_fc352e3c04cb88c6627e38aa69093e73d732faa742edf95814454563	93.15	94.46	91.88	94.74	96.43	93.10	1075	63	95	27	1	2
20120117_www.thecomet.net_5b391a285e5caa070f6cca73c004844fa4463973740b0300162f65a6	82.38	73.94	93.00	56.00	58.33	53.85	505	178	38	7	5	6
20120112_ibnlive.in.com_09fad9c959056d10ec19c574be69fde6666617dfc01321c4e5620f9a	56.62	45.56	74.76	25.00	50.00	16.67	77	92	26	1	1	5
20120112_www.smh.com.au_d0f78d966103c3cb2e487699416e834f27469fed8f0e0749218c1cc5	90.52	91.30	89.74	77.78	87.50	70.00	210	20	24	7	1	3
20120112_www.winnipegfreepress.com_312294e70ef9fd00ed668ccfb5c89f5d28eb6c660916f044f7f548a2	86.75	81.29	92.99	87.50	87.50	87.50	252	58	19	7	1	1
20120117_www.dunstabletoday.co.uk_4eedc3a6179bbd2ffa837339987deffa8d97dff279b6bedf6930e6d7	0.75	50.00	0.38	0.00	0.00	0.00	1	1	265	0	0	12
20111215_au.news.yahoo.com_7ba45c98f6335a1c593e17752672e5ec5d561d1fbff35cd41648ffa7	97.93	98.75	97.13	93.33	95.45	91.30	710	9	21	21	1	2
20111215_www.guardian.co.uk_ec041a3edeca458419db6cb4dde71cd7452e42dc8b4433092b0e1db8	93.37	92.84	93.91	88.89	100.00	80.00	648	50	42	12	0	3
20111215_www.cbc.ca_6264e1e535a48110aee84a3640782736ff3920037273d743ac157719	89.99	86.22	94.10	80.00	85.71	75.00	319	51	20	6	1	2
20120112_www.marketingmagazine.co.uk_96fd908afe32f4e7f840febe777ae963ae37fe91334740e9acdbff9f	80.66	84.48	77.17	73.68	87.50	63.64	196	36	58	7	1	4
20120117_www.telegraph.co.uk_cd54a74e1100aec1ace442dbab89377297f39c00968c92be3efd2c3b	78.37	99.12	64.81	68.97	100.00	52.63	337	3	183	10	0	9
20120112_www.winnipegfreepress.com_136441b6d619d87485c05e17c0d3b6a8187aed870a0ca285bfb52647	89.96	84.06	96.75	94.74	100.00	90.00	327	62	11	9	0	1
20120117_www.guardian.co.uk_2db34db46735626bb17099f1e04a0b8a3614ac789391c9bfe3cfd4e6	95.31	95.60	95.03	91.43	100.00	84.21	478	22	25	16	0	3
20111215_www.economist.com_303e7a3288d2b109062b6ebcd0676f206e605325782fe0a181f02049	94.67	96.12	93.26	80.00	88.89	72.73	595	24	43	8	1	3
20120112_www.torontosun.com_91c106f56f21bc8531d5ccbf0a13cbe69e03b99196ba7e101de25ebc	66.48	51.95	92.31	88.89	92.31	85.71	360	333	30	12	1	2
20120112_www.whitehouse.gov_8a4f1f3cb5ec3c71b3480a56cbbff449d1973595033b728f7e82fadf	60.42	45.82	88.69	71.43	90.91	58.82	784	927	100	10	1	7
20120117_www.theglobeandmail.com_c3fe22bd483d39744f5167a535f088dcf14bba58bec16fa0263b4594	91.30	96.25	86.84	90.00	100.00	81.82	693	27	105	18	0	4
20120112_www.cbc.ca_985f91ae25e09e716a9ce0ebaf13f3b665624571ecec84b96a02c37b	93.93	94.15	93.71	91.30	100.00	84.00	805	50	54	21	0	4
20111215_www.doctorslounge.com_15111bc542b72dd41c3c4b2c6fe3cff546b7114acc06414e73c1d028	78.20	70.11	88.39	50.00	44.44	57.14	312	133	41	4	5	3
20120112_www.upi.com_6bc0cec6f101a06f51f10a4f029ca1ede9c205c88cbda6fe24b3df82	87.29	82.07	93.21	94.12	100.00	88.89	206	45	15	8	0	1
20120117_medicalxpress.com_e90868732f31bc8286c67c05fdbc456e9b374ced94bb3999dd91baa9	89.95	90.22	89.69	78.26	78.26	78.26	1061	115	122	18	5	5
20120112_www.medpagetoday.com_aa700f3f9f132418c19d956b92e7eb611bc588a9508c5a40b5866f24	90.08	85.97	94.60	93.33	95.45	91.30	754	123	43	21	1	2
20120117_www.google.com_19aa0640b07ea6eb3987b8d6b9404183ceea2938464b7cc39defc095	87.79	82.61	93.66	93.33	100.00	87.50	133	28	9	7	0	1
20120117_tribune.com.pk_f982bbb2b1b6d22a3c33fba07b265a1c8be69562b8d48f773729c81b	93.96	91.20	96.88	89.36	95.45	84.00	715	69	23	21	1	4
20120112_www.australianageingagenda.com.au_150094aaab7e7d7c97de03a0a09cd7cf43b05fcb94360f56845c3451	78.35	71.97	85.99	0.00	0.00	0.00	724	282	118	0	33	26
20120117_www.sunlive.co.nz_3c48f558ca87f7ac2a9a687942948a7ef61fd35dd5f2d1d7c1aa0d23	80.25	78.75	81.82	66.67	75.00	60.00	63	17	14	3	1	2
20120112_www.bbc.co.uk_2fd5753588bcd3ba3776b6228b5ea295f7da0cfca206616b78f0dcbd	85.60	80.88	90.91	81.08	100.00	68.18	550	130	55	15	0	7
20120112_abcnews.go.com_ca192dd70c0168c3fb3b9d1368f8639f8d08d096411274279c13e5a7	96.57	96.57	96.57	88.46	85.19	92.00	675	24	24	23	4	2
20120112_calgary.ctv.ca_78e64b611dc5144c5172c519d9292e75405bc6e4e0e4f07ad2a9fef2	85.09	80.93	89.69	93.33	100.00	87.50	348	82	40	14	0	2
20120112_www.abc.net.au_ff741952f475153888649fb76bf2e79f320b35b575d19c91ffa35239	82.89	76.80	90.03	85.71	92.31	80.00	298	90	33	12	1	3
20120117_www.ctv.ca_a35ad8f1e7324913bc915620a77f658f9251e90ce04b2e26481a983d	84.10	78.47	90.61	81.48	78.57	84.62	328	90	34	11	3	2
20120117_www.nupge.ca_4c77177539fb6c459770af26a327d14c4d1eaaf87656de3226b15fa9	92.59	92.40	92.77	94.12	100.00	88.89	231	19	18	8	0	1
20120112_www.boston.com_606e55320555966ac0b51b84c1ca252f0201df165c674235ca03125a	92.77	91.87	93.68	90.00	94.74	85.71	712	63	48	18	1	3
20120112_abcnews.go.com_3a6a0eb843fbdd0cf4c05f9cf4fc3e325539f9a837029af6c52617c2	84.09	80.35	88.19	78.26	100.00	64.29	687	168	92	18	0	10
20120112_www.guardian.co.uk_fe4c86a6ff1334cd703e1fba09498b614fd4d8c6e9c5e1a1de4e114c	95.53	95.21	95.86	87.50	100.00	77.78	556	28	24	7	0	2
20120117_www.whatsonxiamen.com_ba0e4cea49bff71d8594d0f09657da0e7b73bb9ba4285d7dec1ac3b5	68.32	55.52	88.78	0.00	0.00	0.00	538	431	68	0	0	26
20120112_www.vancouversun.com_b485e4d763bfebcc1913826217da60fd9e9773675bdb336c2826cbd7	96.90	98.58	95.28	95.24	100.00	90.91	626	9	31	20	0	2
20120117_www.thetelegram.com_84e336661344c69f7d06dbf5d9ed920e501ed62e7b64b477e5b84dec	89.88	86.53	93.50	91.89	94.44	89.47	302	47	21	17	1	2
20120117_yourlife.usatoday.com_704d21574d01a67167c1582fb3590fc9497721570a41faaa3567da03	39.86	26.82	77.61	0.00	0.00	0.00	513	1400	148	0	0	16
20120117_india.blogs.nytimes.com_72a69c84ecf4506792e5ceb8f6afb3d2b94e5d4c01a55e9869e03e4d	87.86	86.26	89.52	86.96	100.00	76.92	427	68	50	10	0	3
20120112_www.sabotagetimes.com_da830dfb205df2f71599d1c4aecc45c80fbd1d2ba8d2e60b05aa003c	96.11	94.48	97.80	82.93	80.95	85.00	1421	83	32	17	4	3
20120112_www.bbc.co.uk_fed2d4456144c04c9622e239524c1ee8eae2fdce2f3436eabad141bb	85.90	82.43	89.68	82.05	100.00	69.57	591	126	68	16	0	7
20111215_www.mirror.co.uk_f887e1936d0c1f680961f37b3abb04db60403537f320eb0ff964ec43	83.70	76.50	92.41	90.91	100.00	83.33	511	157	42	20	0	4
20120112_www.yorkshireeveningpost.co.uk_9a866a81bb685e50a97428a7f2560081a7592e85ca57c4fbc0ed4c2c	0.48	50.00	0.24	0.00	0.00	0.00	1	1	413	0	0	21
20111215_www.guardian.co.uk_3791c8c67c664abd757652c5675e6092ee08625e681177d7a4b4b68b	95.53	94.37	96.72	86.67	92.86	81.25	738	44	25	13	1	3
20111215_www.telegraph.co.uk_9bcaa3e3dcef2649906d23c1601f489bbac24913392be2b14e2a9a3a	63.73	54.87	76.00	62.50	55.56	71.43	152	125	48	5	4	2
20120112_www.publicservice.co.uk_971d853591cd37f6c9521317f8ef61a1f3915dcb903c30626a9cf5dd	93.87	92.73	95.04	72.73	80.00	66.67	268	21	14	4	1	2
20120117_www.lportepilot.ca_52a9cf5e2276b39a9cb7c9b3e6b1e8320ce5b5d88d5539ae8d4775f5	69.60	61.69	79.82	0.00	0.00	0.00	182	113	46	0	1	9
20120117_www.dailymail.co.uk_c34acbbc260a94c894ed42d9e6fc75a03c008fdf32e31f38a73a156e	76.42	66.73	89.40	0.00	0.00	0.00	371	185	44	0	13	12
20120117_www.foxnews.com_b35609e4d760d5a249f4bb6a2b83c0bbbf71cb72480598a225771c2a	80.32	93.52	70.38	81.48	91.67	73.33	202	14	85	11	1	4
20120112_www.mirror.co.uk_0e915ee902e421aef19a4b8a664f2c7536b78caa60bce0f72642dced	71.52	70.54	72.52	10.00	14.29	7.69	285	119	108	1	6	12
20120117_www.theopenpress.com_f9539b4ba770cb31fcc376022ea3c2996dacf42bf088e4df1615f985	80.00	70.99	91.63	0.00	0.00	0.00	482	197	44	0	13	10
20120117_news.nationalpost.com_74eaa2b17b3146369c04833892352093f12b0df130bbb61431de91b5	83.39	75.94	92.46	77.78	65.62	95.45	748	237	61	21	11	1
20120112_www.bbc.co.uk_3dab24877ffe3d24aee57e63eb9b5857a0d9836ce966a5d836040f59	82.72	78.12	87.90	84.21	100.00	72.73	407	114	56	16	0	6
20120112_www.google.com_9dd19dd19f4a840eb2f87caa1c3c5e6c4112bc4ca62f84017385581d	96.11	94.23	98.07	95.24	100.00	90.91	457	28	9	10	0	1
20120117_www.winnipegfreepress.com_3d2c24aeef2bf0ed60610f88eb47843cbc1976c6fb8fef769ef233b4	87.89	83.13	93.23	97.78	100.00	95.65	468	95	34	22	0	1
20120117_topnews.us_79cfa1c6466acf007f87bf67f0e374affc8120c151663dc2463d26da	90.46	87.43	93.71	85.71	100.00	75.00	313	45	21	6	0	2
20111215_www.guardian.co.uk_b36e55db3ad48406ceed89688831170e56512ba2c7de0cb6b93891d1	95.59	94.56	96.64	93.33	100.00	87.50	747	43	26	14	0	2
20120112_www.jarrowandhebburngazette.com_71c89c93cb008511004a762e5d1c15f4b60117914cff78d5e93f07d6	0.91	50.00	0.46	0.00	0.00	0.00	1	1	217	0	0	7
20120112_www.cnn.com_48eddc7c17447b70075c26a1a3b168243edcbfb28f01855583e24adb	83.09	73.40	95.73	78.57	84.62	73.33	516	187	23	11	2	4
20120117_au.news.yahoo.com_4aa7f002030a8673f4db18bfa24e0aa3d2911db35f4528fdd04edfe8	97.71	98.77	96.67	93.88	95.83	92.00	725	9	25	23	1	2
20120112_www.metro.co.uk_96d49010bd2a84ea46896494ced5e2ec29884c8e0edd43ddf1850015	85.14	89.08	81.54	84.21	100.00	72.73	212	26	48	8	0	3
20120112_www.scotsman.com_e74fa65d2a9e544286e9f237baadcb4e8becf848ee2b6603bc664d19	94.49	92.94	96.10	93.62	95.65	91.67	566	43	23	22	1	2
20120112_psychcentral.com_3a9cfac24bdf075bd32634d897361fd714e02fdcb50f17cb0aaf42ba	91.59	88.53	94.86	83.33	83.33	83.33	517	67	28	15	3	3
20120112_www.myfoxorlando.com_5316e9995f47bf3b13faa028459b28a6bb73c30e4d3c3475ed6a8a4a	98.07	99.00	97.16	91.30	91.30	91.30	888	9	26	21	2	2
20120112_yourlife.usatoday.com_55c1f30efcbbf616dd0d6952c512f8c5e67d1720e6e47bea6489f71d	87.04	93.57	81.37	0.00	0.00	0.00	655	45	150	0	0	20
20120117_www.thesun.co.uk_97b33a3732d80d84c9fef2b7e6c733d7b91a132347f3e9044f35f397	95.02	96.39	93.69	93.75	100.00	88.24	401	15	27	15	0	2
20120117_www.timeslive.co.za_a0912f9c500faf06ce1cf62da98d19dae1797e191b8de15189394c0b	90.56	93.06	88.20	88.89	94.12	84.21	523	39	70	16	1	3
20120117_www.radaronline.com_9184f5362e8be57a8f73f6a649b1511854ff899f95d144a59ad4d7b1	69.84	58.74	86.12	66.67	58.82	76.92	242	170	39	10	7	3
20120117_www.dnaindia.com_04710b4ff490dae30da92912687c1719baa1a6e07674fd1991ed7f4d	88.74	93.53	84.42	90.91	100.00	83.33	130	9	24	5	0	1
20111215_www.hi-mag.com_6ea8940a980c5a88125994f6499541148791f863a94d469ba4a0cf9a	86.41	80.43	93.35	80.00	88.89	72.73	337	82	24	8	1	3
20120112_www.manufacturing.net_ad45736475db03b9536eef3cdb34ccf60f9ef07dc912bcfcf4245260	89.80	94.27	85.74	97.30	100.00	94.74	559	34	93	18	0	1
20120117_ibnlive.in.com_c65401e744233a75f5a66e6ae61f696e97ececcc12d9cb41989677f9	80.42	75.18	86.44	16.67	50.00	10.00	306	101	48	1	1	9
20120112_www.google.com_5c2af7d81ade24ac0a6d705e205aca59813c67fba804f7b68e2e7455	93.31	90.37	96.45	94.74	100.00	90.00	272	29	10	9	0	1
20111215_www.bbc.co.uk_3ca58792bf38888e10ccbd352d0d8b3e434adb151e58dd5bb3f8106d	88.13	86.22	90.12	91.89	100.00	85.00	438	70	48	17	0	3
20120112_www.nzherald.co.nz_92a98794ce71cef4443a615e7e85c4f03b6e14112749bb4a700a1dce	74.14	67.95	81.58	18.18	20.00	16.67	248	117	56	2	8	10
20120117_www.stuff.co.nz_b0d183e283e09133e68cbc1853155aaff77a5a2dace064eaa1c3ff00	91.88	89.56	94.33	85.71	90.00	81.82	283	33	17	9	1	2
20120117_www.mirror.co.uk_f8be6c4657c4a99f9f21f241d17711deee8e523f57d65acfcb15c249	88.77	86.55	91.12	92.68	100.00	86.36	431	67	42	19	0	3
20120112_www.wgntv.com_475fcb0dc84d707e52e33598972f0e526d604e4705e070477983f0bc	79.42	70.97	90.16	100.00	100.00	100.00	110	45	12	4	0	0
20120112_www.washingtonpost.com_eee5361fb4852f29b7eb98e4d9949019eb19da0ace7c5a7aee0cea4c	92.68	97.41	88.38	84.85	93.33	77.78	715	19	94	14	1	4
20120117_www.nydailynews.com_dbfe488b757fbf3551f5c7b2dd4a68fbf3eb263f65d52756519d0ebe	85.83	93.10	79.61	87.18	89.47	85.00	324	24	83	17	2	3
20120112_www.dailymail.co.uk_ff9c182fecce89bc6d525676f170015ff98123b2bdc1f879edc21f07	83.88	80.17	87.95	0.00	0.00	0.00	679	168	93	0	29	26
20120112_www.deccanherald.com_d304064d4358383d7808f3bbf503c5826e0b7f489aca950e61bd9085	89.63	88.91	90.37	11.76	33.33	7.14	441	55	47	1	2	13
20120117_www.island.lk_8162a1b624866b5638873fee5cdfb747118e1c8575d7dd887af1a33b	89.55	83.92	96.00	92.31	100.00	85.71	240	46	10	6	0	1
20120117_www.tgdaily.com_0851f71842f41f2052d882d4156844d3fd5e123efe3982167bd6663e	93.84	96.12	91.67	86.96	90.91	83.33	297	12	27	10	1	2
20120112_www.cbc.ca_97b451f726d4c18b8f7459c91c8e3f2b4919a104b89b7f67e12e1c36	67.29	96.20	51.74	72.22	100.00	56.52	253	10	236	13	0	10
20120112_www.wcti12.com_d0aebf8b87325236ee29df29ddaa2eb34789a01904e1c209e98791ca	85.17	85.55	84.79	45.16	46.67	43.75	379	64	68	7	8	9
20120112_www.belfasttelegraph.co.uk_0ef4ec4b4b9d78605a3791b1b53eb1d2b2fd075ed44e802b118ee9e4	56.96	40.18	97.82	56.34	40.00	95.24	673	1002	15	20	30	1
20120117_www.un.org_143b51c3684fd547bcde51cc7fe04f7f116a8a68bb7d831d4e3649c3	92.07	91.71	92.43	80.00	80.00	80.00	476	43	39	8	2	2
20120112_www.google.com_14cfd3cb4f12edb4e5a2b171b635ed1159404cd611b3e9ac7f5e86ae	95.37	93.15	97.69	95.24	100.00	90.91	381	28	9	10	0	1
20120112_www.leaderpost.com_d0f89b07583a3389aa1fb2b2a81da1f47d400e9192b74b0be5e025af	92.91	95.75	90.22	88.89	100.00	80.00	203	9	22	8	0	2
20120117_www.ghanabusinessnews.com_d09bdab2244e27eeaa32f4a185db97c1a235c11b54b1073a5884959d	61.30	46.27	90.77	66.67	66.67	66.67	118	137	12	4	2	2
20111215_www.guardian.co.uk_31b93cbfe27a3a985c316bb412d46ed3f95dedce5f7025956ac071f3	94.50	93.47	95.55	93.75	100.00	88.24	816	57	38	15	0	2
20120112_www.forbes.com_72b8b70aaa540585aabfdb414844299633f29d454e019d7fc7af9389	93.23	94.58	91.91	81.48	91.67	73.33	750	43	66	11	1	4
20120117_www.montrealgazette.com_2fee9fc5139f4e58e87b3a396028a869f78356060e0141259c5839e8	85.54	92.21	79.78	84.21	100.00	72.73	213	18	54	8	0	3
20120112_www.huffingtonpost.com_134580e5460d518c3321104c060d62c008a75a07e1d567e73ff5a7ef	78.71	67.78	93.85	73.33	64.71	84.62	610	290	40	11	6	2
20120117_www.penguin-news.com_375ac28c560fc04beb3fcc92cb02c1c9e4bec5918d952cf8b9a398b6	90.21	91.24	89.19	60.00	60.00	60.00	198	19	24	3	2	2
20120117_www.montrealgazette.com_a43a527070bdc6c5e87cbade806685dd8f225e3b1768786102f89ad4	93.91	98.43	89.80	85.00	94.44	77.27	625	10	71	17	1	5
20120117_www.sacbee.com_d47c90c533a794a05c1634ccff149222ebcc939b5cfc68eecf8274c2	62.30	46.27	95.33	43.75	30.43	77.78	347	403	17	7	16	2
20120117_www.winnipegfreepress.com_be7fd7a2212584780fcc85b7e50b430545b789b00b78b67a13d595d8	71.60	58.22	92.98	88.00	84.62	91.67	503	361	38	22	4	2
20120117_www.montrealgazette.com_a9fd53720eef6a3beb5af87f466cf208b31c74d9bef701fa0d149020	65.01	59.12	72.20	59.09	52.00	68.42	496	343	191	13	12	6
20120112_yourlife.usatoday.com_1516de67ca7051e7cf7c204cc89c1308cbf19f78c5887fd58842e37d	83.90	86.46	81.49	0.00	0.00	0.00	581	91	132	0	0	20
20120112_www.thisissurreytoday.co.uk_8de5e5ad20300334221f15813ff259633f180b3dd8cf4ea985b56ef4	80.09	73.28	88.29	75.00	75.00	75.00	181	66	24	6	2	2
