file	F	P	R	F.tag	P.tag	R.tag	TP	FP	FN	TP.tag	FP.tag	FN.tag
20111209_www.we-dwoje.pl_19af8fed1feb67d7ad17ceed91f60bbcb0845ec57d5132df8c16e255	44.35	29.72	87.36	0.00	0.00	0.00	304	719	44	0	22	8
20120104_www.money.pl_e7ba8f2d7d697eb07d171de9f2d33a494d57e2fc44dce04b805450e1	82.09	76.05	89.16	76.92	83.33	71.43	181	57	22	5	1	2
20120104_www.gk24.pl_c95d8af5117520c86cf6a43247756d8a8bcfe62435ca0a8d4256662f	86.12	89.92	82.63	22.22	100.00	12.50	214	24	45	1	0	7
20120105_www.we-dwoje.pl_a34f720362e69f95128b20da89e6b87e248575d82e80acd0c12e41ad	89.23	88.34	90.14	0.00	0.00	0.00	576	76	63	0	2	15
20111121_www.biolog.pl_df35442bc753c25dd6c3d261cac577b2e83b5f6405dfa1fbc7b3711d	86.26	81.71	91.33	0.00	0.00	0.00	706	158	67	0	24	17
20120106_www.pomorska.pl_319b22943ec4e778a564cf08846303ca7caac14778d50ab4dcc555d5	92.02	95.76	88.57	37.50	100.00	23.08	1038	46	134	6	0	20
20120102_www.zdrowiutko.info_4af7429d6f7b3967f666b89eea7bef64cc89f5b13fb8a366a7b5fcf9	86.97	81.71	92.95	78.12	73.53	83.33	791	177	60	25	9	5
20111207_www.biolog.pl_1217f2298aedb3f437a8ad8f951d4a5fd72f73453f3a1ad483247983	75.89	67.13	87.27	0.00	0.00	0.00	288	141	42	0	10	9
20111121_www.zdrowiutko.info_974b6000f979b037cca015e83a107762db4890e6216ad7767d15ebbf	86.21	84.89	87.57	80.95	77.27	85.00	472	84	67	17	5	3
20120104_www.rmf24.pl_f855b922968bad3aad3e602bffd0cf52f85e6310bcdccac4cc775317	68.98	60.27	80.63	66.67	80.00	57.14	179	118	43	4	1	3
20120106_www.rp.pl_0c673e6f222d11a2e838ee625217077fdbd48353bf73ad3d4ff6ff47	82.61	79.44	86.04	25.00	100.00	14.29	228	59	37	1	0	6
20120106_www.nowiny24.pl_7f85e13888ff7478c6e1bbb27628ac8bfa7741bdde10abab79aaabbc	82.90	84.25	81.59	22.22	50.00	14.29	492	92	111	3	3	18
20111121_goodcontents.net_daca031b3afb62aa1c5ae330893841cfd517220dc0be08ce017e26d7	92.89	95.66	90.28	33.33	40.00	28.57	353	16	38	2	3	5
20111209_www.biolog.pl_f8a9a3a7e56a47890452bd092305ca15eaaf850b48b6935084628b48	1.60	50.00	0.81	0.00	0.00	0.00	1	1	122	0	0	4
20120106_www.rp.pl_af88e8921fbd34d5545ac12ebf8e46776b2fd5e237f17d8488e67f6b	86.14	80.53	92.59	88.00	100.00	78.57	637	154	51	11	0	3
20120106_www.rynekzdrowia.pl_65763a4d2634741e77cdcbdafb1f17ea37275efbe4a1ced9bba9f2ea	81.57	77.59	85.99	60.00	75.00	50.00	135	39	22	3	1	3
20111207_www.biolog.pl_f7b095a5f67da611db46b0033f53bbf0d6d1d6b0965661dc74629464	75.03	66.12	86.73	0.00	0.00	0.00	281	144	43	0	10	10
20120102_www.biolog.pl_da4971d5a8258ca16606d2a4af7b3ff5a43a04116e50017b5794f1e6	80.32	71.36	91.84	0.00	0.00	0.00	304	122	27	0	10	9
20120106_budownictwo.wnp.pl_ff337b320fa04ea7f0dd72f85bf1de4cbc93f521cd4a02457e6e86d2	75.85	81.23	71.14	0.00	0.00	0.00	212	49	86	0	0	8
20120102_www.biolog.pl_7c3b047ae678cbf0aab0b7b7dfb357b3d41868b90f16f3b227a3c491	82.62	74.33	93.01	0.00	0.00	0.00	359	124	27	0	10	9
20111207_www.biolog.pl_cbef94652e0301b7efa01a61b323fa8e7d1c79ebaa36eb50ede8f7b0	1.47	50.00	0.75	0.00	0.00	0.00	1	1	133	0	0	5
20120106_www.rynekzdrowia.pl_bdc5c2b80ed23617eb900252991d90d4656ade58157d2e3e2bafc26b	85.95	84.44	87.50	20.00	100.00	11.11	266	49	38	1	0	8
20120106_www.wspolczesna.pl_0dd3592e0d200f6516534c023c04eb4e8984fee26436878ad80e2855	90.99	91.84	90.15	9.52	25.00	5.88	732	65	80	1	3	16
20120105_www.we-dwoje.pl_b0db55778e8821d208c8ac62c8d13d45383eb82b029b30856cfb9423	83.47	85.31	81.70	0.00	0.00	0.00	366	63	82	0	4	14
20120102_www.biolog.pl_306b8101d03d29a1ee66c57786538a26ee98577075c873767a787a68	72.38	61.29	88.37	0.00	0.00	0.00	190	120	25	0	10	8
20120106_www.rynekzdrowia.pl_f07b63d1c1fbbffcd623b0c5bd041de2120ee38f6929245adcff13b1	75.78	79.22	72.62	66.67	75.00	60.00	122	32	46	3	1	2
20120106_www.rmf24.pl_505b49e74cd20ee7c8f10d2026d3bf8fdf91537debf2e3952286ded5	56.92	49.33	67.27	88.89	100.00	80.00	74	76	36	4	0	1
20120106_www.polskatimes.pl_cbecb1cdf021db05874d2a890ff464ba725e9083213745397b5a4bb6	68.10	65.17	71.31	70.00	77.78	63.64	174	93	70	7	2	4
20120106_wirtualnapolonia.com_bafb21f000c3042db55f8b3f13a5c43c5a9178fcb520f76dc7ff0ca9	90.72	87.26	94.45	87.50	93.33	82.35	596	87	35	14	1	3
20111209_www.we-dwoje.pl_9e19ffb372d06c9036e7d4c5e06c9f05fa5c86cc123c68e23e7640e7	88.23	85.68	90.93	0.00	0.00	0.00	371	62	37	0	11	6
20120105_www.we-dwoje.pl_6ed54a3f163ad1ffe0cf00805c28afdcf78b018b370957c05e219bf1	94.43	94.75	94.10	0.00	0.00	0.00	686	38	43	0	5	10
20120106_biznes.interia.pl_9a6726be57cae3560f578c7b15519ddb4fb7b474fdcddd62a38534aa	79.78	89.36	72.06	70.59	85.71	60.00	294	35	114	6	1	4
20120106_www.gazetawroclawska.pl_41a7b3773550523a9741d29845aaaee9e977bdfd01901850f9563329	90.91	95.45	86.78	91.43	100.00	84.21	420	20	64	16	0	3
20111209_www.we-dwoje.pl_1c0a491674db2d2724388d3fb0c5682dd6a80cdaa873938b214330d2	93.00	92.08	93.94	0.00	0.00	0.00	698	60	45	0	4	11
20120106_slask.naszemiasto.pl_e4f5f61fdc3d25a8a225b4d8ca7d6940dfab791aade48c19aa6d890a	85.40	89.52	81.64	70.59	80.00	63.16	427	50	96	12	3	7
20111207_www.zdrowiutko.info_458120636c549e2575a4fe998f7365f52987c6e61bac575a78e55e6d	48.49	36.48	72.30	26.09	20.00	37.50	201	350	77	3	12	5
20120106_www.kurierlubelski.pl_f30bc4a6f30f2cf37d811cf421a158e5705660cbaf1aa09a0d5abf79	4.03	4.24	3.85	0.00	0.00	0.00	5	113	125	0	0	6
20120106_wiadomosci.gazeta.pl_9e3a495d6d34f0786bb36d7959b1cfd0fd7be66d18123b9282771fcf	90.66	94.41	87.19	66.67	58.33	77.78	456	27	67	7	5	2
20120105_www.biolog.pl_18fa987c4df0404a2a81a488b1c87144123c6f9aac96f4ab89ec37c0	85.31	78.58	93.31	0.00	0.00	0.00	488	133	35	0	10	13
20120106_biznes.interia.pl_7c18953a68f6289844d42ab7a7811c30f235b0b27bd58f4fe768b52f	72.46	78.48	67.31	70.97	73.33	68.75	350	96	170	11	4	5
20120106_www.zdrowiewpodrozy.pl_5f410c638df6a9193d38a93f51bf764acc9e60cbc883aebe3d0ddf42	76.97	69.47	86.27	0.00	0.00	0.00	132	58	21	0	0	3
20120105_www.zdrowiutko.info_087d4f5b87f18f340f945c2381b1f770980d4e67243a71d8e30f1226	78.74	68.32	92.91	72.73	64.86	82.76	1035	480	79	24	13	5
20120104_wiadomosci.onet.pl_59ec17750f853eea42b7b600e45955002f5be09edb7748048e1824fc	86.29	85.71	86.88	0.00	0.00	0.00	192	32	29	0	0	8
20111207_www.biolog.pl_2f300e5dfb93afb536e83060ca4844e5758ce50af3bf9e2bd91a8b77	0.90	50.00	0.46	0.00	0.00	0.00	1	1	218	0	0	7
20111121_www.biolog.pl_8b000f2ac350c280a189edadad368f1037ca3bb84684617169290369	76.03	66.83	88.16	0.00	0.00	0.00	268	133	36	0	15	8
20120106_wiadomosci.gazeta.pl_b7a7a935284f86094e297bd12f887dfbbbb570e29c3e1b22f5e3d7bc	57.10	42.30	87.84	0.00	0.00	0.00	195	266	27	0	0	7
20120106_www.wprost.pl_1da9a6f43423d0e5ae200279d78abdc31feca05e8dc98ec380e665de	83.37	86.15	80.77	60.00	75.00	50.00	168	27	40	3	1	3
20120106_www.rp.pl_849dd4d86cccc711b3ab79a6bdbe5f22390d676d54d83ae5055a56b5	3.05	7.23	1.94	0.00	0.00	0.00	6	77	304	0	2	9
20120106_www.kurierlubelski.pl_d4de09e672965d66c1c672536e1a13bbcafdfff7172f223238eda9a4	2.56	3.66	1.97	0.00	0.00	0.00	6	158	299	0	0	8
20120105_zdrowie.gazeta.pl_25d02d0e4172561f2efa5f137260da753222aa05e4ac37297f889fe8	58.08	43.82	86.11	76.47	86.67	68.42	248	318	40	13	2	6
20111207_www.biolog.pl_039e473555c4ee6a818fbd7ac007c8edc8407155a9cd534dfb0abe80	1.10	50.00	0.56	0.00	0.00	0.00	1	1	178	0	0	7
20120106_odkrywcy.pl_118b87b6df1d2f9b54f7dc4d1ec4e324e03c849d937da26bc9124621	47.56	94.93	31.73	25.00	66.67	15.38	599	32	1289	6	3	33
20111207_goodcontents.net_6ddd653138b9ebef2c8b3eea220ac17362418304e9c47f22c2af8e3b	89.68	89.03	90.34	28.57	40.00	22.22	430	53	46	2	3	7
20111207_www.we-dwoje.pl_7750fcbf097b086bffb815c87e01ec6d4bdce042f20e34c6a181abb2	80.47	76.66	84.69	0.00	0.00	0.00	509	155	92	0	7	20
20111121_www.biolog.pl_f1377bd36757954a1c0131ef035e6f950fe847f3ecad66d464d747fd	84.18	77.58	92.02	0.00	0.00	0.00	519	150	45	0	20	11
20120104_energetyka.wnp.pl_de7a5b66b6dcfad27ce31f85ebff935a83e553fac41b6189864e8660	64.31	73.21	57.34	0.00	0.00	0.00	82	30	61	0	0	5
20111207_www.we-dwoje.pl_236b1a486c6395f60ac9a1d2949131e949716add254e677ecff3eed1	92.96	93.71	92.22	0.00	0.00	0.00	462	31	39	0	6	7
20120102_www.biolog.pl_183e757bd483767ac212b27981d1402ba1ff5227c483a602136df269	76.85	67.20	89.75	0.00	0.00	0.00	254	124	29	0	16	10
20120106_wiadomosci.wp.pl_f166a5138ccf340a4739beb97132e4670fbd266945872dfb2a5f95f4	67.19	62.77	72.27	50.00	50.00	50.00	86	51	33	2	2	2
20120106_logistyka.wnp.pl_27ce173ae3fb549f83c2acdd9a5abbd7ecb7e4104837ba3ee99a3287	83.90	89.59	78.89	0.00	0.00	0.00	284	33	76	0	0	8
20120105_www.we-dwoje.pl_c8178c22e2659f9cda5210eb3439f5f78b92fd959a8645e57473286d	90.50	90.67	90.33	0.00	0.00	0.00	243	25	26	0	4	7
20111121_www.we-dwoje.pl_6d6817d20f82986c52426986c94ef4a1de0f35aa9c643662d32a2ca3	91.43	92.29	90.58	0.00	0.00	0.00	1077	90	112	0	3	29
20120106_katowice.gazeta.pl_53fe4054505be6ea6b40a7d967f278ae921093eb2b145f54b778f180	91.65	95.52	88.07	73.68	70.00	77.78	384	18	52	7	3	2
20120104_www.rmf24.pl_39c9c81d1e09f7d3628fac5e3cd02e18e3a5a414273b98a8966f1dba	81.30	79.00	83.75	66.67	80.00	57.14	237	63	46	4	1	3
20120104_gwizdek24.se.pl_a6bd37e3bc05b26de47f22e0ef08fb02f0d5e62e5e3558d15871d38a	17.92	10.24	71.84	35.29	30.00	42.86	74	649	29	3	7	4
20120102_www.biolog.pl_18fa987c4df0404a2a81a488b1c87144123c6f9aac96f4ab89ec37c0	85.54	78.96	93.31	0.00	0.00	0.00	488	130	35	0	10	13
20120105_zdrowie.gazeta.pl_464285b45a4d83afe4c38d1dbe170c5ab1eddb12dd4455477b761a0e	84.02	89.31	79.33	64.29	90.00	50.00	426	51	111	9	1	9
20111207_www.zdrowiutko.info_087d4f5b87f18f340f945c2381b1f770980d4e67243a71d8e30f1226	91.54	91.42	91.66	80.52	83.78	77.50	1385	130	126	31	6	9
20120104_www.rp.pl_81eee2d392ad20946df2eac3bac84b18c39296c0df3e4610526e6bcc	1.53	7.23	0.85	5.26	50.00	2.78	6	77	696	1	1	35
20111209_www.we-dwoje.pl_3adf2f38f4a791a5a4f584d2222f96df47bb04f572dc8355ad0f61fb	79.44	84.16	75.22	57.14	66.67	50.00	85	16	28	2	1	2
20111121_goodcontents.net_b620d443a4b5995eb339983e23c9b580085a5aac56bb25a65703c7c1	93.35	96.62	90.29	46.15	50.00	42.86	400	14	43	3	3	4
20111207_www.we-dwoje.pl_429d4b840ac7e41278d5111c96d47bf8a4db8e3cae971076400971ec	94.48	94.96	94.01	88.89	100.00	80.00	471	25	30	4	0	1
20120106_wiadomosci.gazeta.pl_4e987ff4700b94fe6e0827078d714af463a59af009733b25758ad781	91.05	94.83	87.56	73.33	68.75	78.57	514	28	73	11	5	3
20120104_www.wprost.pl_c053d2deaaf1c748b0f9bde19116651d0534fa64441c8637103a5e29	87.48	86.35	88.64	61.54	66.67	57.14	234	37	30	4	2	3
20120105_www.biolog.pl_18f25bfb9bb01f9fbf381bb9f11d90daa713d7739e8eb1475e750817	60.18	46.48	85.34	26.67	20.00	40.00	99	114	17	2	8	3
20120106_www.rmf24.pl_0ead2c203e6c19b561b33611f02c7d063f9ee982711b42c189ee379b	71.33	66.07	77.49	83.33	100.00	71.43	148	76	43	5	0	2
20111121_www.zdrowiutko.info_665904417a34e62564dd9d52ef582728b9f7655e1f5d8a4934115d6c	87.19	86.84	87.55	71.79	66.67	77.78	640	97	91	14	7	4
20120106_www.bankier.pl_332f048f36d15b41e2af00aee9259f25b613e541fe8d0be398ab7adf	76.77	69.94	85.07	57.14	66.67	50.00	114	49	20	2	1	2
20120105_www.zdrowiutko.info_5022f347590833960c9b8492bd7cbe47ced16b5e43fbf0a495c1a05b	66.78	66.56	66.99	58.82	55.56	62.50	205	103	101	5	4	3
20120106_wyborcza.pl_3dcaa2863c79ea77dcf61ac92e53b6e5b10631a8541e019a769d75f6	51.91	42.04	67.86	26.67	20.00	40.00	95	131	45	2	8	3
20111207_www.we-dwoje.pl_aadc8a9177b08dbda4327b28103e911dbf959368dee591196e2b8732	60.66	91.82	45.29	0.00	0.00	0.00	303	27	366	0	2	15
20120106_zdrowie.dziennik.pl_41a3b618e2860a726d88f90155cc12d3e22c36051851dbd398ebcecc	61.48	82.80	48.89	50.00	100.00	33.33	154	32	161	4	0	8
20120104_gornictwo.wnp.pl_e3e4ba3c5614b7d91bc4a20db20650a747ec27f7506e8bbf090f28b2	81.24	87.24	76.00	0.00	0.00	0.00	171	25	54	0	0	7
20111121_goodcontents.net_3bac60d11082c79c3c7691a22cf2e087f817faeb28420816ed7ef701	86.02	82.81	89.49	57.14	60.00	54.55	366	76	43	6	4	5
20120106_www.rmf24.pl_34a0ef2da5dcfb5d6d5a2d92d422be3a6790a18ad0d14da9fcf7ca92	69.25	59.47	82.87	46.15	75.00	33.33	179	122	37	3	1	6
20120106_wiadomosci.wp.pl_ede986dfb9ea0b055d421da8312cfe5c2cd21935ccb0240974bba0c4	76.18	81.09	71.83	0.00	0.00	0.00	283	66	111	0	12	11
20120106_wyborcza.pl_7863e2f7e4816822c9778bf9d0ba9b44390ca1b08506fed7bc2e32de	82.94	74.91	92.89	76.19	72.73	80.00	836	280	64	16	6	4
20120106_gornictwo.wnp.pl_df7191619c95661172c1fcb6f369d730675e1e367a48e9bc98dd93f9	78.05	89.84	68.99	0.00	0.00	0.00	336	38	151	0	0	14
20120106_waluty.wp.pl_15747fb12c1178c6aea602a0ef373e3734373d160f02618840647159	44.16	29.41	88.54	19.05	11.76	50.00	170	408	22	2	15	2
20111121_www.we-dwoje.pl_23e8eed1174fe689688251122a4acf4ece6619471fe85bc7bc656aa6	20.44	84.73	11.62	0.00	0.00	0.00	111	20	844	0	1	26
20111121_www.we-dwoje.pl_429187ccb9e87e6dfc4652d046e078c61e30166d483fe869fc19976e	81.34	76.18	87.25	0.00	0.00	0.00	486	152	71	0	26	14
20120106_www.rmf24.pl_7f5842e8e43fd5565317ab8861e87f8370174b9d947220c14baa9b2a	63.24	54.71	74.91	50.00	50.00	50.00	209	173	70	4	4	4
20111209_www.biolog.pl_0c40e93d3207fc5816cd35434625bd3e90d3c72be9e6c00b4b277958	69.82	57.24	89.47	28.57	20.00	50.00	170	127	20	2	8	2
20120106_tvp.info_ad39caa8103c89120e8be1fb5a1539a8530bc9e2b0729b24fcbdd3c5	84.51	81.20	88.11	54.55	64.29	47.37	1015	235	137	9	5	10
20120106_www.rmf24.pl_305c0f08634bf938ad15c3615190d4480b1c05adc84e3a4514676d8d	65.78	58.04	75.90	76.92	100.00	62.50	148	107	47	5	0	3
20111121_www.we-dwoje.pl_15d4a9a21844a96792bcbacd1aba7a58970b04e527ad8841c011f67a	83.75	79.62	88.34	0.00	0.00	0.00	250	64	33	0	12	6
20120105_www.we-dwoje.pl_01634c7ab98ae9b9bb9456c2192aab3060fcaf20f4dd23858cdbd4af	94.45	94.40	94.50	0.00	0.00	0.00	859	51	50	0	11	15
20111207_www.we-dwoje.pl_c5b6af8a7526c739d0640f6f3f4d1b0bf84adb7b6038ea12a64748ea	79.21	73.06	86.49	0.00	0.00	0.00	301	111	47	0	5	7
20120106_www.rp.pl_05d84e8ae6c6f836e60f9c9aae694c3c059d9bd3342257682c197cbe	79.46	70.00	91.86	75.00	85.71	66.67	350	150	31	6	1	3
20111121_www.we-dwoje.pl_02d0b364d35d6c4d5b9807d06b76c6d3836002574d4500e48c2dde5e	13.99	7.66	81.05	28.57	50.00	20.00	154	1857	36	1	1	4
20120105_www.we-dwoje.pl_7195230c656b26e5813543a90d1d5e427d347de4b3e0d10fb565ea17	84.72	84.44	85.00	0.00	0.00	0.00	255	47	45	0	6	9
20111121_www.we-dwoje.pl_f08067ff05f49986e34305118a44c027406df41da7f02f275dffeed5	77.75	70.41	86.79	0.00	0.00	0.00	552	232	84	0	20	17
20120106_www.sfora.pl_a4554ae8c5dffcd2c83f788834250250937b1775c2dc3ca3b439de98	75.84	71.68	80.52	94.12	100.00	88.89	124	49	30	8	0	1
20111121_www.we-dwoje.pl_ccfc5195c780b67e40760af089fa6c9bbcdeac2ed1b306dd7f2999df	87.91	85.80	90.13	0.00	0.00	0.00	840	139	92	0	14	19
20111121_www.biolog.pl_2ade212bc82e82a76476f5f29a512c058df6dc2e0b8ade7a83bc03b4	88.58	83.89	93.82	0.00	0.00	0.00	729	140	48	0	18	11
20111209_www.we-dwoje.pl_236b1a486c6395f60ac9a1d2949131e949716add254e677ecff3eed1	92.96	93.71	92.22	0.00	0.00	0.00	462	31	39	0	6	7
20120106_teleshow.pl_11d28ad75a870f97efd8f4295dae9d5c49669b061a0d9013cc993ce7	45.35	31.69	79.74	50.00	50.00	50.00	122	263	31	2	2	2
20120104_wyborcza.pl_a79c370fa57c75e6b73c6e1a9862802513afe9dce6a86a1a43e9be68	93.69	96.06	91.43	81.82	90.00	75.00	512	21	48	9	1	3
20120104_www.se.pl_3ee27ec46069a1837a8f6923ff91e7590131d1dc25dacbd1252ff86b	66.46	54.80	84.41	25.81	21.05	33.33	314	259	58	4	15	8
20120102_www.biolog.pl_a016490eff21b1267a3eac8194936de785fbeb75780cafa93f326a58	79.07	70.99	89.23	0.00	0.00	0.00	323	132	39	0	10	15
20111209_www.we-dwoje.pl_8f8c807ff49395090156aaad05fee467b41e8fb8350797aa9b3fb6ed	85.89	90.22	81.95	0.00	0.00	0.00	286	31	63	0	7	8
20120104_www.pb.pl_493c924d87c7b1606e49a203d6bce858ec5b6cdb399289c2ac8a6ec0	69.61	85.14	58.88	50.00	100.00	33.33	63	11	44	2	0	4
20120105_www.we-dwoje.pl_590d0ff1a3348d41b60c2d8ae00b1d46a73ff2d8f3e59b81231ae0f3	92.98	92.55	93.40	0.00	0.00	0.00	609	49	43	0	12	13
20120106_www.polskatimes.pl_31ac5f642b68c14138884effb214fb8a05fcf9f7c1603fe6ba164260	0.63	50.00	0.32	0.00	0.00	0.00	1	1	314	0	0	14
20111209_www.biolog.pl_a34af0858c881f84adc682b5e0d67b047251fa6fdb22c6129f13c21c	84.79	80.24	89.90	0.00	0.00	0.00	605	149	68	0	10	17
20120106_www.fakt.pl_67bb8036f1f11af246fafa2a3a8dc7773e06872328426b7d5f2d23eb	2.61	1.52	9.14	10.53	6.67	25.00	16	1035	159	1	14	3
20120106_www.gs24.pl_f6b5c94c8ac16ff6a36cab4b7fa79e5bbce9af5cd76751d028932d40	82.98	81.25	84.78	14.29	50.00	8.33	351	81	63	1	1	11
20120105_www.biolog.pl_3a8e2192561c41a585e67a0d199b69f11532fcfc01c8d919219ae42f	71.43	59.52	89.29	23.53	20.00	28.57	175	119	21	2	8	5
20120105_www.biolog.pl_458dc323d6fecf12318de0d36bb9317f6bd756684cc50211fde2d884	74.57	63.82	89.67	0.00	0.00	0.00	217	123	25	0	10	8
20120105_zdrowie.gazeta.pl_807feadb4f7538020b02fffdd328dcf15ad7ffa9e2c99e909a6aea4c	56.65	40.50	94.23	72.73	80.00	66.67	196	288	12	4	1	2
20111209_www.we-dwoje.pl_cb0e6719f1d1da385317a9d3b45425c2f56d3a9df06eedc71973937c	82.33	81.23	83.46	0.00	0.00	0.00	212	49	42	0	11	9
20111121_www.we-dwoje.pl_590fe2663d5fb205f7b17d24b1ae2adfda99081a33566895def4fd99	44.87	84.06	30.61	0.00	0.00	0.00	116	22	263	0	3	14
20120105_www.biolog.pl_183e757bd483767ac212b27981d1402ba1ff5227c483a602136df269	75.61	65.09	90.18	0.00	0.00	0.00	248	133	27	0	16	9
20111207_www.we-dwoje.pl_1c0a491674db2d2724388d3fb0c5682dd6a80cdaa873938b214330d2	91.08	89.58	92.63	0.00	0.00	0.00	679	79	54	0	4	10
20120106_muzyka.wp.pl_27dde6b4ad8afb870a40611095ed96f784f86363b9a50884b6922a52	48.47	33.98	84.47	0.00	0.00	0.00	174	338	32	0	0	5
20111121_www.we-dwoje.pl_8c003eb18e2580bb67b442bf5aac95120358d8aabd18cd09bb741d02	88.11	86.47	89.81	0.00	0.00	0.00	326	51	37	0	4	7
20111121_www.we-dwoje.pl_c4714d77e4b5f4ddae2505af5f9f0ee5ded4f99e7eb1ada45f097140	83.01	79.63	86.69	0.00	0.00	0.00	215	55	33	0	6	6
20120105_www.we-dwoje.pl_be148ac5867ca8f33ed088894adddeb2497f7a8630b79a1ad7cf2953	40.45	85.23	26.51	0.00	0.00	0.00	127	22	352	0	3	16
20111121_www.we-dwoje.pl_90fd77bec50630920fd87cff4acd69ed5b7a1b8418e2c9faa241d4cb	91.22	88.89	93.68	52.63	38.46	83.33	504	63	34	5	8	1
20120106_www.wprost.pl_8f2e0afd09e476a387553b4151ec5a3c12d14fedc9fb609aa6eef169	85.71	88.04	83.51	60.00	75.00	50.00	243	33	48	3	1	3
20111209_www.zdrowiutko.info_56cc2f0896ce74cc99e8f5a7b15d4e21b4b7d65025a2cce6eadf5443	85.86	82.00	90.11	50.00	42.86	60.00	246	54	27	3	4	2
20120102_www.biolog.pl_458dc323d6fecf12318de0d36bb9317f6bd756684cc50211fde2d884	74.96	64.39	89.67	0.00	0.00	0.00	217	120	25	0	10	8
20120104_wiadomosci.gazeta.pl_b71863be9e1c75b555a9c2c18267fdbd0c823571ed41588f64e4c5dc	78.23	89.83	69.28	58.82	83.33	45.45	212	24	94	5	1	6
20111209_www.biolog.pl_039e473555c4ee6a818fbd7ac007c8edc8407155a9cd534dfb0abe80	1.10	50.00	0.56	0.00	0.00	0.00	1	1	178	0	0	7
20120106_wiadomosci.onet.pl_f7a4f95ac41015a650e31121847c66608eca9bdd8689a51acfbfc8ea	80.17	80.51	79.83	0.00	0.00	0.00	285	69	72	0	0	11
20120104_www.wprost.pl_bc697e337c7d1bab12e06506f0c6874c0606fb0326b89524755b75e1	79.52	74.32	85.49	44.44	50.00	40.00	165	57	28	2	2	3
20120105_www.biolog.pl_306b8101d03d29a1ee66c57786538a26ee98577075c873767a787a68	71.97	60.70	88.37	0.00	0.00	0.00	190	123	25	0	10	8
20120105_www.we-dwoje.pl_926ce8349054293493da8a61bd2041e0c36f2abac6d0751bb84d3d83	27.31	85.52	16.25	0.00	0.00	0.00	189	32	974	0	5	46
20120104_www.pb.pl_07becbe0b3d63b6f056fffa02e7fe4db5c61763678a4b67a2c6b719d	65.38	86.08	52.71	57.14	100.00	40.00	68	11	61	2	0	3
20120102_www.zdrowiutko.info_087d4f5b87f18f340f945c2381b1f770980d4e67243a71d8e30f1226	78.74	68.32	92.91	72.73	64.86	82.76	1035	480	79	24	13	5
20111121_www.we-dwoje.pl_b6ff475c3cc514dda41564996e90eaa2bd880fbb82d755202d6ecb39	90.07	90.70	89.45	0.00	0.00	0.00	517	53	61	0	4	14
20120106_wyborcza.pl_53936debf3d95b1bae6fa9d0582d577cd375b78b23bec85740562b1c	81.32	87.76	75.77	53.33	50.00	57.14	172	24	55	4	4	3
20111121_www.zdrowiutko.info_490a3e1ab669b249644690e80d69082a2e8c030f61a35f86f391f703	82.11	80.91	83.33	51.85	50.00	53.85	390	92	78	7	7	6
20111121_www.zdrowiutko.info_4af7429d6f7b3967f666b89eea7bef64cc89f5b13fb8a366a7b5fcf9	86.49	86.98	86.01	39.39	38.24	40.62	842	126	137	13	21	19
20111209_www.zdrowiutko.info_5022f347590833960c9b8492bd7cbe47ced16b5e43fbf0a495c1a05b	64.84	65.26	64.42	47.06	44.44	50.00	201	107	111	4	5	4
20120106_ciekawe.onet.pl_ef740fcf05217e94f758ffa23a6c948bbf7e87e08806511984269e97	1.19	2.12	0.83	0.00	0.00	0.00	16	739	1912	0	0	28
20120106_kopalniawiedzy.pl_1023c9de44b4a88f22a55a319d6ba60c2a113df5e16a0dcd010b4d9d	78.28	71.08	87.08	50.00	50.00	50.00	236	96	35	3	3	3
20120106_motoryzacja.wnp.pl_881044f7957fec3d197c866910329f871a5990c747c0cf9449ccd5f0	86.02	92.81	80.16	0.00	0.00	0.00	400	31	99	0	0	8
20111121_goodcontents.net_d3d973b9ef61722241c1895ccf3226ee946d67ce816ac725955be986	86.61	82.60	91.04	26.67	40.00	20.00	579	122	57	2	3	8
20120105_www.we-dwoje.pl_96e88944c28cde0f0eb1510e4cdc05e791b654764218ea3be75eb37e	39.46	27.36	70.73	0.00	0.00	0.00	203	539	84	0	5	10
20120102_goodcontents.net_d3d973b9ef61722241c1895ccf3226ee946d67ce816ac725955be986	93.80	96.01	91.69	40.00	60.00	30.00	673	28	61	3	2	7
20120106_www.ciazowy.pl_83b7eeec303b38a2be16a4513f6e3f636ce93803e6142e277ba754f1	96.27	98.58	94.06	88.89	94.12	84.21	903	13	57	16	1	3
20120106_polskalokalna.pl_86c2ead55c872cf0b66aeb8bffee343b89d3b711af4f7e47962f070a	88.60	86.95	90.31	70.00	87.50	58.33	373	56	40	7	1	5
20120104_tvp.info_dd3cfa5468145a9684b74a6ea50f26a82262a3925683d762ef6c80f1	94.05	95.32	92.81	66.67	80.00	57.14	387	19	30	8	2	6
20120106_www.wspolczesna.pl_46dbccbe6f49128ef90631b6b5592469df115e1061c9bcdbd799ba84	63.54	54.28	76.60	22.22	50.00	14.29	203	171	62	1	1	6
20120106_energetyka.wnp.pl_1188cb9039651e80fbb6a607a9cfc72ca038715ec4a3c2b41e480ff6	75.12	82.90	68.67	0.00	0.00	0.00	160	33	73	0	0	6
20120106_wiadomosci.wp.pl_10d2ae8b62b4ccbba64f1ce727d1fba53cdf94a88d4602540a5d24d9	77.96	78.21	77.71	60.00	60.00	60.00	122	34	35	3	2	2
20120106_gornictwo.wnp.pl_c5d8ae716181d8b9504fcfafb5e4785ea1b706b10602ccbbeec5c895	81.32	80.00	82.68	0.00	0.00	0.00	296	74	62	0	0	12
20120105_www.biolog.pl_7c3b047ae678cbf0aab0b7b7dfb357b3d41868b90f16f3b227a3c491	82.43	73.87	93.25	0.00	0.00	0.00	359	127	26	0	10	9
20120105_www.biolog.pl_dd87ecef89e13dc525faa303c9c91962e817146f1eab62bd4cbd49e7	78.25	68.56	91.12	0.00	0.00	0.00	277	127	27	0	10	8
20120106_www.forbes.pl_4ee7120f1153fb8937c2a438c29d6cda443f6fade1cdb63e257535ea	86.21	87.57	84.89	72.00	69.23	75.00	472	67	84	9	4	3
20120106_www.rp.pl_87b41a343a5891e3c9ba79f511476dd8a1a5859be4859218f996efb1	58.54	47.58	76.06	66.67	100.00	50.00	108	119	34	3	0	3
20120105_goodcontents.net_d3d973b9ef61722241c1895ccf3226ee946d67ce816ac725955be986	93.55	96.15	91.08	20.69	60.00	12.50	674	27	66	3	2	21
20120105_www.we-dwoje.pl_d44a3a11a11758e85d892e36c44fe469c34e7be625a1a9b2fe4b6990	88.02	86.42	89.68	0.00	0.00	0.00	878	138	101	0	18	12
20120106_www.polskatimes.pl_7522d308642ca799347bb161a9c9af13ba09c4f1bfd260545c4b1e19	1.79	3.08	1.26	0.00	0.00	0.00	6	189	471	0	0	13
20120106_www.wprost.pl_21e626fb65ed1a7fb963e34d155730c2ecec3dcf1e25e2ebbbabdf8b	87.94	89.74	86.21	66.67	75.00	60.00	175	20	28	3	1	2
20111207_www.we-dwoje.pl_2dbd88c25965ce110e89a01656f5be3b7ee126ebb4c05114f3b883ef	67.73	60.71	76.58	66.67	66.67	66.67	85	55	26	2	1	1
20120104_wiadomosci.onet.pl_1877e175d8d0a7e345a6b4f588b67b90fff4b2292caf722d35494241	92.63	96.34	89.19	93.62	100.00	88.00	553	21	67	22	0	3
20120104_www.wspolczesna.pl_cffe17a28ba0f985bc2c32ef16d1ef48e4df8c9e2b0fff915c203366	75.35	82.95	69.03	28.57	100.00	16.67	107	22	48	1	0	5
20120104_logistyka.wnp.pl_1a2b9317832fc29d27bf3def9869618269324b72112703262abb02b4	76.45	82.78	71.02	0.00	0.00	0.00	125	26	51	0	0	7
20120105_www.we-dwoje.pl_e625543235be76da7b1f4ff546b3aa4f3b23e6ae398fc4e90524e010	89.59	91.28	87.96	0.00	0.00	0.00	314	30	43	0	3	16
20120106_wiadomosci.gazeta.pl_6899fda4c15152d4c38a71a7397d69a4114203623746a1641c2f21b8	86.86	93.06	81.43	77.78	77.78	77.78	228	17	52	7	2	2
20120106_gornictwo.wnp.pl_ce7890f66595a7f70346d99ea27485f04690fc1ceba63aceeaf0b0ca	73.12	86.64	63.25	0.00	0.00	0.00	253	39	147	0	0	14
20120106_gornictwo.wnp.pl_82a7f7a8d7469fa202426c2e5395ce71e1938daf15ae4755ff773dde	80.45	88.69	73.61	0.00	0.00	0.00	251	32	90	0	0	12
20111121_www.we-dwoje.pl_5f8a356d92a7613cf2dd5ff4321157c618efbe8e001dd639eba48013	42.03	84.67	27.95	0.00	0.00	0.00	116	21	299	0	3	14
20120106_www.we-dwoje.pl_c1cd293ed6b5a6e720463363095aa9e0aff7aa62e933826d25cd4e37	78.98	74.58	83.93	0.00	0.00	0.00	449	153	86	0	10	16
20111121_www.we-dwoje.pl_ac186aa43766087c14f3a3f6c5ba25b926217085d643fa543350f4e2	88.98	89.07	88.89	0.00	0.00	0.00	432	53	54	0	10	11
20120104_gornictwo.wnp.pl_37159d1550c75d66da6fefdb813660d9959e5f3bd499136503deb46e	78.89	84.09	74.30	0.00	0.00	0.00	185	35	64	0	0	11
20120106_wyborcza.pl_d60ebe121aed534c1ab9d05f3642cc362b6d30d9bb4e8a3fcda6f486	63.67	48.95	91.05	0.00	0.00	0.00	234	244	23	0	0	5
20111207_goodcontents.net_310f39e4843b4e7c3cdb36545738f42ebb84cc4c5ebd835f68bca53a	92.79	95.89	89.88	33.33	40.00	28.57	373	16	42	2	3	5
20111207_www.biolog.pl_ef9b8411717de8736ad7510078f3a0285273aac75551e322241b0095	74.35	64.99	86.87	0.00	0.00	0.00	258	139	39	0	10	8
20120106_kopalniawiedzy.pl_b1d5f71565aa849df37f9338b777a0b0da57069f7b279ad5737ae8a7	76.06	67.19	87.63	80.00	80.00	80.00	170	83	24	4	1	1
20111121_www.zdrowiutko.info_5022f347590833960c9b8492bd7cbe47ced16b5e43fbf0a495c1a05b	67.79	65.26	70.53	50.00	44.44	57.14	201	107	84	4	5	3
20120106_www.kurierlubelski.pl_2e10c67cf479cbd84cd8b3ad9ea3fb502877d0db4b5df608652727c6	83.07	92.25	75.56	80.00	100.00	66.67	238	20	77	6	0	3
20111121_www.zdrowiutko.info_6248c1d028cdcd3796acd2207bee76fd2f0853e8cf1820e3fe05ca0f	84.66	84.26	85.07	31.82	36.84	28.00	883	165	155	7	12	18
20120102_www.biolog.pl_18f25bfb9bb01f9fbf381bb9f11d90daa713d7739e8eb1475e750817	61.30	47.14	87.61	28.57	20.00	50.00	99	111	14	2	8	2
20111209_www.biolog.pl_991a3c03c74eb82c37ecdcedda314229c91bb10f21b2377e9f721b70	89.46	84.77	94.69	0.00	0.00	0.00	874	157	49	0	10	17
20120102_www.zdrowiutko.info_5022f347590833960c9b8492bd7cbe47ced16b5e43fbf0a495c1a05b	69.98	66.23	74.18	50.00	44.44	57.14	204	104	71	4	5	3
20111121_www.we-dwoje.pl_044a8dca7caad27f7636a1e373a2f6147e8e763695f8479d5175b004	87.34	86.25	88.46	0.00	0.00	0.00	414	66	54	0	13	11
20120104_www.bankier.pl_e65cb23b8a30cd73869032b7cc17c15fdaf330ebe32d99951a249d2b	91.68	88.84	94.71	66.67	75.00	60.00	215	27	12	3	1	2
20111209_goodcontents.net_7af57d9c018b02e5565b5ea51c5c6646419294a8c1277fd047f0d5f5	92.24	95.69	89.04	33.33	40.00	28.57	333	15	41	2	3	5
20120106_www.fakt.pl_b9f73314fc4c780a0767a1acbc91f04022dcd00292ddd7376cc3e8c8	70.40	74.14	67.01	63.16	66.67	60.00	195	68	96	6	3	4
20120106_www.polityka.pl_a968e5c26adf05f5e02deb714aec4e100ab3a84c1ef6c301c9593c0f	53.56	70.81	43.06	50.00	77.78	36.84	444	183	587	7	2	12
20111121_www.we-dwoje.pl_e41d743ba9490728966087b2cfeac4a182f2d182626480668a64b914	90.95	91.90	90.02	0.00	0.00	0.00	397	35	44	0	8	9
20120102_www.biolog.pl_3a8e2192561c41a585e67a0d199b69f11532fcfc01c8d919219ae42f	71.87	60.14	89.29	23.53	20.00	28.57	175	116	21	2	8	5
20111121_www.biolog.pl_82cc54429b030e7848ea1e82dc4ad2466bb65b95e06564404e9e045a	82.95	77.52	89.20	0.00	0.00	0.00	545	158	66	0	24	17
20120102_www.zdrowiutko.info_e27d03de8919e03776148ffc1b103c76713a9d251993abc06963b75a	84.29	82.37	86.31	70.27	68.42	72.22	542	116	86	13	6	5
20120104_wiadomosci.wp.pl_da88d2c1f513ae7870711de4f2b0934b051274dcae86a84111f70eba	3.08	4.65	2.30	33.33	100.00	20.00	2	41	85	1	0	4
20120105_zdrowie.gazeta.pl_a05040639849ad92fa134645eed582bad1115aee5e2f8c68c1db28f5	81.21	85.13	77.63	58.82	83.33	45.45	229	40	66	5	1	6
20111209_www.we-dwoje.pl_10b733980c25f2a66e72829b7d261ddd42f4c3e67a5f7c5978612f6f	81.14	75.47	87.73	0.00	0.00	0.00	243	79	34	0	5	7
20111207_www.we-dwoje.pl_10563d87982bd7f87544fab5679f6b487fd4d6f203285f8e1a4453ca	89.62	90.67	88.60	0.00	0.00	0.00	272	28	35	0	4	5
20111121_www.we-dwoje.pl_21f717e183f110e349e1c9d9de7f8139686d52c9e9b7e2fde7c5a04a	90.28	89.63	90.94	0.00	0.00	0.00	311	36	31	0	3	5
20120104_wiadomosci.wp.pl_605a92da3da5da73756d869fdbcf056a167730c9ad96183932c2a9d6	74.56	79.62	70.10	0.00	0.00	0.00	211	54	90	0	7	12
20111209_www.we-dwoje.pl_7750fcbf097b086bffb815c87e01ec6d4bdce042f20e34c6a181abb2	80.47	76.66	84.69	0.00	0.00	0.00	509	155	92	0	7	20
20111207_www.we-dwoje.pl_cb0e6719f1d1da385317a9d3b45425c2f56d3a9df06eedc71973937c	81.85	81.23	82.49	0.00	0.00	0.00	212	49	45	0	11	9
20111121_www.zdrowiutko.info_f468b28dcbabeba53d25452eb69d90c23ee980993795c741cb1c9712	85.30	84.63	85.97	41.67	38.46	45.45	380	69	62	5	8	6
20111121_goodcontents.net_6e8a193b0d5e43883d5bcacdf49357313921e88663e9e4a66cc6eafc	93.47	96.73	90.43	36.36	40.00	33.33	444	15	47	2	3	4
20120104_www.se.pl_f45cbbd8935ea62a022a1fea46a892fcc4923d56a8b9de2b5cdf999d	79.02	73.50	85.43	55.56	71.43	45.45	516	186	88	10	4	12
20120104_www.wprost.pl_2c85ad6b928756f56f7083db5bc3c0d5906cb9df2198ed8f44b7807d	89.37	91.62	87.23	66.67	100.00	50.00	164	15	24	2	0	2
20120106_www.rp.pl_0a2fef2ce0fb91690f53b9cfd4b17f49954454fdc027a1564c221801	68.56	56.21	87.86	80.00	100.00	66.67	181	141	25	4	0	2
20120106_lodz.naszemiasto.pl_8c623e1486d7845763d6ad0d856381012195f7c9552d984bb9583f7c	89.69	96.95	83.43	90.00	100.00	81.82	413	13	82	9	0	2
20111209_www.we-dwoje.pl_d3302a5552a9f3c9e872d562d6d2e05e811aa756d2d469189a36dcf8	83.23	83.07	83.40	0.00	0.00	0.00	211	43	42	0	9	6
20120106_wiadomosci.gazeta.pl_493cd398b5ea890813c44472a69970eb16c9b256eb8c2649f63c8396	75.94	85.54	68.27	70.59	66.67	75.00	142	24	66	6	3	2
20111209_www.biolog.pl_694d8093af586fd66c79fe80e734d2de1ab064e2cbf3b75ae17b6969	83.82	77.88	90.74	0.00	0.00	0.00	500	142	51	0	10	12
20111207_www.we-dwoje.pl_8f8c807ff49395090156aaad05fee467b41e8fb8350797aa9b3fb6ed	88.68	90.22	87.20	0.00	0.00	0.00	286	31	42	0	7	7
20120104_wiadomosci.onet.pl_ff956ce026afdefc4000ad66b807bcea7073e26976b5dd167a1638aa	85.45	85.25	85.65	0.00	0.00	0.00	185	32	31	0	0	8
20111121_www.we-dwoje.pl_154a610a3383e8e01d82a83b0cf2197caa632d5489dbaa9f9c88cb79	55.95	40.64	89.76	33.33	33.33	33.33	228	333	26	1	2	2
20111209_www.we-dwoje.pl_e78b9867d6240e16f7d808d5133b5cbcd696f31779b9a3ecafecd363	86.29	86.09	86.48	0.00	0.00	0.00	582	94	91	0	5	18
20120106_www.se.pl_ea137bcaf50077a26f14a2542ce3dea20236f1a6c13d1ca328439174	34.88	22.99	72.29	44.44	40.00	50.00	60	201	23	2	3	2
20120105_zdrowie.gazeta.pl_39a78a2dff5da27e4ad3f839a255911073d4be569631638b997cd721	88.83	92.87	85.13	66.67	84.62	55.00	521	40	91	11	2	9
20120106_www.rp.pl_c812dbdc90f1f029ae5e996a2cf7b9a7fa33a63e209a2b0a6cf9c955	76.35	67.33	88.15	80.00	100.00	66.67	305	148	41	6	0	3
20111121_goodcontents.net_f164d2c180e17a39cfffdc428541f182be5cea501e3b1135c9bb2c8c	92.83	96.44	89.48	33.33	50.00	25.00	434	16	51	2	2	6
20120106_www.pomorska.pl_a89c9ff4011329947b20a479271a731b74d30d14360f2e3f4ffc007f	80.16	72.71	89.32	28.57	50.00	20.00	301	113	36	2	2	8
20120106_fakty.interia.pl_bf1e8b627d609dfccbc71a5f1c6e6863c33deaa04224c5b4813eb89a	82.81	87.85	78.33	80.00	85.71	75.00	159	22	44	6	1	2
20120105_www.biolog.pl_9940d454b979f8443862031fc3022a424ef673d3609b8652bf8f2e23	85.22	77.71	94.33	0.00	0.00	0.00	516	148	31	0	21	11
20111121_www.we-dwoje.pl_e5439019bb9a189ab8fb03a3c4b9a5ad05693637efa4306a572023e3	92.59	94.03	91.18	0.00	0.00	0.00	331	21	32	0	3	5
20120106_www.wprost.pl_67ce281183144b9f605b46162fea65fd79cc11b40e504fa06e4f4391	75.00	84.09	67.68	54.55	75.00	42.86	111	21	53	3	1	4
20120104_www.dziennikwschodni.pl_ad40f4f3a1266d2e52ccffe5152ed2cb028bffd13f63945b28482ad5	81.25	89.45	74.43	20.00	100.00	11.11	195	23	67	1	0	8
20120106_www.rp.pl_95c330562f009a62f447b6b55d22ae75f63ee25c158d7c62024f19e2	53.25	42.36	71.67	57.14	100.00	40.00	86	117	34	2	0	3
20120106_ulubiency.wp.pl_ff10d8bc20f4eae0d2c90e0937b586f1cb558ab3311839f1ff04451b	84.16	82.55	85.84	8.33	10.00	7.14	388	82	64	1	9	13
20120106_www.gazetalekarska.pl_da750cc1773a4b5b403d6d03bd5d64eece2a85660ac3ca9d9919f1d9	76.11	65.43	90.94	0.00	0.00	0.00	301	159	30	0	1	7
20120106_www.rp.pl_f54b890636c5700cecd8837c81bc5d4b092081a569a910f71f0b186a	79.46	70.00	91.86	75.00	85.71	66.67	350	150	31	6	1	3
20111207_www.we-dwoje.pl_10b733980c25f2a66e72829b7d261ddd42f4c3e67a5f7c5978612f6f	80.60	75.47	86.48	0.00	0.00	0.00	243	79	38	0	5	7
20120105_www.zdrowiutko.info_8fdeaf9b0d19545adf1ddf5ad311ad8674e16dd71661286e59b037da	97.71	96.61	98.84	87.27	82.76	92.31	1282	45	15	24	5	2
20111121_www.biolog.pl_9980d6f12306d6298998081e86bb04eda8871ee02475d66069bc48bc	77.67	70.17	86.98	0.00	0.00	0.00	334	142	50	0	18	11
20120104_wiadomosci.onet.pl_09f90e970b1afc6b46fa4fb381fe3ffcbe1ea5c03ebf50630e3fc524	67.69	56.65	84.08	0.00	0.00	0.00	132	101	25	0	0	5
20120104_www.rmf24.pl_f40528ee132a85ac611099332e36c80ca3b2303614499ebe1be999d8	59.61	50.00	73.79	76.92	83.33	71.43	107	107	38	5	1	2
20120106_www.nto.pl_0888d1dc0bf462de69f294c63c6d4d500252fdd703ec530bab861c25	94.72	96.73	92.79	20.83	100.00	11.63	2097	71	163	5	0	38
20120102_www.zdrowiutko.info_8fdeaf9b0d19545adf1ddf5ad311ad8674e16dd71661286e59b037da	96.43	96.68	96.18	89.29	86.21	92.59	1283	44	51	25	4	2
20120102_www.biolog.pl_9940d454b979f8443862031fc3022a424ef673d3609b8652bf8f2e23	85.86	78.97	94.05	0.00	0.00	0.00	522	139	33	0	21	12
20120104_gwizdek24.se.pl_ecae268e92fe0fee5e79271b090383e579f89a425aea905263a0c92e	23.24	13.69	76.74	42.86	37.50	50.00	99	624	30	3	5	3
20120106_budownictwo.wnp.pl_e48fea5393f630329b63ffba8785d4532879dab63384d8a32bd5d003	72.49	81.03	65.58	0.00	0.00	0.00	141	33	74	0	0	7
20120104_www.wprost.pl_a8aec2cd35e73ac6c25db4fcf20f1c69b06d31166f0594b86347b2ee	85.57	86.44	84.72	66.67	80.00	57.14	255	40	46	4	1	3
20120104_www.money.pl_8849f52a52f6e165cfa84fe7f3fadc3d75a2150204c19ca4fda57bfa	92.06	88.76	95.62	90.00	100.00	81.82	458	58	21	9	0	2
20111121_www.zdrowiutko.info_d6ef7934b7e61cb4db76438cc3e26017ef9e689b1541a1631aa8a4e1	88.08	87.25	88.91	43.90	42.86	45.00	842	123	105	9	12	11
20120105_www.biolog.pl_a016490eff21b1267a3eac8194936de785fbeb75780cafa93f326a58	78.78	70.52	89.23	0.00	0.00	0.00	323	135	39	0	10	15
20120104_www.wprost.pl_e403cda319e9ed5a44d52cb5ad972b9fe31025d491c0eb8a852e4c14	87.95	89.57	86.39	75.00	100.00	60.00	146	17	23	3	0	2
20120104_tvp.info_0f0f253c92891dee1263997673c8e910ae4dd5d59edc88884cfdf372	92.97	92.97	92.97	57.89	61.11	55.00	569	43	43	11	7	9
20111207_www.biolog.pl_191f9248fd9336f28ef6582143bf9768bb38b1d73a4ec0bdd1d8bd3f	85.27	78.09	93.91	0.00	0.00	0.00	524	147	34	0	10	10
20111209_www.we-dwoje.pl_10563d87982bd7f87544fab5679f6b487fd4d6f203285f8e1a4453ca	89.33	90.67	88.03	0.00	0.00	0.00	272	28	37	0	4	5
20120104_wiadomosci.onet.pl_9286ef9b1482d15641f6210db9e2f4e85fbbb64ba98941753c735585	88.42	85.96	91.02	0.00	0.00	0.00	588	96	58	0	0	22
20120105_www.we-dwoje.pl_237edd4512d0f575aa102193c6c5a79fa85feecaf1fdb795baf6ab8f	66.77	62.87	71.19	0.00	0.00	0.00	210	124	85	0	23	25
20111207_www.we-dwoje.pl_ab4552f2e110cd485bed759da10cfa9a6dc889949b176ca65eecf492	80.21	78.00	82.54	46.15	42.86	50.00	156	44	33	3	4	3
20120105_www.we-dwoje.pl_af63a20be0940f8248349028b7ffd1608d02ba40ddeb46de693903fd	93.21	93.14	93.28	0.00	0.00	0.00	652	48	47	0	12	16
20120105_www.we-dwoje.pl_c01670d8a62d698b25c176b409cc69b0d05056996f2b35bfd3b7738c	46.60	81.88	32.56	0.00	0.00	0.00	113	25	234	0	3	11
20120104_www.se.pl_150d37a1ae4d3cbf4e188b12ca6c3c5331d63cef665e32148a7adef8	78.29	71.65	86.28	68.75	64.71	73.33	503	199	80	11	6	4
20111121_www.we-dwoje.pl_9f7aacc1303f4dae00f6594fb8eb1a68d0fe8837de7656e3d51d9b2c	83.56	80.05	87.38	0.00	0.00	0.00	658	164	95	0	18	17
20120105_zdrowie.gazeta.pl_5ba6b4f0584451b718626dd5af8372ef000f9244559fe89aca9afb48	80.74	88.38	74.32	63.16	80.00	52.17	327	43	113	12	3	11
20111207_www.biolog.pl_119c0192ad52b2e4e1ba6fb0d06ca822cdb6be2052e7b05082fca401	83.76	76.17	93.04	0.00	0.00	0.00	588	184	44	0	10	15
20120104_konflikty.wp.pl_9a78872b1c09726ea2c9b2f6559dbb919f5b69bc9449cebe8c6b4b56	0.91	0.52	3.48	0.00	0.00	0.00	8	1529	222	0	28	7
20111121_www.biolog.pl_ad43bdfd510235776032186fb8f9bb28045ad3cd3a2bd8e2013a4bf2	84.96	78.99	91.91	0.00	0.00	0.00	534	142	47	0	18	11
20111121_www.biolog.pl_6b358bbb56369b90368dd7020da2befdf64d1f5b30db7072c9427ece	69.59	59.20	84.41	0.00	0.00	0.00	222	153	41	0	15	6
20111209_www.we-dwoje.pl_ce69407d8288e0f333c38a101c20c6e9bf28b3e087ac1766d2db2263	7.04	12.20	4.95	50.00	100.00	33.33	5	36	96	1	0	2
20111121_www.we-dwoje.pl_012ae81383bf532a51947bbadd381c6ecd26f26034aedcd002eb0967	87.73	83.45	92.47	66.67	57.14	80.00	479	95	39	4	3	1
20120106_gornictwo.wnp.pl_e963ec4fb649971ea8b0e0c2eab6609caed629d3468ac5337714beff	59.22	72.62	50.00	0.00	0.00	0.00	61	23	61	0	0	5
20120104_www.wspolczesna.pl_09c9b146c47490b4107875a95643f0447db3a0691ef65958b0acecc7	86.97	92.91	81.74	14.29	100.00	7.69	367	28	82	1	0	12
20120106_www.kurierlubelski.pl_b56f33f49ca7f0a5e7890c8319613281f94d271e5a948c0845d2adb7	2.03	10.00	1.13	0.00	0.00	0.00	3	27	262	0	0	11
20111209_goodcontents.net_d3d973b9ef61722241c1895ccf3226ee946d67ce816ac725955be986	86.00	78.46	95.16	30.77	40.00	25.00	550	151	28	2	3	6
20111207_www.we-dwoje.pl_9a95f98c088783135f7b881838683e09b65061058a2cf5501bf4cdd7	40.17	86.88	26.13	0.00	0.00	0.00	139	21	393	0	4	22
20120106_www.forbes.pl_58df60840d8c74ec20e03b88639530d8556160a62964dc5cd1004d70	75.92	82.43	70.36	53.33	57.14	50.00	197	42	83	4	3	4
20120106_kobieta.interia.pl_227be13d2686c631aa0ed3682cc05eb5a91b1473955b61dca215a4ab	84.71	81.82	87.80	11.76	12.50	11.11	324	72	45	1	7	8
20120105_www.we-dwoje.pl_5ebb0c8564331903eff2bb1c226b925fe2c5c92d01ed2e8466a4ece6	7.77	14.29	5.33	66.67	100.00	50.00	4	24	71	2	0	2
20111209_www.biolog.pl_1217f2298aedb3f437a8ad8f951d4a5fd72f73453f3a1ad483247983	76.29	67.76	87.27	0.00	0.00	0.00	288	137	42	0	10	9
20111207_www.we-dwoje.pl_faee6f55ba1fccafd811d0bf81491218fbcfb65ae54da2684bb08b90	80.84	77.23	84.80	0.00	0.00	0.00	173	51	31	0	2	5
