file	F	P	R	F.tag	P.tag	R.tag	TP	FP	FN	TP.tag	FP.tag	FN.tag
20120117_big5.xinhuanet.com_5f7f9444353f95b6c7518ad991509ade97d04238e499aad869ac29b4	7.41	14.29	5.00	0.00	0.00	0.00	1	6	19	0	0	6
20120112_udn.com_70202d9eb7946cbfed2a44bfd38c0e94503cfb8198d97aabd5f331fe	10.00	100.00	5.26	0.00	0.00	0.00	1	0	18	0	0	4
20120117_news.sina.com.cn_6a8048c439cb1aef53909a39d207aa8b359cdac657260385da57c2e6	3.17	5.26	2.27	0.00	0.00	0.00	1	18	43	0	0	18
20120117_news.cnyes.com_2db0d93e96d90ddb1b1238032fe326cca2807410ba42bb6ea6417b58	5.00	7.69	3.70	0.00	0.00	0.00	1	12	26	0	0	9
20120117_news.sina.com.hk_ce85f208a65c745a73a15f8be1662e52f3664e1d21ac51e0f758fd8c	10.00	15.38	7.41	0.00	0.00	0.00	2	11	25	0	0	7
20111215_finance.ifeng.com_2ebe785ae70cc924e6d78a61cfb3bbe9e418d8ee1ccfbb9f29585e03	12.12	20.00	8.70	0.00	0.00	0.00	2	8	21	0	0	6
20120112_www.jfdaily.com_a163a9d32674060a78c2e5f3d85a3d99f946b95ac151cb04cc8ceaf3	14.29	20.00	11.11	0.00	0.00	0.00	3	12	24	0	0	8
20120112_news.sina.com.hk_61c22616d643454ee46af79eb6feff8de6a9a4f5c965129bf7e2c7b9	28.57	46.15	20.69	0.00	0.00	0.00	6	7	23	0	0	8
20120117_news.sina.com.tw_cdae9ea7d9d69b31c2189a800f96d0ce218b727414c4eaf954be01f4	5.56	11.11	3.70	0.00	0.00	0.00	1	8	26	0	0	8
20120112_mnc.people.com.cn_8c642d4bc2cce3bf8d8018e18851cdd5bdae940ab1da9f1a9e93214d	3.57	7.14	2.38	0.00	0.00	0.00	1	13	41	0	0	16
20120112_news.hexun.com_3e9a936bbc721ebc707456dff07a5af4ffd11188b4b3d5000cc56db9	4.88	14.29	2.94	0.00	0.00	0.00	1	6	33	0	0	13
20120112_news.chinatimes.com_e998ec0102accd2f573ca7998f029576a3cd7d1e09ad10d5df3b6d61	5.56	8.33	4.17	0.00	0.00	0.00	1	11	23	0	0	6
20120117_member.nownews.com_da91518f33c9dcc7c7d3a3b2a502aa5945877e098fd55ec1fc05643f	8.00	33.33	4.55	0.00	0.00	0.00	1	2	21	0	0	7
20120112_iservice.libertytimes.com.tw_7c67349bdc47840732a1e335662bf8d62d64001f1c9c7ff19d7baac8	31.58	32.14	31.03	0.00	0.00	0.00	9	19	20	0	0	6
20120117_finance.ynet.com_660acfc31310c59631135a660b50de3a4abf75a443e1faa519783369	3.85	8.33	2.50	0.00	0.00	0.00	1	11	39	0	0	14
20120112_money.gucheng.com_b5a9f9b57ba46d4456e8ae6d2fbf78fa9cfdf38a6dda636ac0a0fbb2	7.84	11.11	6.06	0.00	0.00	0.00	2	16	31	0	0	12
20120112_www.awakeningtw.com_2fbe31afa40df01777b0eb38f9645a3656d8131b0cc91eb4a4fd27ef	5.88	6.67	5.26	0.00	0.00	0.00	1	14	18	0	0	5
20120112_biz.caixun.com_44f113af12f514217bc1106fb2a3bca051899b1969229cd8f8aeef92	3.03	20.00	1.64	0.00	0.00	0.00	1	4	60	0	0	20
20120112_xm.city.ifeng.com_132b367e56a650b9d106ecce3fea7c9db7d416c6195f748d11df32dd	7.14	20.00	4.35	0.00	0.00	0.00	1	4	22	0	0	5
20120112_tech.hexun.com_231edef93acd0248eb06acf775ef87ab5c3d35a4ab5ba14b356a71d7	5.13	6.25	4.35	0.00	0.00	0.00	1	15	22	0	0	8
20120117_www.bcc.com.tw_1adf7f2fd9d20102a2abfe045d6bc4bc2890a43554caea3b81ab0787	18.75	27.27	14.29	0.00	0.00	0.00	3	8	18	0	0	5
20120117_www.chinanews.com_d9eaa2170bd09b9271425a86c1b2e5fdd1b6df7bad81a4704e67b2fe	8.16	15.38	5.56	0.00	0.00	0.00	2	11	34	0	0	12
20120112_ent.sina.com.cn_c5a153225f665536f613ad25dc18aecca8b0d00a31c8e22d8f883e00	4.08	7.69	2.78	0.00	0.00	0.00	1	12	35	0	0	14
20111215_society.people.com.cn_a3f27fa4f6cf875f8d31a1cdbab3eedb48a2d8b6e427dff44e9b5f7b	6.67	11.11	4.76	0.00	0.00	0.00	1	8	20	0	0	6
20120112_www.chinanews.com_18767c5838f6b170dafaea3cfb06386585f28dd2206542e329630503	5.41	14.29	3.33	0.00	0.00	0.00	1	6	29	0	0	10
20120117_news.sina.com.hk_b60b4a19ac1fa1d17c371df7472e42d1d756622ea1a175eed692cd00	17.14	20.00	15.00	0.00	0.00	0.00	3	12	17	0	0	5
20120112_www.northnews.cn_4d6498d17ea6776c3c041f724f7b6d94afb1dbac1dc2d6ce8d7fb622	5.41	20.00	3.12	0.00	0.00	0.00	1	4	31	0	0	12
20120117_news.sina.com.hk_d6cd3fe9f4068683084de1736089283335131103b6b763f3230f6c1e	2.67	7.14	1.64	0.00	0.00	0.00	1	13	60	0	0	25
20120112_big5.xinhuanet.com_774599098d724d50297cf3aef5aa2640c541f45fb1e7fe2c7bb7732a	6.45	7.14	5.88	0.00	0.00	0.00	2	26	32	0	0	7
20120117_finance.qq.com_260568c255fdb20b4f0f17f9b5e812591ddccc2cafdc2fcc013d62db	20.00	33.33	14.29	0.00	0.00	0.00	3	6	18	0	0	6
20120112_news.ifeng.com_e107198ed5bf2ff31ad85d3ffa2cffeb77da255a877aca1d08cd6e19	1.12	5.88	0.62	0.00	0.00	0.00	1	16	161	0	0	76
20120117_digital.sina.com.hk_1df37807f0775706ffaa5c7b5eaadcc0962f3e67c2dc81470726ae0e	61.86	69.77	55.56	0.00	0.00	0.00	30	13	24	0	0	8
20111215_news.21cn.com_e4a6beeca1324dd8e853a96e74e8f6078839ebeed10de8a77ced7f7f	11.11	100.00	5.88	0.00	0.00	0.00	1	0	16	0	0	4
20111215_news.163.com_5194a8b3cb9b07f87c5bad393f14312f3e7b7b87d974e67fd4429f0b	12.50	15.00	10.71	0.00	0.00	0.00	3	17	25	0	0	9
20120112_iservice.libertytimes.com.tw_0f107ba8a3770009b396467af3db198d4cad0c5af95eae06b8476bf6	9.30	9.52	9.09	0.00	0.00	0.00	2	19	20	0	0	6
20111209_www.cnstock.com_4d57ba998dd48bc7aadfc3eba1cd5f0527c436e9e20f020d208858cb	22.22	33.33	16.67	0.00	0.00	0.00	3	6	15	0	0	4
20111215_news.ifeng.com_5d3d22d1931a75a38e71fa61a01a484f05d7ff277044135ed275be6f	5.00	10.00	3.33	0.00	0.00	0.00	1	9	29	0	0	11
20120112_life.chinatimes.com_0148a12fbfcffbd8d771db826b6af164de5dc687acd71d624aa4842a	5.56	9.09	4.00	0.00	0.00	0.00	1	10	24	0	0	7
20111215_news.sina.com.cn_bd3178e4a4feb52e7a282159e577f26e60a3a69f15b5b3138666e738	8.82	11.54	7.14	0.00	0.00	0.00	3	23	39	0	0	15
20111215_finance.ifeng.com_96c4a559d7ef5f9357153996249f7626c36c313c032be42415659f9e	32.79	45.45	25.64	0.00	0.00	0.00	10	12	29	0	0	11
20120117_www.rthk.org.hk_33ab20898cb0ae8757794a9daf9b75f0a22e01f72657b03d61593f4e	95.95	99.16	92.94	0.00	0.00	0.00	237	2	18	0	0	6
20120112_big5.xinhuanet.com_db34279c128eb37aa42d87061ac37c707a90c005bad6d4c88ba084ee	4.17	25.00	2.27	0.00	0.00	0.00	1	3	43	0	0	17
20120117_www.ttv.com.tw_6b216dea3dac1ec23f71da42f3c1b1f9c3fa7239dc68bd2661225a8a	9.76	22.22	6.25	0.00	0.00	0.00	2	7	30	0	0	8
20120117_finance.ifeng.com_72a1d43e9fe5bc73075f815184974e258af7222c0069bbf6f1d2e018	32.26	41.18	26.52	0.00	0.00	0.00	35	50	97	0	0	36
20120112_iservice.libertytimes.com.tw_1d19345493551784a2a545a98143ad993978b561330caeb20f0a6c65	9.30	9.52	9.09	0.00	0.00	0.00	2	19	20	0	0	6
20120117_big5.xinhuanet.com_2c2fb8d2e9a862f7dceccbfec8c756c8e53058e5557107298ec1d4d1	2.63	33.33	1.37	0.00	0.00	0.00	1	2	72	0	0	32
20111209_china.newssc.org_bb91803c879e0a146538fb1b6b079f8fdca25df183232451a9bd80dc	14.68	21.05	11.27	0.00	0.00	0.00	8	30	63	0	0	27
20120112_news.cnyes.com_5ff56ea0081038337137ea72becd107f698876575c825d86de9ed65c	6.25	7.14	5.56	0.00	0.00	0.00	1	13	17	0	0	5
20120112_www.chinanews.com_9a5f53492be2b3103f3c8bc570ebf714d8c94acb2965d5fa75666f77	3.12	8.33	1.92	0.00	0.00	0.00	1	11	51	0	0	21
20120112_taiwan.huanqiu.com_ced409ff55b7c2a6cbecf1bba333bcc06214c90e2555d26cac4d3d8a	4.26	4.55	4.00	0.00	0.00	0.00	1	21	24	0	0	6
20120117_ent.sina.com.cn_70b17ec98774a59e77dee47dd75998a9c77ff92485088cd466bc6ef6	6.06	9.09	4.55	0.00	0.00	0.00	1	10	21	0	0	7
20120117_n.yam.com_628e192ea8224722b0282d8e47fa0f8c0e1bfc807a299633710850fd	6.25	12.50	4.17	0.00	0.00	0.00	1	7	23	0	0	7
20111215_finance.ifeng.com_10ac0c855e0f68a99362430f6d018d74220af2e3b4aa78861d946f5c	8.00	20.00	5.00	0.00	0.00	0.00	1	4	19	0	0	5
20120117_www.uho.com.tw_193667c6b6dad84cf5715ae7c05f66934fce45abc074b83b72abd4fd	8.70	16.67	5.88	0.00	0.00	0.00	1	5	16	0	0	5
20120112_news.hexun.com_fa183956e8d619ed3a371634cc06e0609927cc3456a272a071f45ac4	9.30	16.67	6.45	0.00	0.00	0.00	2	10	29	0	0	10
20120112_sports.163.com_f5f6edfa4f16d8e7a88c191c86ec99f253eb43d169d3633ebb4e71c2	13.19	7.88	40.43	96.77	100.00	93.75	19	222	28	15	0	1
20120117_member.nownews.com_b84c2ed3df1d06646107d38bc32fb999e4ed93a2456070b53c3d7eae	13.33	28.57	8.70	0.00	0.00	0.00	2	5	21	0	0	7
20111215_www.legaldaily.com.cn_69bd3a917f9bdd84ae8ec85a2ed8c7cf5fffcad2b76e59423922d6f5	5.06	9.09	3.51	0.00	0.00	0.00	2	20	55	0	0	23
20111215_www.voanews.com_fc0ebc63d318b8f334a6714e41438b84cda4caa8791b608a6f2b26d3	8.00	25.00	4.76	0.00	0.00	0.00	1	3	20	0	0	7
20120117_news.sina.com.tw_b08eb50adfa2a38385c59530a682e8240f9cc41d6abe821bb4cc0d55	10.53	22.22	6.90	0.00	0.00	0.00	2	7	27	0	0	9
20120117_ent.ifeng.com_e791c1ba0648c993c02531c486dabccf6e263924d8370834f3728432	1.77	2.78	1.30	0.00	0.00	0.00	1	35	76	0	0	34
20120117_n.yam.com_153aa61a85bc1593276f261c3704979326153808634829de701afc4b	6.45	14.29	4.17	0.00	0.00	0.00	1	6	23	0	0	7
20120117_tech.southcn.com_d7a2be41a68936577adac81d23f51dfa0c7de5cc8c5a4b6b793638b9	11.43	15.38	9.09	0.00	0.00	0.00	2	11	20	0	0	6
20120117_web.pts.org.tw_2f8947293f33ea7d57721cc2a765e78fbeda048197cea8aa753b5262	5.88	10.00	4.17	0.00	0.00	0.00	1	9	23	0	0	7
20120117_www.worldjournal.com_ec606962b3e49717db72a7e6b56cd1fc02c39207c7a69abebea3178b	10.53	25.00	6.67	0.00	0.00	0.00	2	6	28	0	0	9
20120117_n.yam.com_537b19fc060daa878b99e7e69b8cf5c517bb73261ec8f431b514f0d2	6.25	10.00	4.55	0.00	0.00	0.00	1	9	21	0	0	7
20120117_news.163.com_d3112a324723bcc03f7bec52d5e53c3dab4dadb8f36aad32b1612fbd	8.60	22.22	5.33	0.00	0.00	0.00	4	14	71	0	0	29
20120117_news.sina.com.tw_d829eed38bcf5880d349f8c9daa43d5c58a8c69f0aec02e5ecb9ee75	8.33	16.67	5.56	0.00	0.00	0.00	1	5	17	0	0	4
20120117_iservice.libertytimes.com.tw_53c9c02e9aaa773c4f5cbfc36ea0e04b2140bb0be2b375de8a6cd20d	8.70	9.09	8.33	0.00	0.00	0.00	2	20	22	0	0	7
20120117_go.rss.sina.com.cn_9e328a74722880866c153b9b8d0ffb55c54534cb0a55bcaa962756f2	12.77	16.67	10.34	0.00	0.00	0.00	3	15	26	0	0	8
20111209_news.xinhuanet.com_2cde90ef0eb59736062411a8eb78b772a0aa6b60eb06d0cbd6bb0f32	6.06	12.50	4.00	0.00	0.00	0.00	1	7	24	0	0	6
20120112_news.sina.com.tw_47ba97ae364f70cd1f160b3ac3f4e56ce0280891459d93c21f389ecf	4.76	7.14	3.57	0.00	0.00	0.00	1	13	27	0	0	9
20120117_n.yam.com_07c4072b11126ec3051010ae747e938b03f58b06391b6afe9e8a84a2	4.00	16.67	2.27	0.00	0.00	0.00	1	5	43	0	0	14
20111215_finance.ifeng.com_ee2528b86e102e1bb26c614aa3f4864d0839736820165d31c3b9ca62	16.67	22.22	13.33	0.00	0.00	0.00	2	7	13	0	0	3
20111215_www.chinanews.com_4a69b3607283e2eb5cf8abc98563d0266f359540aca03384b7ba03e3	11.43	22.22	7.69	0.00	0.00	0.00	2	7	24	0	0	8
20120117_biz.caixun.com_e46b253d9da640fe10b2f18e29ba668ab7a914d9d5f9e4d093d492f9	1.69	5.88	0.99	0.00	0.00	0.00	1	16	100	0	0	43
20120112_udn.com_292fa15844d51a70a348b7678e2ef3d2141768f4a725972815388cb2	7.69	25.00	4.55	0.00	0.00	0.00	1	3	21	0	0	6
20120117_life.chinatimes.com_8a01bbd5e7d9594f79e16c057d7cbbe09cdcfa8a08cc386949cf88b1	6.67	10.00	5.00	0.00	0.00	0.00	1	9	19	0	0	5
20120117_udn.com_ca400f53ef4129056c8fbdec3ea6ebd3d557a336c25c88ccf7891015	8.00	33.33	4.55	0.00	0.00	0.00	1	2	21	0	0	5
20120112_tech.hexun.com_1e16b8da098834d41def313b729f5d2a66e32b713234b5392434da3b	11.43	15.38	9.09	0.00	0.00	0.00	2	11	20	0	0	6
20120117_finance.qq.com_a445e3a4018f1a4760397b78787d22a99a2515b77871a55532cc2f27	24.24	44.44	16.67	0.00	0.00	0.00	4	5	20	0	0	7
20120112_stocks.caixun.com_17be7dec823cea22fc087950e03b71a2288517df011f26dc1e362510	30.14	95.65	17.89	0.00	0.00	0.00	22	1	101	0	0	27
20120117_news.rednet.cn_2089bd1b0ee41a34164fa81e88f4cf1269cddd03ae5d34bfaad082d4	12.77	15.79	10.71	0.00	0.00	0.00	3	16	25	0	0	6
20120117_life.chinatimes.com_a8681d0dabbdf768413103efe7c911342b7f8fb928cb0839b6affa7c	11.11	25.00	7.14	0.00	0.00	0.00	2	6	26	0	0	7
20120117_life.chinatimes.com_20018caa23570dc26c974e083d189bf664b6ceb36399df5528f9053f	4.55	11.11	2.86	0.00	0.00	0.00	1	8	34	0	0	9
20120112_www.tianjinwe.com_a9207f4334843b9204613520c5799b21be5dd04d6366277440d53c91	4.08	7.14	2.86	0.00	0.00	0.00	1	13	34	0	0	12
20120117_news.sina.com.cn_4d78576145fc3459c5c760665f5413f1ed72a0a537d1ab4308aaef75	41.18	60.87	31.11	0.00	0.00	0.00	14	9	31	0	0	9
20120112_big5.xinhuanet.com_5dbb5d39faa08e4112616e86402fc5447f8d072228bab45dc8e7d005	5.00	11.11	3.23	0.00	0.00	0.00	1	8	30	0	0	7
20120117_tech.sina.com.cn_4b3e1627f928b5f9e1a076dfd6aa6b2fb9ea85bab63eee5ce5220847	19.05	26.67	14.81	0.00	0.00	0.00	4	11	23	0	0	6
20120112_www.iask.ca_6460accad12386398b45755d87f69b0ef2117458dd51b2951bc9d7d9	43.40	51.11	37.70	0.00	0.00	0.00	23	22	38	0	0	11
20120112_go.rss.sina.com.cn_68ce56ded0f11275e7b9282381c1ae730abbb464a33bc1c288d3effa	8.38	15.91	5.69	0.00	0.00	0.00	7	37	116	0	0	50
20120112_t.cntv.cn_6b23666e15d96eef23f0ae8456a7c25e86a1a3f3a9a18d300b73eaa6	12.50	33.33	7.69	0.00	0.00	0.00	1	2	12	0	0	2
20120117_news.xinmin.cn_9ceb3bd584b4ca824a4260fc341981e514ea86b7998a45704fcb7ec1	4.55	10.00	2.94	0.00	0.00	0.00	1	9	33	0	0	12
20120117_www.uho.com.tw_dfb71b0c92300bd92a7976301d83411f11c47411a0c2be0e9560a149	8.70	16.67	5.88	0.00	0.00	0.00	1	5	16	0	0	5
20111215_tech.qq.com_efe7ac9c9cfe2aa78816e6c49d1395fbb9de569a16e9cab50762df79	3.64	6.67	2.50	0.00	0.00	0.00	1	14	39	0	0	16
20120117_tech.qq.com_068baaa8e2bb2882b2158b9f35dc062f3c10d96c6290a16525817d0c	60.76	77.42	50.00	0.00	0.00	0.00	24	7	24	0	0	8
20120112_ent.newssc.org_1d9c93f4f9836d160e4c33b6836b40caba1a3dfb00c6eb5961cf7907	19.72	26.92	15.56	0.00	0.00	0.00	7	19	38	0	0	15
20120117_member.nownews.com_8b313d63e3a357cdec583583c724bc007c4560e1344ce51650e57781	5.71	11.11	3.85	0.00	0.00	0.00	1	8	25	0	0	9
20120117_news.sznews.com_4e8043185f3957ad40a7e1c1e138e25e079997b8c0851214d3dcef10	45.45	47.62	43.48	0.00	0.00	0.00	10	11	13	0	0	3
20120117_news.163.com_300ad2e8125f507a72224340a21c1d685526143de29ae9d8707f966c	8.51	8.33	8.70	0.00	0.00	0.00	2	22	21	0	0	7
20120117_life.chinatimes.com_644b74abd8e2eff01dea16d9dc987b5ed3b5bf45013c359aa52df2a7	4.00	5.56	3.12	0.00	0.00	0.00	1	17	31	0	0	9
20120117_n.yam.com_f0b07bc7f9eadb005eb2ffc3b0a8f46eed6651b304b5f5a82bffc5bf	8.00	20.00	5.00	0.00	0.00	0.00	1	4	19	0	0	5
20120117_www.chinanews.com_fa5f49ddf2a5dfc59db6d0b7cb9993d36e9fd25a95ca996db629dc57	6.90	14.29	4.55	0.00	0.00	0.00	1	6	21	0	0	6
20120112_www.chinanews.com_71032e2b0e0e3725fe0ccb8f8291dcb16fa857d7cc55a2051cf1bfb3	4.00	7.69	2.70	0.00	0.00	0.00	1	12	36	0	0	14
20120112_www.taiwannews.com.tw_222ee4d72d4236e52af11bfa89c4fa15ff2d8759b2c31c9a594b2006	7.14	16.67	4.55	0.00	0.00	0.00	1	5	21	0	0	7
20120117_gansu.gansudaily.com.cn_41587f7d47c92be43f75a02127d43c026a6594fbb1f1e7c810158281	11.11	17.24	8.20	0.00	0.00	0.00	5	24	56	0	0	24
20120112_udn.com_181df04bd2a9bc02cd0fb7b0c434dc9417d32f2602f0841fd53b77cb	20.51	44.44	13.33	0.00	0.00	0.00	4	5	26	0	0	9
20120112_tech.sina.com.cn_e2bf9cedc479cba9756647e582bcc76c644d487478698a7317aac016	3.67	6.45	2.56	0.00	0.00	0.00	2	29	76	0	0	25
20111215_news.etnet.com.cn_7c8c00b9febecbb1f29402571c450185719940aa68a604409f8fd775	6.06	9.09	4.55	0.00	0.00	0.00	1	10	21	0	0	7
20120117_finance.huanqiu.com_371ddd8330897220bf1b9a60531e512d1a81f0bc6dbdeb6027d16736	3.51	4.76	2.78	0.00	0.00	0.00	1	20	35	0	0	13
20120117_iservice.libertytimes.com.tw_fd9a7a9a17524b4a448abf58f786aaeab64b0db47ceb9e75b14662aa	9.52	9.52	9.52	0.00	0.00	0.00	2	19	19	0	0	6
20120112_industry.caijing.com.cn_92548ce32a4b27815643c3b2d44914094f0ae87d6f0b232595fcd5c6	5.41	9.09	3.85	0.00	0.00	0.00	1	10	25	0	0	8
20120112_finance.huanqiu.com_753bdcca6dc18f7c5320b960ff2d473f6600aef62a5eed3872c32087	6.25	7.14	5.56	0.00	0.00	0.00	1	13	17	0	0	4
20120117_www.libertytimes.com.tw_d8c54d2324d46e202fb86e4656e45b7e6aa76e33964f6e048ade555c	14.29	28.57	9.52	0.00	0.00	0.00	2	5	19	0	0	6
20120117_ent.qq.com_499d3cc481c433bd99f321bd063476be6f33b1237c9a7d6bf05853c9	2.94	2.70	3.23	0.00	0.00	0.00	1	36	30	0	0	11
20120117_finance.ifeng.com_fd2de5210a20b4bf91dd55c2dc6596c2dcf6dccc3cdda4479450e265	29.27	66.67	18.75	0.00	0.00	0.00	6	3	26	0	0	9
20120117_www.northnews.cn_ceabbfa0ed09a62b70a8ecf079381576c2f06f1f6f438fdc88f945f8	4.65	7.69	3.33	0.00	0.00	0.00	1	12	29	0	0	10
20120112_news.sina.com.hk_5d903fe6b11fe2ff4c202763cd7f7b4204c90413b970e18db2c44cdf	16.67	25.00	12.50	0.00	0.00	0.00	2	6	14	0	0	3
20120117_tw.nextmedia.com_d7b95352135fc19234715bfe4e778efa2afdcbe95f2d96be334f2faa	22.22	35.71	16.13	0.00	0.00	0.00	5	9	26	0	0	10
20120112_sh.sina.com.cn_aa60052c00b6476a029313e13275721feb3d03010187fd12fcebd989	5.88	14.29	3.70	0.00	0.00	0.00	1	6	26	0	0	8
20111215_news.163.com_778b3953af2c6d68f2cf653d3672caeba692c3335b0771cc4584f3d8	25.81	30.77	22.22	0.00	0.00	0.00	4	9	14	0	0	3
20120112_www.ttv.com.tw_983095b98ad1f1640af15f0eca1df77a26dbe9bb965a5a0df9c8d043	5.71	16.67	3.45	0.00	0.00	0.00	1	5	28	0	0	8
20120112_it.chinabyte.com_78d7301170c8c45fb4baaa371667b803d76fe6bf2aad1684b4340aff	11.21	16.22	8.57	0.00	0.00	0.00	6	31	64	0	0	25
20120117_news.sina.com.tw_71c27ff5fc7556b3e9ef1eaeb6c89cefe691960e7f5da2c9e9561000	1.79	4.00	1.15	0.00	0.00	0.00	1	24	86	0	0	38
20120112_www.nownews.com_eb45d1946b6c142b49ee085e191d2fe389bbd6d71ffe5e55bd88c8eb	16.22	37.50	10.34	0.00	0.00	0.00	3	5	26	0	0	10
20120112_www.chinanews.com_03727cff74eb145266ad1e5bd91887772b3626d30038e1b4e03b92ae	33.33	55.56	23.81	0.00	0.00	0.00	5	4	16	0	0	3
20120112_life.caixun.com_6af116fbdd9c0872367f466773fbb3d070fb51c6ec6178ff9ea8cdb8	8.33	10.00	7.14	0.00	0.00	0.00	2	18	26	0	0	7
20120112_overseas.caijing.com.cn_a7959a724a66aa4c9997998b18eda96fb3170fed4543358332e813a8	3.23	5.26	2.33	0.00	0.00	0.00	1	18	42	0	0	16
20120117_finance.ifeng.com_bfbda7e2bf460fd444df776deb9badefb6521a57fd200068b7d9cc13	14.81	28.57	10.00	0.00	0.00	0.00	2	5	18	0	0	5
20120117_udn.com_6ae7f1bf7a111bc65f38c474117aba09cf35d3318e6a76302096a1f9	12.50	33.33	7.69	0.00	0.00	0.00	1	2	12	0	0	3
20111215_www.chinanews.com_5a397f8750f8eea12ad5875fd3310e3f506467f21d410db8d5d1e59b	5.56	11.11	3.70	0.00	0.00	0.00	1	8	26	0	0	9
20120117_news.chinatimes.com_c537e4c0c509e59740846a095b68fb82ec72cd637650eeec792cfc1d	7.14	11.11	5.26	0.00	0.00	0.00	2	16	36	0	0	10
20111209_china.huanqiu.com_1a3c15007326d6345369af9fdc8eeba42081db2adf4fd22b1cc48ad5	5.56	7.69	4.35	0.00	0.00	0.00	1	12	22	0	0	6
20120117_news.syd.com.cn_54b6565dec0be896168aa7b9d4154eca84d20e625b3cb2da4b2fb2a7	43.48	50.00	38.46	0.00	0.00	0.00	10	10	16	0	0	4
20120117_chinese.medicaldaily.com_0f446819acec6a23ca968d7a7947db13135cf9a27f98a573cb6cc57d	6.06	11.11	4.17	0.00	0.00	0.00	1	8	23	0	0	7
20120112_qy.gansudaily.com.cn_b0e63f3f6a1c5048ed2e4dd54df1064dc8251de07d7125c6a814797f	3.64	9.09	2.27	0.00	0.00	0.00	1	10	43	0	0	18
20120112_tw.nextmedia.com_0325774ab83ee2346d2c02e051bab3380c0a2457a528b50d9231cba7	12.82	62.50	7.14	0.00	0.00	0.00	5	3	65	0	0	23
20120117_tech.ifeng.com_1b63250195f04b37d6cb7bdf605d08b18667aade5a4fe7c2600be902	7.55	15.38	5.00	0.00	0.00	0.00	2	11	38	0	0	14
20120112_www.uho.com.tw_a6e901f3ccc667ea6026c3946bb9b4cc2bc10bc4c3aeb48b67dbcdef	8.00	12.50	5.88	0.00	0.00	0.00	1	7	16	0	0	5
20120112_www.ntdtv.com_0da8aef9415d9156c1fcb1a9f8f18dd145acbf72a17c0c4fc5a09755	3.64	5.00	2.86	0.00	0.00	0.00	1	19	34	0	0	10
20120117_news.163.com_6683566a8a715e40fcaf4fd3724fdec9be9bb591dbfb19f99c2794a0	12.50	14.29	11.11	0.00	0.00	0.00	2	12	16	0	0	4
20120112_big5.xinhuanet.com_d246f0bbe881fd063baa310219b8c1107b1021523ee4a05448c682cf	5.13	14.29	3.12	0.00	0.00	0.00	1	6	31	0	0	12
20120112_www.chinanews.com_565a8c91af8d9eaeb3f47a3cea8b705679c4da28e0667abf805ec4b8	7.14	25.00	4.17	0.00	0.00	0.00	1	3	23	0	0	5
20120117_tech.huanqiu.com_9a13ba6b51f6db7ad5fd0eb1e765d9cb673eaae1012a9724a6c075b2	19.51	33.33	13.79	0.00	0.00	0.00	4	8	25	0	0	7
20111215_ent.xinmin.cn_177dcc6c9439f6f67decc8cf948b7ab891a1e9abd32fa4ceaaad3d32	6.67	9.09	5.26	0.00	0.00	0.00	1	10	18	0	0	4
20120117_www.nownews.com_5f1738258a3871f732d65cc0cf470e4a9842d95f569fcf82d58dfb14	20.69	50.00	13.04	0.00	0.00	0.00	3	3	20	0	0	6
20120117_www.nownews.com_4c19f342c4b5e1bec4b471dbe45ae17290caf0a96e00a34ae3a87d8f	10.26	25.00	6.45	0.00	0.00	0.00	2	6	29	0	0	10
20120117_www.uho.com.tw_74078be6d2cc8bb9d2ee47d03d877c4c7b659075c840c2336cb3ee7a	28.57	66.67	18.18	0.00	0.00	0.00	4	2	18	0	0	6
20120112_udn.com_667ae621ca8e0138deaf6a18e9b93f69e8ae5a89d94d3c4fa25417bd	8.00	25.00	4.76	0.00	0.00	0.00	1	3	20	0	0	6
20120112_life.chinatimes.com_c0fc96426bb21cbd0588106515a43317642542769e3a815532e3cf33	4.00	5.56	3.12	0.00	0.00	0.00	1	17	31	0	0	9
20120112_tech.xinmin.cn_3d25465f6d11ad836b4d7b758d4a4cec2e21242459f86dee8513c3d1	5.71	16.67	3.45	0.00	0.00	0.00	1	5	28	0	0	9
20120117_news.sina.com.hk_9aaf9ed057ae4c81df250394985dfd4da15b34550c192395782c2b15	3.17	4.76	2.38	0.00	0.00	0.00	1	20	41	0	0	17
20120117_udn.com_7d22e82f0dbbcbdf642725ba5ec289c39418f60d5c123c28f6298e61	16.67	100.00	9.09	0.00	0.00	0.00	1	0	10	0	0	2
20111209_www.cs.com.cn_7adc9e75b601e8da425dfefe17c6186067649864300c433fb9bb3e4d	5.41	5.56	5.26	0.00	0.00	0.00	1	17	18	0	0	5
20120112_finance.ifeng.com_92c26f9b6856a7da58e16c21ea9cb5064dfe32e9372d9a9fd8aeec1a	5.92	20.00	3.47	0.00	0.00	0.00	5	20	139	0	0	65
20120112_big5.xinhuanet.com_5584e3ab8837cc2d75d9325758de4c43c98ef03ac3ba525d2537d08f	6.90	14.29	4.55	0.00	0.00	0.00	1	6	21	0	0	7
20120117_member.nownews.com_c9839dcbd569ee62e4b53733c378a957c3e2d01475405e1f389f6320	12.50	28.57	8.00	0.00	0.00	0.00	2	5	23	0	0	8
20120112_finance.ifeng.com_0fb286aeefcd53cedbd2bae294c11e62107a4eeabd3742e5774739ba	38.46	66.67	27.03	0.00	0.00	0.00	10	5	27	0	0	9
20120117_udr.chinatimes.com_ac0a77b9d7e6a46bdf448753b26bee24f61e4ad7f38eb5ab3ff4db58	10.17	15.79	7.50	0.00	0.00	0.00	3	16	37	0	0	10
20120112_xm.city.ifeng.com_5f671f7411c33595861ba67e4a1522d8881c9f675adc9236c862867e	6.06	16.67	3.70	0.00	0.00	0.00	1	5	26	0	0	7
20120117_member.nownews.com_459ef99970ffd92d262efdc9aded538182e7dd4e2cb6a3cc29cd3882	10.81	25.00	6.90	0.00	0.00	0.00	2	6	27	0	0	10
20120112_tw.nextmedia.com_ce8da1bf1707bd9a2bae0a90b532cf9a29479ad2d3e0b49eda2387c4	9.52	25.00	5.88	0.00	0.00	0.00	1	3	16	0	0	5
20120112_news.sina.com.tw_f607170bdf5349c339bbdd6f0bea41e4d20a1cfa5e2c5b4cc8f16aa0	10.81	22.22	7.14	0.00	0.00	0.00	2	7	26	0	0	9
20120117_finance.ifeng.com_386f66390ee01316f741ebe4543a73a6577606c8a00ddf55bac98b32	14.81	40.00	9.09	0.00	0.00	0.00	2	3	20	0	0	6
20120117_udn.com_e0ca1d746473cc2eb539db7aafbcc11d2ad0d87046e7f3e6f7cee2b3	10.00	40.00	5.71	0.00	0.00	0.00	2	3	33	0	0	9
20120112_news.qq.com_7187e5e8ebf46651e2b9f14d9ebaa6fd95b863fc72bf34f9ccf27de5	17.14	33.33	11.54	0.00	0.00	0.00	3	6	23	0	0	8
20120112_nd.fjsen.com_56ddc4bcc3576b5fbed8a13a1032a2996658ab7ae49d7228ce4e9eea	17.86	23.81	14.29	0.00	0.00	0.00	5	16	30	0	0	11
20120117_life.chinatimes.com_adc607deb576b46bf665951c973f4cb12efedb5affa9a8b0ed5d2e1b	9.09	20.00	5.88	0.00	0.00	0.00	2	8	32	0	0	9
20120117_news.sina.com.tw_a5daf201b17abd9921e8fcabe388b2646434bec3b4bf2a2ced09d5bd	2.17	4.17	1.47	0.00	0.00	0.00	1	23	67	0	0	29
20120112_news.xinhuanet.com_837cbc235780ca5add4abd2b058ac13303187b5d326f95609d9564c3	23.30	34.29	17.65	0.00	0.00	0.00	12	23	56	0	0	23
20120112_www.chinadaily.com.cn_a6404cb46631f3114342cf74d11451648540f08c114f7d4ad7f77be9	1.61	2.27	1.25	0.00	0.00	0.00	2	86	158	0	0	75
20120117_news.cnyes.com_592b2511397aa55e4c84db224fac54a34cf5e5edc17c36ffcd043e05	35.71	62.50	25.00	0.00	0.00	0.00	10	6	30	0	0	11
20120117_news.jxnews.com.cn_d8ba8999084aa79635fa8cde2cb7a4e9598e98e83da123c7b8e8d144	2.50	5.88	1.59	0.00	0.00	0.00	1	16	62	0	0	24
20120112_www.uho.com.tw_ab1276d228c7ad9e99da0b3d13f967e8bd3d4cdb99c945a8068d57cf	8.00	12.50	5.88	0.00	0.00	0.00	1	7	16	0	0	5
20120117_news.chinatimes.com_019037f54f0e9495931c7ebf094b7a4d2224f70a2aedf34be8b7a935	4.08	6.25	3.03	0.00	0.00	0.00	1	15	32	0	0	9
20120112_life.chinatimes.com_573cd3fd8488fd31e9ed6e8fc96baf075e34cb230dd81ae539a3dc19	5.00	7.14	3.85	0.00	0.00	0.00	1	13	25	0	0	7
20120112_www.awakeningtw.com_0b1e6c842ec963e36932ad7c3647482950c67973d63676bd93f497ae	4.88	5.88	4.17	0.00	0.00	0.00	1	16	23	0	0	8
20120117_news.sina.com.tw_314ab855cf4425d1ac968aa711206af7bd9bd04117ed184e4328463b	13.79	33.33	8.70	0.00	0.00	0.00	2	4	21	0	0	6
20120112_collection.sina.com.cn_03adbcbf326ce5719cc2e580c846b1e241266711ecdde3b8996488ff	4.17	5.56	3.33	0.00	0.00	0.00	1	17	29	0	0	10
20120117_news.sina.com.hk_8dfd14b1d7bac5b02f7bfc6e97b861eabf459c2c2717daa54901ce82	14.63	20.00	11.54	0.00	0.00	0.00	3	12	23	0	0	8
20120112_economy.caixun.com_7f99d65e9adbb8080db17e47a1c10d424d5484a86b17fad5c4662cb7	7.41	11.11	5.56	0.00	0.00	0.00	2	16	34	0	0	12
20120117_news.sina.com.hk_00a7714e472a3934246059e19084581fbd2c234828311ed7174948d4	6.98	10.00	5.36	0.00	0.00	0.00	3	27	53	0	0	23
20120117_udn.com_324143b9afb5267398990731f2b42a9ec644579e81e2723a47bcbcda	13.79	50.00	8.00	0.00	0.00	0.00	2	2	23	0	0	6
20111215_news.ifeng.com_d46f06142186d10fbda3eff5239636ace95cd43549f80e36f6be622e	4.65	9.09	3.12	0.00	0.00	0.00	1	10	31	0	0	12
20120112_xw.baixingjd.com_1b084b21108a6197246f8828c5c5f6290ddbbe78c6baeee0bc2b9c72	13.04	22.22	9.23	0.00	0.00	0.00	6	21	59	0	0	24
20120112_udn.com_fb74df5a62b4e056ba2d21248bd592d4d42a86cde5e55f7c9c4235fb	22.22	42.86	15.00	0.00	0.00	0.00	3	4	17	0	0	5
20120117_news.cnyes.com_687bfd5631497272143e69a02a89a336ac337462e250949279792a31	12.12	40.00	7.14	0.00	0.00	0.00	2	3	26	0	0	9
20120117_sc.stock.cnfol.com_eb09b9dda4357696c2efa7577836886128522dc59f1e17344849f1e3	5.71	5.26	6.25	0.00	0.00	0.00	1	18	15	0	0	3
20120117_member.nownews.com_ae24ab73102138c3868b8a6d0e7bbeb9f1695f3bffa641675874a7a5	12.12	25.00	8.00	0.00	0.00	0.00	2	6	23	0	0	8
20120112_big5.xinhuanet.com_4b5e6093c823955f949c53fe36a955fa50430bd1fd663e1282d19712	2.86	11.11	1.64	0.00	0.00	0.00	1	8	60	0	0	26
20120117_society.huanqiu.com_bc66fe6937721f23f8fc1d57e7c77e118339bd5a120df66987053553	6.06	10.00	4.35	0.00	0.00	0.00	1	9	22	0	0	7
20120117_news.cbbn.net_a9bcfb35dbd073372d9dbb5f02c02a7831b6724fb881842cee1dbc10	14.63	16.67	13.04	0.00	0.00	0.00	3	15	20	0	0	5
20120117_tech.ifeng.com_410bbc50ba9655f4391db15ceefb56c5ad5e180b6bf5ac840396d915	25.64	35.71	20.00	0.00	0.00	0.00	5	9	20	0	0	5
20120112_n.yam.com_f92fdced5e4be2139b8e897c025b35de76fabdb18ac87ac5dd593557	5.56	12.50	3.57	0.00	0.00	0.00	1	7	27	0	0	9
20120112_ent.ifeng.com_3757306393115444b85eae5266985f584050c0c1cde9435316f39d4c	4.65	8.33	3.23	0.00	0.00	0.00	1	11	30	0	0	11
20120117_money.163.com_bdfd8f24bfa1e0b6d3e6331a324692fb0bbb3cf5e33e7a7ab9ce2fcb	16.67	23.08	13.04	0.00	0.00	0.00	3	10	20	0	0	5
20120112_big5.chinabroadcast.cn_97ce5c1e5e2afdcf25e922656dc9cee09adfcd438b870ff75ce8eb0c	10.75	17.86	7.69	0.00	0.00	0.00	5	23	60	0	0	23
20120117_news.xinmin.cn_2cb0611a8b127e6691ecf5e74bd678122ffceabd2f9bfced1609dc8f	7.41	9.09	6.25	0.00	0.00	0.00	1	10	15	0	0	4
20120112_news.chinatimes.com_2c6830cb4ef222e390a9c10458cd2d16bda63ff3ad77bce0a44e2f48	6.90	12.50	4.76	0.00	0.00	0.00	1	7	20	0	0	5
20120117_mobile.zol.com.cn_10484cc04adb40a124682ed2b4195ca1e8df834140423ed40b843e87	13.89	11.63	17.24	0.00	0.00	0.00	5	38	24	0	0	5
20120112_tj.city.ifeng.com_eacd6662fcb791a31d1e77086fe2c8f25b27970758849a0fec4a380c	7.41	25.00	4.35	0.00	0.00	0.00	1	3	22	0	0	6
20120112_www.nownews.com_0c2832265b4c9990bcc1f9f12e94255e1f8d13e1dae64663a668a6ff	13.95	37.50	8.57	0.00	0.00	0.00	3	5	32	0	0	11
20120112_udn.com_342af737e175ff055fc4e886b5f7b268eb8e120f7669eda3a72a4413	29.63	80.00	18.18	0.00	0.00	0.00	4	1	18	0	0	4
20111215_sports.people.com.cn_3d1672665c9c9ccb6c358cfe0a31d6c9715478ad3b717c6489e1a301	3.45	4.35	2.86	0.00	0.00	0.00	1	22	34	0	0	12
20120112_www.rthk.org.hk_bf78a78db3d2d312349005b14c3c87b311ad0a976bd9002dc7b7f5e9	93.66	98.52	89.26	0.00	0.00	0.00	133	2	16	0	0	5
20120112_news.sina.com.cn_985473722068f399bc3b5adb437f217d40671b91dae183a15fa2f1fb	8.00	20.00	5.00	0.00	0.00	0.00	1	4	19	0	0	5
20120112_www.chinanews.com_0d42564bf0e1f05cd8f867ce4d5c8eeb7efb50a1814840d3e4f53f86	5.88	11.11	4.00	0.00	0.00	0.00	1	8	24	0	0	8
20120112_www.chinanews.com_ef36a14b64d4ea5e682eec23bd10cf2763a1bd71efe89fee0b52132e	6.06	12.50	4.00	0.00	0.00	0.00	1	7	24	0	0	7
20120117_big5.xinhuanet.com_cffc5fc21749735fd1057d7ba462c92d432b4b1a0b77ae24af739d78	5.13	10.00	3.45	0.00	0.00	0.00	1	9	28	0	0	10
20120117_digital.sina.com.hk_d58be09cd51f01199937278c7301fe362a58d5408a160e28d2a12646	36.78	40.00	34.04	0.00	0.00	0.00	16	24	31	0	0	8
20120112_life.chinatimes.com_8167f3a10d4334a46d0afd693aba4a18dbfab0af043d3ba475f87737	5.13	8.33	3.70	0.00	0.00	0.00	1	11	26	0	0	7
20120112_money.163.com_da3bc160cddd146f1ef435af92a61f401958ac081308d8ca4d3417ba	7.59	23.08	4.55	0.00	0.00	0.00	3	10	63	0	0	7
20120112_hn.rednet.cn_a74ac5a036bb33f3b19664fdf309300cce611e25bc6e34d456b326ef	9.30	13.33	7.14	0.00	0.00	0.00	2	13	26	0	0	7
20120112_big5.xinhuanet.com_a1ee8ab4c6279970f32f5e4825bc820071dea2bdf5e69cee3e8d49a7	3.92	12.50	2.33	0.00	0.00	0.00	1	7	42	0	0	15
20120117_www.cnwnews.com_6e9c8a6ddd6a34dde0cfe01bba63d2b9ce126a0458783549570a94ff	6.25	16.67	3.85	0.00	0.00	0.00	1	5	25	0	0	7
20111215_www.northnews.cn_e23d84fd6338f8d3e35a344776e9f9e58be611317970b0ad18e9cb61	7.41	50.00	4.00	0.00	0.00	0.00	1	1	24	0	0	6
20120117_paper.wenweipo.com_e47d996999e780b9e1f702e30eb7a8090cbf7202527d89ba8b6c7984	7.41	16.67	4.76	0.00	0.00	0.00	1	5	20	0	0	6
20120112_n.yam.com_8f3cfbc3814427718278ea4562d3b3ab2ae4c3cd03e2ef402f7d2276	7.69	14.29	5.26	0.00	0.00	0.00	1	6	18	0	0	5
20120117_www.china.com.cn_ac8037241a0626714878920aca605bdc2c911931adbaa83d35632ebc	8.00	16.67	5.26	0.00	0.00	0.00	1	5	18	0	0	5
20120117_news.xinmin.cn_14ecfdc14c8464a220897fa1ee0cffebb7410cae512d1d0c584014df	23.08	37.50	16.67	0.00	0.00	0.00	3	5	15	0	0	4
20120112_udn.com_2f4215a549c484488ce970fc6f05c65eb80623068a7ad607e48c3fe9	9.52	22.22	6.06	0.00	0.00	0.00	2	7	31	0	0	11
20120112_news.qq.com_f11d06395aec6a2c1b7aac04b2ffc1064a35563d2da49f6c011548ee	4.55	10.00	2.94	0.00	0.00	0.00	1	9	33	0	0	13
20120117_news.sina.com.tw_7c24ea1f4271c89d52c4b2eb9d391596942e0627a1fd7f660f7cdd51	25.64	38.46	19.23	0.00	0.00	0.00	5	8	21	0	0	6
20120112_mag.udn.com_942deb63b7b6a47114f706960db7f2185d75dbea40451a5de26b882c	16.00	40.00	10.00	0.00	0.00	0.00	2	3	18	0	0	5
20111209_finance.ce.cn_3d5502a97074009069edc19ec55e81c69c63cd2f8d07142b7229888f	5.26	12.50	3.33	0.00	0.00	0.00	1	7	29	0	0	7
20120117_finance.china.com.cn_8e0709ca02bc51379a22839e464be316eace735684ffd784f6364743	2.94	4.35	2.22	0.00	0.00	0.00	1	22	44	0	0	15
20120117_big5.xinhuanet.com_6b134d37a1efd0307394a6ddb519b6802a33cfbdb0384e4d94bec07a	2.94	6.67	1.89	0.00	0.00	0.00	1	14	52	0	0	15
20120112_www.jfdaily.com_f40aa67c767b23182efd033042919b7070cbcf942925fac6db90f7f2	4.65	12.50	2.86	0.00	0.00	0.00	1	7	34	0	0	10
20120117_finance.ifeng.com_973184e40ce00aa1aebf62f752d3feff2d1a0d1eb7a3615213edb345	20.25	44.44	13.11	0.00	0.00	0.00	8	10	53	0	0	23
20120112_culture.022china.com_6dc46fba547cc3704402818ca1ab2ea4b6a4afcd444229231bf37c49	3.74	14.29	2.15	0.00	0.00	0.00	2	12	91	0	0	39
20120117_kuaixun.stcn.com_e171c405a53272cc5ce2cf64d04f5dddc8c820eaa4741a0d6edb121f	4.88	16.67	2.86	0.00	0.00	0.00	1	5	34	0	0	12
20111215_www.21cbh.com_ab4ae925bcdda1732314dc4d99fcd0a7115d7516a7db76038cbfe6a8	19.23	29.41	14.29	0.00	0.00	0.00	5	12	30	0	0	12
20120112_society.people.com.cn_f96bef8dd8dd83e4e7db554f4e3b1ab4c75e7bfe5bdd672fe588e6d6	5.71	12.50	3.70	0.00	0.00	0.00	1	7	26	0	0	8
20120117_news.sina.com.tw_775530076d9434f5dc3ccdf1c2cd82631bc11945a7b954e4ec0c1970	6.06	12.50	4.00	0.00	0.00	0.00	1	7	24	0	0	7
20111215_news.sznews.com_665c65550e50d3160d0f99a19a870b354d409f8d8fa78d8e4cf3b18b	23.08	26.09	20.69	0.00	0.00	0.00	6	17	23	0	0	8
20120112_industry.caijing.com.cn_00b39c750cde8f4cb7a5e827367afd0294bbaa46d3b0549e38089721	7.14	12.50	5.00	0.00	0.00	0.00	1	7	19	0	0	5
20120112_member.nownews.com_9bff5ff13f74a1c27c48a85959e71238f5904b846dfbb775edf7de78	15.79	37.50	10.00	0.00	0.00	0.00	3	5	27	0	0	10
20120117_www.northnews.cn_1e4b87745be2353d3ce97a3a676ff9f337516ade647419ebce48c466	9.52	22.22	6.06	0.00	0.00	0.00	2	7	31	0	0	9
20120112_finance.sina.com.cn_500d9ad8476f99fd94a4d87b21004e29fc8ab5e801e66de9e0fb85b1	26.67	40.00	20.00	0.00	0.00	0.00	4	6	16	0	0	4
20120112_big5.xinhuanet.com_bd86ea16c5a40581dec6eea9b83b9b26c31cadb60caa30f6095f0973	2.45	5.71	1.56	0.00	0.00	0.00	2	33	126	0	0	38
20120112_life.chinatimes.com_5375b75269ebe534bfb781bcbb5de122298e963b53fd9f39f1c5ce9b	10.00	22.22	6.45	0.00	0.00	0.00	2	7	29	0	0	8
20120117_news.enorth.com.cn_6ee7f983f05db784a462d56145f367a4bb5f6f7eafc97b770d311aae	5.26	9.09	3.70	0.00	0.00	0.00	1	10	26	0	0	8
20111209_tech.sina.com.cn_0fa41e8e44da0e347e00b35c8bca43b2eea9d8ec4cfb184f4b5a1be9	4.44	6.45	3.39	0.00	0.00	0.00	2	29	57	0	0	23
20120117_www.chinanews.com_f8eed4bedbc707cab2fe2d6714584d20d152a65baa8c45ece84a0e47	13.64	25.00	9.38	0.00	0.00	0.00	3	9	29	0	0	10
20120112_tw.nextmedia.com_29e421c116f30e792e026307f51b9edad9528edafd87b290d0274d39	17.65	37.50	11.54	0.00	0.00	0.00	3	5	23	0	0	7
20120112_news.163.com_071f8254e4e07bc153e281b906f0b2ab98338096b5766aacfbe1ace7	5.56	6.67	4.76	0.00	0.00	0.00	2	28	40	0	0	16
20120117_tech.qq.com_6c0927d372ff073d73475cb08a337d1710c79e73b96517bec98c70ad	10.53	16.00	7.84	0.00	0.00	0.00	4	21	47	0	0	20
20120117_www.rthk.org.hk_759b2539f69b42beee6bbfd7f5be90674f70dc5ba2e33c7dd8435b26	94.19	98.78	90.00	0.00	0.00	0.00	162	2	18	0	0	6
20111215_finance.21cn.com_72492fd2416003138515bf1b35a2ca68beb6acacad5d32e8d60c6099	11.76	100.00	6.25	0.00	0.00	0.00	1	0	15	0	0	4
20120117_china.huanqiu.com_d2c777d242ace89d839acfe793a33878692328a4796064c8e1e15ab4	10.99	15.15	8.62	0.00	0.00	0.00	5	28	53	0	0	18
20111209_www.chinanews.com_c33212fef73852f32ce70eecbf6d1082f0704f6999ab1284e9713049	6.90	20.00	4.17	0.00	0.00	0.00	1	4	23	0	0	6
20120117_news.sina.com.hk_e7c77b54e900491cc397c797762539575283fca2e828e2a88853390f	12.12	18.18	9.09	0.00	0.00	0.00	2	9	20	0	0	6
20111215_finance.ifeng.com_c0f165a436f45895615d48be9b4d5678f953716f69941703566676da	34.57	46.67	27.45	0.00	0.00	0.00	14	16	37	0	0	14
20120117_news.pts.org.tw_9c1ca2e19c056671c36d88c0abcffff6a4852595718c9cf99b40b099	27.78	62.50	17.86	0.00	0.00	0.00	5	3	23	0	0	7
20120117_member.nownews.com_df1f0f17386babc017d972da4b1ec6df43a8f23d63e99ba2912d4465	13.79	33.33	8.70	0.00	0.00	0.00	2	4	21	0	0	7
20120112_udn.com_069a6404d761f9512dc9c792ce276edb5f5a70395c6cdde5ffe03ca8	8.33	25.00	5.00	0.00	0.00	0.00	1	3	19	0	0	5
20120112_www.chinanews.com_6207629cafc417d54bd1822bf064edef11155c2ed09c7f09ace45030	13.79	28.57	9.09	0.00	0.00	0.00	2	5	20	0	0	6
20120112_finance.ifeng.com_e984685acc19b80005c103b26c17f296c5e0d63a6f86259fa732655e	30.77	45.16	23.33	0.00	0.00	0.00	14	17	46	0	0	18
20120112_www.rthk.org.hk_3fa6ba24ddf21038c806243d9250f7dd65e956c44bb0d66b38df515f	93.39	98.26	88.98	0.00	0.00	0.00	113	2	14	0	0	4
20120112_go.rss.sina.com.cn_24ddac9a1bfef9be8eafccf633693a7180fec542d76c4bc5971c7aac	5.13	6.67	4.17	0.00	0.00	0.00	1	14	23	0	0	7
20120112_news.dayoo.com_c093de289ad8f3a38e5898ec1aa75c421ee6df4982f1184468aa81a8	5.56	11.11	3.70	0.00	0.00	0.00	1	8	26	0	0	9
20120112_life.chinatimes.com_f2b03064413fb3f29ec544284a4c37e176b9779b924a3eb0e7f9bbc8	10.00	25.00	6.25	0.00	0.00	0.00	2	6	30	0	0	8
20120112_gz.city.ifeng.com_5faabba85385732ce21176a59737a212aee171dc95486c8ae6befade	26.67	46.15	18.75	0.00	0.00	0.00	6	7	26	0	0	8
20111215_news.163.com_be39e43bfc00972faf58aaa02c4f652b6540e14bcabf53d55f5c6227	18.18	21.43	15.79	0.00	0.00	0.00	3	11	16	0	0	4
20120117_forex.stockstar.com_e1e7aacd608484bdc815aa4366f24bf40d84f35a91150765ec9e8a9c	11.76	37.50	6.98	0.00	0.00	0.00	3	5	40	0	0	11
20120117_news.sohu.com_71b0d2b363838a6477905ac1b9c0292065a1491d6a5b87276480f325	3.64	4.76	2.94	0.00	0.00	0.00	1	20	33	0	0	13
20120112_news.163.com_423dcc6f1890ea97207f595d3bef884f4cadab6ab9d9b59b4de51503	29.79	36.84	25.00	0.00	0.00	0.00	7	12	21	0	0	7
20120112_tech.ifeng.com_09424b1981850aa5874a0a55ca065ff09e5040330d414f6f1ef816bf	11.11	15.62	8.62	0.00	0.00	0.00	5	27	53	0	0	22
20111215_forex.cnfol.com_528b6e2f1de2c8cd914b514349d4c628e6223216acc0c41bca9f1385	6.67	20.00	4.00	0.00	0.00	0.00	1	4	24	0	0	8
20120112_big5.xinhuanet.com_28822805df60a88e4f7fea9bd8eb6ac872ea6fc8a1bc3292815b7aef	5.88	12.50	3.85	0.00	0.00	0.00	1	7	25	0	0	8
20120112_udn.com_7ea3bdf1c581a97fc0bb4cb65238ee8654d8e686ecfe3b3f6fc72fd9	10.53	100.00	5.56	0.00	0.00	0.00	1	0	17	0	0	4
20120112_big5.xinhuanet.com_3b15b7f406057721838871fb6a127b5f56d2919ae1e20fe93ad06bea	5.56	6.25	5.00	0.00	0.00	0.00	1	15	19	0	0	6
20120117_opinion.xinmin.cn_b41f51e1699a2f2dfb3263e7186acad56a54050a727892f7dda4a15a	4.88	6.67	3.85	0.00	0.00	0.00	1	14	25	0	0	9
20120117_www.qianhuaweb.com_eb20190231e819e4b36175e1e47cdb60926962bb571b553262c79fda	37.84	63.64	26.92	0.00	0.00	0.00	7	4	19	0	0	4
20111215_finance.sina.com.cn_72e244ae284a4d40ac52c926f406812dd72eadc02f12deafd566313d	6.45	10.00	4.76	0.00	0.00	0.00	1	9	20	0	0	6
20120112_www.uho.com.tw_2c3f2218e0d32345df28403deb9d491893b7900ddc7fb0dfdd9580af	8.70	16.67	5.88	0.00	0.00	0.00	1	5	16	0	0	5
20120117_news.cnyes.com_c580070bd60454f069cb44793979feda83c24cd9abe8f548d9fcc047	4.44	7.14	3.23	0.00	0.00	0.00	1	13	30	0	0	11
20120112_news.sina.com.tw_3fe60cd97548054df21ce1df8ccc3a71d95b8ce1e32e835e81e9c603	6.67	16.67	4.17	0.00	0.00	0.00	1	5	23	0	0	7
20120112_life.chinatimes.com_942e9ba4feb71e04eab736c48700f353c1bf0a49e1250f1ec7b01797	6.06	10.00	4.35	0.00	0.00	0.00	1	9	22	0	0	6
20120112_china.huanqiu.com_1c09bdbbd795ff67a2471bf5a68e0d75af6914ee434bb5746ee6ca30	4.88	6.25	4.00	0.00	0.00	0.00	1	15	24	0	0	7
20120112_news.sina.com.hk_ff2be5ebee5593f31aedccde2d5b9b8bbb9275a71f42f20e889892cd	10.26	14.29	8.00	0.00	0.00	0.00	2	12	23	0	0	8
20120117_news.chinatimes.com_441bb75958d83ac50592f10d74f9ffe6cec666b944738f32a67e3177	6.90	25.00	4.00	0.00	0.00	0.00	1	3	24	0	0	6
20111215_finance.sina.com.cn_b4281b0d135bb57d6480175f6415fa439f03ea5d6c397992f3a75b93	3.12	6.25	2.08	0.00	0.00	0.00	1	15	47	0	0	15
20120117_news.sina.com.hk_9991c167586e783988fe63566bea957ed525434f3dce3db6ef1906c0	1.83	4.35	1.16	0.00	0.00	0.00	1	22	85	0	0	38
20120112_big5.xinhuanet.com_067c5a9f23f01e3574177e7f0493b101be13b4aa46555c1fc72431a0	19.44	36.84	13.21	0.00	0.00	0.00	7	12	46	0	0	12
20120112_big5.chinabroadcast.cn_d17554b6c2b18170b7efdf3c9763b9fd2653ce11801431d1a36d1616	15.62	20.83	12.50	0.00	0.00	0.00	5	19	35	0	0	10
20120112_news.sina.com.hk_e4caac45faf32a1dda0e0ac0c6de6ef76bf0d84bb56c6297f7daaf4d	10.26	14.29	8.00	0.00	0.00	0.00	2	12	23	0	0	8
20120117_www.winandmac.com_6096fd61610c8bd5f2ffa671489d1ae524cb4e24d961344266d19581	9.76	50.00	5.41	0.00	0.00	0.00	2	2	35	0	0	7
20111215_go.rss.sina.com.cn_aafeeba11e45e7ebb2aed4383820f37e750b7379b36d54da6348307d	6.25	20.00	3.70	0.00	0.00	0.00	1	4	26	0	0	9
20120112_news.chinatimes.com_ed7743675e4bd1dc79f05b251c3a15f87958d281604c63cc9d579c08	4.26	5.88	3.33	0.00	0.00	0.00	1	16	29	0	0	8
20120112_tw.nextmedia.com_bd0f48b98a8263bc8a10e1549c2084270e050ec9b24957ae3d762173	18.18	57.14	10.81	0.00	0.00	0.00	4	3	33	0	0	8
20120117_big5.xinhuanet.com_f5374f5f3558e312499e2d566889a4ce37bf85d7dc4c5883503aa5fd	3.03	9.09	1.82	0.00	0.00	0.00	1	10	54	0	0	15
20120112_finance.qianlong.com_c4af251ce5239b5a8f0b97482cf14ff0b43c6e7f4e79bc5a3c05f1a6	6.96	12.90	4.76	0.00	0.00	0.00	4	27	80	0	0	25
20120112_finance.ifeng.com_48b602dcda8a8a6edf2ab84f49bf249b2dbb9175a5306619cc2ac0fb	11.76	25.00	7.69	0.00	0.00	0.00	2	6	24	0	0	8
20120112_www.libertytimes.com.tw_4c7bb261254fe02139c605c4de4442f869687028369d86bd684e1ba5	17.65	37.50	11.54	0.00	0.00	0.00	3	5	23	0	0	8
20120117_tech.sina.com.cn_f1f63b817263016dc00795e1741809e6bee2a7c5fc776ebd259e2987	4.55	8.33	3.12	0.00	0.00	0.00	1	11	31	0	0	11
20120112_she.21cn.com_fe4eb44b6fdfce19f998a1cc14ff55371153c3f0b44b3c80a9b3f8bc	4.76	11.11	3.03	0.00	0.00	0.00	1	8	32	0	0	12
20120117_news.sina.com.hk_e96aad2b52dc3cf359b0049ed030ef564f7c51776b9e6ebd577aaf00	9.52	100.00	5.00	0.00	0.00	0.00	1	0	19	0	0	6
20120117_china.huanqiu.com_b95510ca596d0af60513e740cb914ebd7f27411e0fde1407b7cbab54	12.12	22.22	8.33	0.00	0.00	0.00	2	7	22	0	0	6
20120112_ent.xinmin.cn_0db9b967d94c7f550ccfa1dd403bb59a1e1de84fb15693e363e59a77	10.53	16.67	7.69	0.00	0.00	0.00	2	10	24	0	0	9
20120112_www.uho.com.tw_32bc40bd0bc9d207c376626e243ff012c92cac2f3ea4a4380385d583	4.17	7.69	2.86	0.00	0.00	0.00	1	12	34	0	0	13
20120117_tech.sina.com.cn_6e87a74d529396125ddc762bc507b933bdd0c5105f79987823ecba21	5.26	8.33	3.85	0.00	0.00	0.00	1	11	25	0	0	9
20111209_www.jjckb.cn_809057d35be62051c6ef1809e0074d58c5103d12311d6dd262b627f3	8.70	11.76	6.90	0.00	0.00	0.00	2	15	27	0	0	8
20120117_www.info.gov.hk_a73df9451f7379846888b850e59c98ac882841da8dad078d971b2e9d	5.13	10.00	3.45	0.00	0.00	0.00	1	9	28	0	0	11
20120112_www.nownews.com_bc1bd14d807d8cd9400833fab9f4353de5affae799096d1764c77f47	15.38	27.27	10.71	0.00	0.00	0.00	3	8	25	0	0	9
20111209_health.gansudaily.com.cn_b4a2b4f9fb57b14640abc255cec98ec7181910d192a09f395381ba5b	2.86	6.25	1.85	0.00	0.00	0.00	1	15	53	0	0	19
20120117_jiangxi.jxnews.com.cn_751d65a6c83df16f9e746344b3746a59579f6e3c402a9e783d472c83	7.02	12.50	4.88	0.00	0.00	0.00	2	14	39	0	0	15
20120117_www.uho.com.tw_0639020b3d2e9af949978be2d7e737c007a0d1162131e64ebbabf7ee	38.71	66.67	27.27	0.00	0.00	0.00	6	3	16	0	0	5
20120117_life.chinatimes.com_0aba93f6b00d18cb3c6ce60071348201fe56c72eb2e68fde0857c741	10.17	13.64	8.11	0.00	0.00	0.00	3	19	34	0	0	10
20111215_ent.xinmin.cn_1cd6050e9f77f3314a3f98deeabc518c80418a2de36b12044ad4f6b2	7.69	9.09	6.67	0.00	0.00	0.00	1	10	14	0	0	3
20111209_www.northnews.cn_6d7157bb05c044fdf69969f5642639279ae52011260b30030242959c	6.25	9.09	4.76	0.00	0.00	0.00	1	10	20	0	0	5
20120112_world.huanqiu.com_4fe7de24e1aa854c60d16002f0f300ac9ea3e841f524ecf76c494884	18.18	28.57	13.33	0.00	0.00	0.00	4	10	26	0	0	8
20120117_news.southcn.com_04699069dcb197048aeeeccc0ea9e8215bb0af0aa07a3ea025db9fee	6.35	9.52	4.76	0.00	0.00	0.00	2	19	40	0	0	16
20120117_roll.sohu.com_893bd21ab2410a42e88b5c5d49a761e5676741f05173eed7fd8868cf	9.09	10.00	8.33	0.00	0.00	0.00	2	18	22	0	0	6
20120112_finance.ifeng.com_f010ebf42fdd1cfefb5d406ea60a0b04b13e0e7dd6d712a3913f8525	17.14	25.00	13.04	0.00	0.00	0.00	3	9	20	0	0	6
20120112_finance.ifeng.com_2fac790edf3ac633a0f9670ee3580ff38cd1beea9154e3e8f8adfdf9	26.79	93.75	15.62	0.00	0.00	0.00	15	1	81	0	0	21
20120112_tech.sina.com.cn_146a5009d5c95b6295de0134a65ccf1fa0b06579957e54d0694d7485	4.55	20.00	2.56	0.00	0.00	0.00	1	4	38	0	0	15
20120112_news.chinatimes.com_27ca59a4fdc618b9374f9c71f486e9f9e4138647c4171c8e8b6d4b3d	3.70	6.67	2.56	0.00	0.00	0.00	1	14	38	0	0	11
20120112_www.hinews.cn_39afff3b049fd8f723cdc7d861cbe0f501acb5fc28852854b1227018	40.00	57.14	30.77	0.00	0.00	0.00	12	9	27	0	0	9
20120112_news.shangdu.com_6c39601ba44884a73584cedc0b1c1d6f83a5bf44c64e025f38892e76	16.09	30.43	10.94	0.00	0.00	0.00	7	16	57	0	0	20
20120112_news.xinhuanet.com_11d60eb69d695ea88e4b397e538217b97d29c9a492113ccfd0975f81	4.88	9.09	3.33	0.00	0.00	0.00	1	10	29	0	0	11
20120117_www.china.com.cn_91da541ce0539d9d3723b4ab72c41b25d2b45797989a0007a4806a51	1.47	11.11	0.78	0.00	0.00	0.00	2	16	253	0	0	111
20120117_www.uho.com.tw_8e1bf0b010cf550e76e89ad1c65a2cbb2df903d47059f5628a66c902	33.33	45.45	26.32	0.00	0.00	0.00	5	6	14	0	0	4
20120117_www.chinanews.com_827420b264cbf97b94be529b699e91847f495a478b68e8112d642670	11.43	22.22	7.69	0.00	0.00	0.00	2	7	24	0	0	8
20120117_it.21cn.com_a994928202b96f7f47e6ece7541eee09640e904c1b6fd0a988f33a22	13.33	100.00	7.14	0.00	0.00	0.00	1	0	13	0	0	3
20120117_go.rss.sina.com.cn_c40fba71784df419d444374400da23b694abdbeba3bd83e7a0ee7e31	15.38	25.00	11.11	0.00	0.00	0.00	2	6	16	0	0	4
20120112_www.bcc.com.tw_b135ef130c1b6ce1e9ea796f6c5c31fc660b7f37fc8d5b4918ff18e3	12.50	33.33	7.69	0.00	0.00	0.00	2	4	24	0	0	6
20120117_udn.com_6b64985d86dd97aee7289e88e86b399700bd9c64f3b604ff77460df9	8.00	20.00	5.00	0.00	0.00	0.00	1	4	19	0	0	5
20120112_finance.chinanews.com_789fa38ec0832ab08ea096ae4da27027348b03cdce07947139a976c4	7.69	11.76	5.71	0.00	0.00	0.00	2	15	33	0	0	13
20120112_www.uho.com.tw_4a1dec4063a44b31257fc298a0eda039272d5c2bcbfb25d118ca2b9d	12.90	22.22	9.09	0.00	0.00	0.00	2	7	20	0	0	7
20111215_finance.ifeng.com_7d04f1d2e8c9b8fbbb881f9a1ddc87c70f62f7447519c98c8237cc37	2.47	20.00	1.32	0.00	0.00	0.00	1	4	75	0	0	30
20120112_news.nen.com.cn_a94a3937aff804851d251ace9f067ff0de5cb44a4eba3d13a788cd20	28.57	36.36	23.53	0.00	0.00	0.00	8	14	26	0	0	8
20111215_china.huanqiu.com_a3352f652d9341b71040c08ca26452b2aba1713d07a02b30a4ca435c	6.90	14.29	4.55	0.00	0.00	0.00	1	6	21	0	0	6
20120112_www.rthk.org.hk_1d0f07542811e6c4acff6729aa98dfceb74433676bdbe28f45e120c4	95.85	99.05	92.86	0.00	0.00	0.00	208	2	16	0	0	5
20120117_house.hexun.com_1ebd10e947e17430454e0cc2e99af431befb2b657a2adda011e4b338	10.81	15.38	8.33	0.00	0.00	0.00	2	11	22	0	0	7
20120117_big5.xinhuanet.com_98c2623199ad80aa98fb1304f7ab1466c76791d19d538611826722fd	1.61	12.50	0.86	0.00	0.00	0.00	1	7	115	0	0	54
20111209_www.jmnews.com.cn_836a5cff9afc4bc08470ed278a5313ecd25063f349690f5b7587e10d	1.41	7.14	0.78	0.00	0.00	0.00	1	13	127	0	0	58
20120117_www.chinanews.com_a91fffbb9064276890163e5a6635c446acda226eb2b4c70c7945d7b6	5.88	10.00	4.17	0.00	0.00	0.00	1	9	23	0	0	7
20120112_scitech.people.com.cn_a847bc0018ca7dace04537569f26bfb5d1541212c3fcc5ee4413cf6a	5.88	14.29	3.70	0.00	0.00	0.00	1	6	26	0	0	8
20120117_mil.news.sina.com.cn_29ccce1a9b85d5c1731ddb4207e256632393ebf717dd28b406de3bcc	8.33	16.67	5.56	0.00	0.00	0.00	1	5	17	0	0	5
20120112_stock.caijing.com.cn_b3cde78193e760df33f1f9854d7d9a58d8cb691bb0e954357c6471ed	5.13	7.69	3.85	0.00	0.00	0.00	1	12	25	0	0	8
20120117_news.gxnews.com.cn_557ec750d00913f6aff0bcc9ec0ac885ecc095d1eb663cc8fb3168f3	8.16	11.11	6.45	0.00	0.00	0.00	2	16	29	0	0	9
20120112_hk.stockstar.com_ea996c90b2fc7abd1594d169e5f58eed15430250f995a064cf7bd5f0	7.41	11.54	5.45	0.00	0.00	0.00	3	23	52	0	0	20
20120117_finance.qq.com_2935eae00fc5cdd02c9a342a6afc52e12511dc42186f0a2232c9d1b2	1.71	3.85	1.10	0.00	0.00	0.00	1	25	90	0	0	37
20120112_www.uho.com.tw_4ff841a922d4400a718c51078f658d11ea542a468d15539ef4b7afc9	8.00	12.50	5.88	0.00	0.00	0.00	1	7	16	0	0	5
20111215_news.hexun.com_58269337f0d6202b935a82bb76f86eac43ea68b47a6403503f7c5753	8.00	25.00	4.76	0.00	0.00	0.00	1	3	20	0	0	6
20120117_news.sina.com.hk_00274cccff0282d0019f27b24a08c81f809aa9c849dce9b9e470d38a	11.11	100.00	5.88	0.00	0.00	0.00	1	0	16	0	0	4
20120117_stocks.caixun.com_5d551fc56ba4ef2dfaf84e04c9f2cd838f03bee389fe18fe774995d9	28.57	55.56	19.23	0.00	0.00	0.00	5	4	21	0	0	5
20120112_udn.com_4a1ec2485ee3b365756d6ef54d7fc48da269424e034fc32110ccd782	21.62	66.67	12.90	0.00	0.00	0.00	4	2	27	0	0	9
20120112_caicai98.tom.com_9db27db386bacbbd583df2fb224d14dd6ad0efb97c1173c4aa1364e9	12.77	18.18	9.84	0.00	0.00	0.00	6	27	55	0	0	24
20120117_international.caixun.com_3fc603e537ba39c62e8b40234e20f2ae49e2e6f8d913bc3829db6b55	26.42	46.67	18.42	0.00	0.00	0.00	7	8	31	0	0	10
20120112_www.chinareviewnews.com_8274e9ccd1eb2b59aafac6fa530126b4d00065d5e6b925a4e2ddce49	4.76	12.50	2.94	0.00	0.00	0.00	1	7	33	0	0	9
20120117_udn.com_7b8a37aa35f6669dccf62fe78b9dd9e74c191a4b0700c0a16e225be9	11.11	28.57	6.90	0.00	0.00	0.00	2	5	27	0	0	9
20120112_news-hzrb.hangzhou.com.cn_2718a32fa63a93254cd7bdf9abaf1ba2d7efef50de79d58230fca45e	3.92	5.56	3.03	0.00	0.00	0.00	1	17	32	0	0	12
20111209_economy.caixun.com_61cdc75b74d7e62c67f6faaad2358df69f4181058fd11bfb5731fbc6	5.41	100.00	2.78	0.00	0.00	0.00	1	0	35	0	0	12
20120117_life.chinatimes.com_f0be4c6348ef44ecc27be106d40f9ae9852fe7787cb2c507c1992342	5.88	14.29	3.70	0.00	0.00	0.00	1	6	26	0	0	7
20111215_sports.xinmin.cn_9ab32765396b09f5409700d4aff5ac3bd96909d2a9e79c1fba5883ad	6.06	9.09	4.55	0.00	0.00	0.00	1	10	21	0	0	6
20120112_www.bltv.tv_d2056bef300fcb6673039b47862a7a042ccfe27d52d14c907fa491f9	6.90	20.00	4.17	0.00	0.00	0.00	1	4	23	0	0	7
20120112_sh.sina.com.cn_500d5839bd615b23f11654f9800eae2aa3007dd98ac2bb58cc91155b	28.57	57.14	19.05	0.00	0.00	0.00	4	3	17	0	0	5
20120112_www.bcc.com.tw_ae852d2e26054a082748579cc114cf2522304746d8f4ad481fd0bf08	12.90	33.33	8.00	0.00	0.00	0.00	2	4	23	0	0	6
20120112_udn.com_33554e0a5a336d4826c34ab169ab18c7270b96bdd917d51981201243	9.09	33.33	5.26	0.00	0.00	0.00	1	2	18	0	0	5
20120112_news.sina.com.tw_a93cb0df09f78a2fdc8ab8e09275bb397f35103a5d516b989b79633f	35.29	50.00	27.27	0.00	0.00	0.00	6	6	16	0	0	5
20111209_news.e23.cn_158cf8fb40270cfb38a237073326f0ea613cfe41d0ca91f53c9dd0e2	6.45	14.29	4.17	0.00	0.00	0.00	1	6	23	0	0	7
20120112_big5.xinhuanet.com_69906130d31fd7f86a699304b77148ac6439bc1f974bec6d7613d609	24.66	34.62	19.15	0.00	0.00	0.00	9	17	38	0	0	11
20120112_news.163.com_972ac77d9dbee30d44fdafd1cc3af17f165f4ecf3d7eed587b7e719c	14.29	17.65	12.00	0.00	0.00	0.00	3	14	22	0	0	7
20120117_big5.soundofhope.org_ef3857eced591d92246d03d63f780a456d36c2550eb462531fae353c	14.29	40.00	8.70	0.00	0.00	0.00	2	3	21	0	0	6
20120112_news.dayoo.com_53bc99dd6fc29717781dec556d511b31c4c23a530eca83e69b032945	7.69	16.67	5.00	0.00	0.00	0.00	1	5	19	0	0	5
20120112_www.chinareviewnews.com_c0125aaa65fa2cf1adba344e87534632bb6b92924fbc80df4155519c	7.69	25.00	4.55	0.00	0.00	0.00	1	3	21	0	0	5
20111215_news.163.com_634ff7bfbf47a37fd55afa0aa6594ff1dd6af6e50f3dda71c2e7f7ea	14.29	18.18	11.76	0.00	0.00	0.00	2	9	15	0	0	4
20120112_big5.xinhuanet.com_702859ad6bf0a69bdfff5c3117290986e4c73027706ee2f1c7eaa2fb	4.65	11.11	2.94	0.00	0.00	0.00	1	8	33	0	0	8
20120112_www.uho.com.tw_1098a52efc2bec3700f7398b558346a672f7c67cb542143856a705d8	7.14	14.29	4.76	0.00	0.00	0.00	1	6	20	0	0	7
20120117_finance.ifeng.com_e44f1d7de7e7f21e41c306894c5ef89534a77638dc7f3e9b1c535583	12.50	25.00	8.33	0.00	0.00	0.00	2	6	22	0	0	6
20120112_udn.com_ddb412eba81e24176c36777e9c88dbe3f19360bb49a1e4e0eed7ae1b	8.51	25.00	5.13	0.00	0.00	0.00	2	6	37	0	0	12
20120117_finance.qq.com_445b422fb229f096cd52dfd1aaccfbd80b667fa213cff0a45a980121	26.09	50.00	17.65	0.00	0.00	0.00	3	3	14	0	0	4
20120112_www.nownews.com_8f2e4fb1cab5d1c4a13d026fb497f69cb8d6e32bd6fcf4c80fe4588d	16.22	33.33	10.71	0.00	0.00	0.00	3	6	25	0	0	9
20120117_www.ttv.com.tw_cb231cb6f6db1271a5f66aa008f84aaff22148d7ca6bbaab2ef49725	18.75	37.50	12.50	0.00	0.00	0.00	3	5	21	0	0	3
20120117_news.xinhuanet.com_0bf8ad24afbb0f472aa167f14f9e54dbbb39afeca0e08ad4e9fffe4b	18.00	21.43	15.52	0.00	0.00	0.00	9	33	49	0	0	21
20120117_finance.ifeng.com_4310b3265d50be19b94e7d33b6e9fdec832e6ed8bc0e03ee314d2bf1	20.69	33.33	15.00	0.00	0.00	0.00	3	6	17	0	0	5
20120117_news.163.com_0882117e03052b98c766bd4e15d2e6aa988aabf88d7fd1f0e1f9738a	8.33	10.53	6.90	0.00	0.00	0.00	2	17	27	0	0	9
20120112_udn.com_effeaf198a54aa7965cdb2c92d02c8070e2aab996bb16d6e84965118	16.22	37.50	10.34	0.00	0.00	0.00	3	5	26	0	0	9
20120112_hk.news.yahoo.com_46c8f3836fbaf68c82325edae096d12f37a6423974c59ec4b63f6ac1	5.26	6.67	4.35	0.00	0.00	0.00	1	14	22	0	0	7
20120117_www.google.com_7714f0380b251f633643eb1c3a695affc578e6248d29cd076109c3f0	4.44	7.69	3.12	0.00	0.00	0.00	1	12	31	0	0	10
20120112_www.chinanews.com_590467e35d1cbc5bc66cf381c9200ec839e23bbed9592a39f8d04de1	3.08	5.26	2.17	0.00	0.00	0.00	1	18	45	0	0	19
20120112_finance.qq.com_cebeae44e4d82c4f875375da5bf65ca9239235c9247538399a7901e9	6.67	10.00	5.00	0.00	0.00	0.00	1	9	19	0	0	6
20120112_news.xinmin.cn_a53cab479e553d746ee031a5d874e46ef1232886022643910a4fbc98	16.00	25.00	11.76	0.00	0.00	0.00	2	6	15	0	0	4
20120112_udn.com_bb4aa33edfb58ac14b7346dc6d590191952f272f1777b72f5829a991	12.12	33.33	7.41	0.00	0.00	0.00	2	4	25	0	0	8
20111209_finance.huanqiu.com_4a4563251d29e0fb793c562a5cccf947c4b26a8b5537c7877dfd1dc3	6.45	16.67	4.00	0.00	0.00	0.00	1	5	24	0	0	8
20120117_news.ifeng.com_444da3f500caa44e693e0076ef2b9d5f8676448336409c004ec96a5a	7.84	12.50	5.71	0.00	0.00	0.00	2	14	33	0	0	13
20120117_news.163.com_0d1a6453522f125c7b37f7d058f0cf6b9934ed859b6dc81ef49b0687	6.56	11.11	4.65	0.00	0.00	0.00	2	16	41	0	0	16
20120112_finance.ifeng.com_e3e6688c1292a48438cee7d7a34fc6e01f442b6c78c14025fc412c03	10.00	33.33	5.88	0.00	0.00	0.00	1	2	16	0	0	4
20120112_member.nownews.com_173e8ed8c3f20713718f29378fa11ac1cce47824077069f268920ec2	20.00	42.86	13.04	0.00	0.00	0.00	3	4	20	0	0	6
20120117_www.libertytimes.com.tw_9765d08b2688faf175a10de09cc08c9594f0862c9eba888b7d42e4c2	14.81	25.00	10.53	0.00	0.00	0.00	2	6	17	0	0	5
20120117_www.uho.com.tw_b3b5f387a6aa24d56a043c6785a6dba3868003f010b674edac2eec94	7.14	11.11	5.26	0.00	0.00	0.00	1	8	18	0	0	6
20120112_www.awakeningtw.com_7937da7a6f55d79cc32b10aa955312382e916de58793df417bcfe62d	4.65	5.26	4.17	0.00	0.00	0.00	1	18	23	0	0	8
20111209_entertainment.dbw.cn_8fa5bdab49279054df3545634ea584e90ce02a9639ff58106cb9f2ca	12.50	40.00	7.41	0.00	0.00	0.00	2	3	25	0	0	7
20120117_www.fx168.com_0854665d1f6704cee1be6a4d3389d65dccdcd40213fa265f64879684	4.55	6.25	3.57	0.00	0.00	0.00	1	15	27	0	0	5
20120117_news.pts.org.tw_8933d3de91a4a342a463b01867371b3551c774354b0a1ec014d30387	8.33	12.50	6.25	0.00	0.00	0.00	1	7	15	0	0	4
20120117_news.pconline.com.cn_19d5f4b455807797ce881988e9bef6016c30ec90848482f641cf8b52	3.12	6.67	2.04	0.00	0.00	0.00	1	14	48	0	0	21
20120112_news.qq.com_d62600bd16c4754fc47829b7da1e38b868f06cf3a897e14dae2b08a8	14.49	23.81	10.42	0.00	0.00	0.00	5	16	43	0	0	18
20120112_it.21cn.com_47bb405693c7f694106d7802194a6b60f74c191de8edb731fdd0832e	13.33	100.00	7.14	0.00	0.00	0.00	1	0	13	0	0	3
20120112_beijing.jinghua.cn_6c89df3d832cd46b1f18a4338bc5dc841bb430c98e8ac05e9affbd5f	4.08	9.09	2.63	0.00	0.00	0.00	1	10	37	0	0	11
20111209_finance.ifeng.com_ee015223b5a354efa9a52ca00f0482e8b0f3cff28e4435fb8b74075f	18.75	33.33	13.04	0.00	0.00	0.00	3	6	20	0	0	6
20120117_news.sina.com.tw_1d492def559d6387a4424dcc81a419e351a8145449893a38e6778431	57.58	79.17	45.24	0.00	0.00	0.00	19	5	23	0	0	6
20120117_news.zol.com.cn_55b9a9468b63ee326f20ef18684864c4bd7f8cc5ecb25c4fee6af478	46.38	59.26	38.10	0.00	0.00	0.00	16	11	26	0	0	6
20120112_life.chinatimes.com_b1c2bc1336c0d3e26111481b968a74d9fa660cd9baabde79592b2741	5.00	7.14	3.85	0.00	0.00	0.00	1	13	25	0	0	7
