file	F	P	R	F.tag	P.tag	R.tag	TP	FP	FN	TP.tag	FP.tag	FN.tag
20120117_timesofindia.indiatimes.com_22c1d64206e29a0dca411ee86f44ea616b8f8ac5c652cf30f2382385	90.75	90.95	90.56	0.00	0.00	0.00	211	21	22	0	0	7
20120117_www.orissadiary.com_6ac515d4b60cdb80d6746c10ff74c02087e132b7e63fb77b6a5d70a6	91.92	97.07	87.28	0.00	0.00	0.00	199	6	29	0	0	4
20120117_m.smh.com.au_2837b4beda2d9647673c8344773c6914407ae87298d155731de503cd	90.56	92.21	88.97	0.00	0.00	0.00	379	32	47	0	0	20
20111215_www.telegraph.co.uk_c56e99f68fdb6b7f284f287ac8b1133b20ba731b77a8a9cb96d16260	91.46	92.55	90.39	0.00	0.00	0.00	348	28	37	0	0	15
20120112_news.bbc.co.uk_f75ece81098631dbd272e4b34ed73383c37d719c26d1d72a6a080931	91.29	95.87	87.13	0.00	0.00	0.00	325	14	48	0	0	16
20120117_news.nationalpost.com_d014b8d85ef1cbb634831c871b4bdda202e92660d1062b4f19457c02	93.39	93.16	93.62	0.00	0.00	0.00	749	55	51	0	0	22
20120117_visitbulgaria.info_54a20f9f7abb52319ad7988e1b4e1170c4ea3cf97827941b6f9a2624	94.34	95.00	93.70	0.00	0.00	0.00	342	18	23	0	0	8
20120112_online.wsj.com_078a9cdd4b90e6cb0fd7112799485760d0fc0ee223259c46111498e8	2.58	8.73	1.52	0.00	0.00	0.00	11	115	715	0	0	16
20120117_www.cosmosmagazine.com_ca99584dc34b621b196e5469128147ca2a2596f9ef72cb11548df45e	94.65	97.66	91.82	0.00	0.00	0.00	752	18	67	0	0	20
20111215_www.metro.co.uk_59956104e4f612d6f61f5497ddfdfea1352c597763ea33c207929059	86.45	83.39	89.73	0.00	0.00	0.00	236	47	27	0	0	10
20111215_www.guardian.co.uk_bdb75d0a9df1d38d02528b2a05ff19f310e2a3e96dadbe8b92c332af	89.62	85.02	94.76	0.00	0.00	0.00	488	86	27	0	0	8
20111215_www.dailymail.co.uk_3f608d00736156a323ab476a86a3c7bca40bcb05ee1d74ceb546bbd5	78.90	79.16	78.63	0.00	0.00	0.00	357	94	97	0	0	20
20120112_psychcentral.com_d083c6b0c8d0c244d419c175957011d592d58ad75eae67ccc1195938	92.49	91.65	93.33	0.00	0.00	0.00	560	51	40	0	0	14
20120117_www.mirror.co.uk_b9d91e8cabba8832ceed69fd1edbc73b1c204ba6dfd9df89ce4260b4	90.22	91.13	89.33	0.00	0.00	0.00	226	22	27	0	0	10
20120117_www.bbc.co.uk_7b29bbb105b5aa555f5c798457911b5d76b2ceedcf800086b1e75327	91.30	94.65	88.19	0.00	0.00	0.00	336	19	45	0	0	15
20111215_www.dh.gov.uk_0a9cbae2299a36326acfa07e1a72eb684e38363967d46b929f16e7b6	89.43	90.53	88.35	0.00	0.00	0.00	220	23	29	0	0	10
20120117_news.nationalpost.com_72ee301752737078845a7b55b80760e571b4b0ce0605d2fef8354964	92.69	94.73	90.74	0.00	0.00	0.00	647	36	66	0	0	25
20120117_www.kake.com_f53c043c168bfe50334316658bfc69588b8ddcc26efa05a315da78b1	67.95	81.48	58.28	0.00	0.00	0.00	88	20	63	0	0	8
20120112_www.theglobeandmail.com_a82c942896627b03cbdaaad77d3fd77b4d6ffb18f3006e9c2f4784ec	3.34	15.38	1.88	0.00	0.00	0.00	12	66	628	0	0	15
20120112_www.businessweek.com_a005cdc19204ac2e3d4a5b818aa8c77e5968802888d329495c31085c	91.46	92.04	90.88	0.00	0.00	0.00	289	25	29	0	0	11
20120117_www.stuff.co.nz_53ba40796817ab0ee7fe18d7db255eebc0a5de2acb375b7df7b8ab9e	95.50	98.56	92.63	0.00	0.00	0.00	616	9	49	0	0	21
20111215_www.bbc.co.uk_10ad28b17f9e43976b02a6c94273819d431408d013d600dd689c1168	91.36	92.11	90.61	0.00	0.00	0.00	502	43	52	0	0	21
20120112_www.webmd.com_e32ac08f1b45b33ae2008ecd653f647c5b3eada798c6d439717a374d	74.59	94.63	61.56	0.00	0.00	0.00	458	26	286	0	0	28
20120112_www.prnewswire.com_8d259fddc33accecceb54274199d80eb29bca4526ca3ce0efb210d6d	81.63	72.87	92.79	0.00	0.00	0.00	811	302	63	0	0	28
20120112_www.google.com_fa0d9757941c336d81b6a57178537f035510e965958079464a0ade9d	91.17	91.46	90.88	0.00	0.00	0.00	289	27	29	0	0	11
20120117_www.ohio.com_3257efd6ddffd185f2fe02a3033e51b100d23cfe1bbb6974825ab535	86.78	83.59	90.22	0.00	0.00	0.00	489	96	53	0	0	23
20120112_news.sky.com_894e7a03c5dd0220ce188ac32e8eb1ee0cc463613a722b966cf9a2a4	89.31	90.69	87.96	0.00	0.00	0.00	497	51	68	0	0	27
20111215_www.bbc.co.uk_e96f24839be5d51388265d2a50689ac0e3d174c1dcee1d0100219777	64.52	89.69	50.38	0.00	0.00	0.00	200	23	197	0	0	16
20120117_www.cambridgefirst.co.uk_5738cca15743d499f55994f6132bef39d9e0ac6c6709654080d91340	19.22	42.05	12.46	0.00	0.00	0.00	37	51	260	0	0	8
20120112_www.metro.co.uk_63ca8cbe651c3917efb0977f6ea7a4b5fe936b9bd5367591a2f6570c	88.14	89.06	87.24	0.00	0.00	0.00	171	21	25	0	0	9
20120117_www.scotsman.com_9da257b1239aa7ede6b742e611265879c4c71c95ee65f3e21375cc03	88.43	85.95	91.07	0.00	0.00	0.00	581	95	57	0	0	25
20120112_www.cbsnews.com_45aa314d1bba90dfc9b74aedc130fef139c9c92d7c02f72def10138d	95.42	97.03	93.86	0.00	0.00	0.00	718	22	47	0	0	19
20120112_www.webmd.com_252d2169ba7e553ec3c5f51e82c9cb2f7290b97c3ff5e9fe75c6cc16	78.77	87.24	71.80	0.00	0.00	0.00	499	73	196	0	0	26
20111215_www.google.com_f15ae5e3a902a6f4010166ea66e95dd7202bfd7da6da6cdf9eb68bc3	91.92	92.18	91.67	0.00	0.00	0.00	330	28	30	0	0	11
20111215_www.guardian.co.uk_51844ecc39330dff62a070e5c2b90bad74c03e084f1f2456f297d216	94.68	93.66	95.72	0.00	0.00	0.00	872	59	39	0	0	16
20120117_www.latimes.com_4bbc92767919d8d2467d301487a59707c439c8fd97dff978db56ecc0	93.55	95.64	91.54	0.00	0.00	0.00	877	40	81	0	0	21
20120112_www.express.co.uk_2cc333acdf6ed5465ec0d4d7f4458731780f0c07bca31232aa18a858	76.89	68.16	88.20	0.00	0.00	0.00	396	185	53	0	0	18
20120117_www.dailymail.co.uk_56994e6d6576437c4deaf0da93ed39e5e4ef091958832cf3ec83bd6d	69.95	94.96	55.36	0.00	0.00	0.00	320	17	258	0	0	23
20120117_gazette.jhu.edu_47e76623eb1c3d7206d1cb4165d0b85123ddbbf0f2b1dcd64ab40bee	94.72	95.25	94.20	0.00	0.00	0.00	341	17	21	0	0	7
20111215_www.google.com_1dadb7b8b785257c96e75525287128a33660828a93c87864be59ed53	92.11	92.37	91.85	0.00	0.00	0.00	327	27	29	0	0	11
20120117_www.slbc.lk_ffe253f28e00d6fe592352ade540a8794f1fc39629982208652ab870	92.37	95.61	89.34	0.00	0.00	0.00	109	5	13	0	0	3
20120112_www.dailymail.co.uk_8360aa5d0696320532ff3bc6d5393aaa725db973d2bb2400aef68dda	91.55	95.28	88.11	0.00	0.00	0.00	363	18	49	0	0	17
20120112_www.foxnews.com_758b76cc0f6cf537c117dd591073f38157240017e084e3fb8e1a2d9a	93.88	94.85	92.93	0.00	0.00	0.00	920	50	70	0	0	32
20120117_www.independent.ie_d1f8adf15cd45d6f91736f7d8e6a4ce125b36f88402b3c699e0fcfd2	91.74	92.38	91.12	0.00	0.00	0.00	400	33	39	0	0	16
20120117_www.bbc.co.uk_ee4014a4f6529d9216f9b35b8c4b03d285024160369fef89b9c86b45	88.25	90.86	85.79	0.00	0.00	0.00	169	17	28	0	0	10
20111215_www.bbc.co.uk_b549e6b7ec6bf53a79536b51213191b0752f33e134ba1eaef6ff1b45	93.54	96.31	90.93	0.00	0.00	0.00	391	15	39	0	0	16
20111215_www.google.com_bceb9bbdc9587b15b2cfe90aec22a9d6443a010bc7b7f8755fc2a4fa	92.75	92.99	92.51	0.00	0.00	0.00	358	27	29	0	0	11
20120112_www.theglobeandmail.com_4d28a75adf58743732cee0ecc20179df60b2a311ff393cef89b6088d	86.55	94.99	79.48	0.00	0.00	0.00	550	29	142	0	0	19
20111215_www.4ni.co.uk_e89a5849150069d124708ee2d5f01fcaa2004fe4e62393fcc61dcd61	94.26	96.36	92.25	0.00	0.00	0.00	583	22	49	0	0	20
20120112_www.google.com_2dfbec827e0f441c89fcc448d891770f6e5730f6b1554e1c6dc49cca	92.95	93.18	92.71	0.00	0.00	0.00	369	27	29	0	0	11
20120112_www.scotsman.com_05fc82470d64b6000b7e2bebc552b812a0d8708cd7935287e992f6ac	94.27	96.52	92.12	0.00	0.00	0.00	444	16	38	0	0	16
20120112_www.dailytelegraph.com.au_19da765522c25f1e05b4e2e5c71ead9d2a29c56f410c0e9466d84987	87.19	85.10	89.39	0.00	0.00	0.00	337	59	40	0	0	15
20111215_www.google.com_cdb26ea5a65abb028b8670a95d873fd0db5b7494bc03a29153cfabed	92.86	93.09	92.62	0.00	0.00	0.00	364	27	29	0	0	11
20120117_allafrica.com_ca8306a6e2b39b6e3390076bae8b3db6d31234d8ff6dd0ff5480512a	73.97	65.61	84.77	0.00	0.00	0.00	206	108	37	0	0	6
20120112_www.theage.com.au_3b2621b040935fc7babe189f04a8195e5d6d42f318738af356788972	89.90	93.19	86.83	0.00	0.00	0.00	178	13	27	0	0	10
20120112_www.bbc.co.uk_43f849f890fd1367180abcc0c8b8ae3faf43c4b09a53371d52e33efe	71.55	88.64	59.98	0.00	0.00	0.00	562	72	375	0	0	36
20120117_www.bbc.co.uk_ad83ea8e08d8bd9271e717ba6eeaff8101d3e810c810c17c84451469	54.46	93.96	38.34	0.00	0.00	0.00	171	11	275	0	0	19
20120117_www.mirror.co.uk_33b2a6dd191f2233bfa3c1ef3a49c492b505832883d3050e1940961b	92.72	94.49	91.03	0.00	0.00	0.00	497	29	49	0	0	19
20120117_www.nzherald.co.nz_63f4577ddd683088d27fd6492f831bb6a82726aa2da4eb42f87e9961	92.09	93.35	90.86	0.00	0.00	0.00	646	46	65	0	0	29
20120117_www.yorkshirepost.co.uk_50c87a669df9177b29c3a5d3019d875e04957d02d996b8bb2aac1801	93.20	96.24	90.35	0.00	0.00	0.00	384	15	41	0	0	16
20120112_www.forbes.com_06573abe0d2325fb80b1052a1c35174ba5f221041c38d5faf508b603	93.31	94.01	92.62	0.00	0.00	0.00	565	36	45	0	0	9
20120112_www.cbc.ca_130930eda8db2366fb07c8bcc86b1a960ac1e07d67e36909de294ace	87.39	88.94	85.90	0.00	0.00	0.00	201	25	33	0	0	10
20111215_www.bbc.co.uk_1cf23adb7a882e3c2684f4ef8a0b9f10a45fe51c00624f3307d1cbee	90.40	93.00	87.94	0.00	0.00	0.00	452	34	62	0	0	23
20120112_www.jta.org_4a3379d1f9ec531d5a916677a5a73da5877555db9a120018deeaadb3	78.93	88.06	71.52	0.00	0.00	0.00	354	48	141	0	0	11
20120112_www.azfamily.com_901416d2d30deb043a1da49860792aee2db6df9ed7892be62b8290ce	63.20	48.08	92.18	0.00	0.00	0.00	613	662	52	0	0	20
20120117_www.voxy.co.nz_9822c3f85f78abf468f9e7670d120cd101c2e5cca1defd3b2a312240	90.56	92.95	88.28	0.00	0.00	0.00	211	16	28	0	0	8
20120117_vitals.msnbc.msn.com_446c16a3f7e197591efce13b4ab472f3462cd95375d64b6ec18e8d43	4.92	3.54	8.04	0.00	0.00	0.00	18	490	206	0	0	6
20120112_www.radionz.co.nz_019b7a4433f39cc0bb4134f3fdb4aef3ccc81b7d442d811868a1aa61	88.89	88.77	89.01	0.00	0.00	0.00	332	42	41	0	0	17
20120112_www.slashgear.com_aa9a030c90af5872c76046a4801e9c3a704b820c13ccb4842159f709	92.81	95.36	90.40	0.00	0.00	0.00	226	11	24	0	0	5
20120112_www.cbc.ca_2013ab16a33b8e9a328db6d85e9640d6fdc1f27529f5c142819b392b	88.92	88.79	89.05	0.00	0.00	0.00	301	38	37	0	0	10
20120112_yourlife.usatoday.com_ebe50592eeff17817363219c543164cc48dd75d9b67e95c8cb630c69	83.05	75.64	92.06	0.00	0.00	0.00	649	209	56	0	0	24
20111215_www.dailymail.co.uk_d0ea63908ff796a09c45b95e841dfac33563e802387991bcc135fa4a	89.91	95.96	84.58	0.00	0.00	0.00	499	21	91	0	0	24
20120117_lifestyle.aol.co.uk_03bd3f3ec24087f69f7cc62ad2014eefaa0653bf0aed586e6dac305b	87.16	91.49	83.23	0.00	0.00	0.00	129	12	26	0	0	6
20120117_www.news.com.au_45ec13db07ca54a903d0b2f1ab5560495b485cdc62e5e573caaa8bfc	93.38	96.49	90.46	0.00	0.00	0.00	275	10	29	0	0	11
20120117_www.indianexpress.com_9f97c347cb56cdb2f44406a269d038ab499160f00601ff033fc0334d	90.48	94.53	86.76	0.00	0.00	0.00	190	11	29	0	0	9
20120117_www.gmanetwork.com_a3c1ac3e865f27770d7ead834a1ac09d3e544a5148721a6270991dc2	91.27	89.78	92.80	0.00	0.00	0.00	580	66	45	0	0	19
20120112_www.christian.org.uk_cb17ae52b290ea628635022a174dc740094a13675818745240a199a9	83.97	94.87	75.32	0.00	0.00	0.00	296	16	97	0	0	19
20120117_www.dailymail.co.uk_d2047223c1ca302714775c2e00e6b7f6a24a339fb4cbbb1ff6f96b6a	91.29	96.45	86.65	0.00	0.00	0.00	435	16	67	0	0	22
20120117_www.globes.co.il_d09882c1df29dc17384de479959ebd23c7cb2846d3e30b2735d42fb1	88.33	86.97	89.72	0.00	0.00	0.00	227	34	26	0	0	8
20120117_www.asianscientist.com_13d649500425e7e8398807a5f05fadebbfd7d61ccf9533e59c348f2f	89.55	93.75	85.71	0.00	0.00	0.00	420	28	70	0	0	14
20120117_www.frenchtribune.com_4265bebad043b0d08948897b8390eaceaf5efe5961cd40268644e147	94.92	97.47	92.49	0.00	0.00	0.00	308	8	25	0	0	9
20120117_www.dailymail.co.uk_71b8164fa3ae3b22d1815a056cfb7ea99dcb3f38a3568ea16b50d6c7	46.24	31.18	89.45	0.00	0.00	0.00	212	468	25	0	0	9
20120112_www.usforacle.com_f2891c69339edef2dbc4a373f6ae6dd076bba28fb00514a78a3453eb	87.41	90.63	84.41	0.00	0.00	0.00	677	70	125	0	0	23
20120117_www.vancouversun.com_71478413f90e0d6f2262f3a2cadb7a30be7d7f726e3215acbbd9912d	90.61	89.79	91.44	0.00	0.00	0.00	598	68	56	0	0	20
20120112_www.pulsetoday.co.uk_9be002fbea0f0cda68ec64a3d969d7c5f981f67724253017eb93b917	91.36	91.06	91.67	0.00	0.00	0.00	275	27	25	0	0	7
20120117_www.cbc.ca_d280ab600eeced3edfccf6115b9f97c18cfc3e5eaeb1e8a008078b1f	91.18	92.86	89.57	0.00	0.00	0.00	481	37	56	0	0	21
20120112_www.guardian.co.uk_8255a113def1cb887ffd98ceb14bd87e2cc219bb634d56f22185eea0	94.44	94.55	94.33	0.00	0.00	0.00	832	48	50	0	0	21
20120117_www.vancouversun.com_eb21b7043fcf3025de7089f813da30ebf2866ec79e08ebd77f289128	94.00	94.58	93.42	0.00	0.00	0.00	454	26	32	0	0	12
20120112_capsules.kaiserhealthnews.org_bd950f35c3d4bbfedd3679aa8ed5911ac1670d24388a5c68bc43101b	92.13	90.45	93.88	0.00	0.00	0.00	445	47	29	0	0	11
20120117_www.emirates247.com_3a7aa28fa801bdb4409674b8dbbfa9898076418e079d5b7f7e85b041	18.34	10.27	85.22	0.00	0.00	0.00	173	1511	30	0	0	10
20120112_www.winnipegfreepress.com_0c2c3ed6118a3315ea5ab46444a5010ad180a3b82a0182cbaf9749f7	89.93	86.51	93.63	0.00	0.00	0.00	808	126	55	0	0	24
20120112_yourlife.usatoday.com_91a9ac0660db9f0283c2a185ac06624c308da067ad8d6a7d644a0d9d	77.88	67.86	91.38	0.00	0.00	0.00	456	216	43	0	0	17
20120112_www.guardian.co.uk_5f4756f5d32b866aac3bd29eb56a5e7d613ace85e3e89d50bd409360	84.93	81.97	88.11	0.00	0.00	0.00	200	44	27	0	0	9
20120112_www.winnipegsun.com_73165016b6c9d0a560d91e989e05fc18e0377bfdc9f8cda970e26a7d	59.45	90.74	44.21	0.00	0.00	0.00	294	30	371	0	0	22
20120112_www.northamptonchron.co.uk_c71218a36a51118e3cc0a73afdc72812de85815c1ac68f94a735da28	95.16	96.97	93.42	0.00	0.00	0.00	1632	51	115	0	0	54
20120112_www.medicalnewstoday.com_15b285f600b9236be7ce88cfb81f1a5a229f078321d2e94265ddb1ed	92.85	94.31	91.42	0.00	0.00	0.00	597	36	56	0	0	20
20120117_www.ctv.ca_c0c7faf0396c90b75a307acbd2afa92f8ba4ec226b64ad3af584feba	5.87	3.31	26.00	0.00	0.00	0.00	26	760	74	0	0	5
20120117_www.vancouversun.com_53f7cb2729dbc799a8053833c38c1e209189cec3232585a24e480a55	90.44	91.16	89.72	0.00	0.00	0.00	227	22	26	0	0	9
20120112_www.theage.com.au_020d43d60b12fc5b5432754642742548282d8dc150d8c95f4aebac53	91.76	92.81	90.73	0.00	0.00	0.00	284	22	29	0	0	11
20120117_www.cbc.ca_fb2fbf10401b86e2b4a3e896dcdcb805f0219e982383b31112bfe3c0	72.59	60.37	91.03	0.00	0.00	0.00	396	260	39	0	0	16
20120117_www.theglobeandmail.com_dca2e983ade8cad2062e2eec6581452ca813f4e46dd64a09d141c6fa	90.00	99.75	81.99	0.00	0.00	0.00	783	2	172	0	0	25
20120112_www.iol.co.za_90e7e6721be682e0eeaa0fe149743f9903a70d6254096bd7a050f83a	88.11	86.30	90.00	0.00	0.00	0.00	315	50	35	0	0	14
20120117_www.wwltv.com_39defc5e9432230c3fa6895d4f902155e08b7962fe2f5cc0c87f7d6e	90.93	92.15	89.74	0.00	0.00	0.00	481	41	55	0	0	17
20120117_www.wpix.com_04afe7c6a61eacd831ba894e3a88f33664ad60c558e91837eefe23e2	87.37	90.27	84.65	0.00	0.00	0.00	204	22	37	0	0	10
20120117_ibnlive.in.com_d4550f517a2cf8bc5702aa113f5f415d4476ae0ca0898420aa0e5fc6	90.07	89.12	91.04	0.00	0.00	0.00	254	31	25	0	0	9
20120117_www.nzherald.co.nz_ad956db50d001d3ce17d3c6342e808aa1238bd8e8206f01d4812bf72	89.80	93.30	86.55	0.00	0.00	0.00	515	37	80	0	0	27
20120117_www.calgaryherald.com_aa6d5bb9c192dfedf78aaf49cba9647132f8db9f3e4c92f2044f9fc5	93.16	91.88	94.47	0.00	0.00	0.00	803	71	47	0	0	20
20111215_www.google.com_8e4063dc6cfb782088d53af715efdf52447cbd4aa6b8e56060cda6f7	91.17	91.46	90.88	0.00	0.00	0.00	289	27	29	0	0	11
20120112_www.nydailynews.com_5bc94e5c54af59d5708af729a68924bc8fe11ef5ba62e0505efde515	84.96	91.93	78.97	0.00	0.00	0.00	353	31	94	0	0	18
20120112_www.sunderlandecho.com_c306b8c96a9bba70a2a2093dc16cbd8e0890f9f3d2072429d3b8c95a	94.04	96.18	92.01	0.00	0.00	0.00	679	27	59	0	0	26
20120112_medicalxpress.com_dca594b0d3bee481b3ace56bdba6f1d55f4bf62c2e78aad13f2121be	81.18	92.69	72.22	0.00	0.00	0.00	507	40	195	0	0	8
20120117_www.cbc.ca_1db9a3fe019e11e392aebc86ca7bd63b11ec2c4e7fd0bea2a421e98c	91.94	91.51	92.38	0.00	0.00	0.00	388	36	32	0	0	12
20120117_www2.canada.com_768405a9cf2dadc2769a56edb9fc57549c7d628cb373c38b75f12919	89.92	90.30	89.54	0.00	0.00	0.00	214	23	25	0	0	9
20120112_www.telegraph.co.uk_773824591d924ebde22bf3e709e355466c64015956ebded4595ca892	75.27	97.61	61.26	0.00	0.00	0.00	449	11	284	0	0	28
20111215_www.dailymail.co.uk_7c9b923c2051007465a44b4b1ab66f37fe7f273adbf47ea20c5efb95	87.39	88.96	85.87	0.00	0.00	0.00	395	49	65	0	0	18
20111215_www.bbc.co.uk_03e7bd4c10f54b7af926369ff843d86668ea229d4dd7026bbea5fc4e	89.89	93.26	86.75	0.00	0.00	0.00	360	26	55	0	0	19
20120117_www.langleyadvance.com_c094f71e549e47744144566197f0abf73ca1eb707ff060e3a7c068da	92.51	93.08	91.95	0.00	0.00	0.00	605	45	53	0	0	23
20111215_www.squidcard.com_714e53ab0bff1684b6fbd242c45b85b57564ef44e5d5b1f25609b3ea	92.22	94.77	89.80	0.00	0.00	0.00	308	17	35	0	0	13
20120117_www.dailymail.co.uk_905874e9183dbcee4b84cb6c3f533cee6b0e814d39a50100fa3e9ca0	75.52	96.03	62.23	0.00	0.00	0.00	435	18	264	0	0	27
20120117_www.cbc.ca_1c7a295ecb833dbabc9f3cb6df64331739f50f5e467c61da22a89d96	66.83	52.70	91.30	0.00	0.00	0.00	420	377	40	0	0	15
20120112_www.medicalnewstoday.com_4c0a5615e5b184879734f654b435da5a4b081e8a98c663ac18b51e70	91.22	89.79	92.69	0.00	0.00	0.00	431	49	34	0	0	12
20111215_news.stv.tv_3868f9a920e6afeaee5a4ad05a77fb2386c5b3738b549471e37acf50	92.29	94.05	90.60	0.00	0.00	0.00	395	25	41	0	0	17
20120117_www.ctv.ca_d2892bc031e361b72819e7d96a4daadcb17d0afb60e6bd19733dff65	93.05	95.05	91.14	0.00	0.00	0.00	422	22	41	0	0	15
20111215_www.bbc.co.uk_3a66abad09329b54c3dc699d80ce85384beb21ecf3d480f7bd1dd8f3	90.15	94.06	86.56	0.00	0.00	0.00	554	35	86	0	0	26
20120117_www.stuff.co.nz_cc415cc1a7f98456f362ad5d9d0f5768c4bfece11189bd576907fbb9	94.43	96.92	92.07	0.00	0.00	0.00	755	24	65	0	0	25
20120112_abcnews.go.com_7b2ea90b30176ca2e098e6e3a331dc3bcd6beb0216747a49b2fd9f07	86.91	81.43	93.17	0.00	0.00	0.00	614	140	45	0	0	19
20120112_boingboing.net_2156ac82499859c52b946dd08fd4049125d5db03b78a252bd99a827e	95.47	97.32	93.70	0.00	0.00	0.00	580	16	39	0	0	16
20120112_cmvlive.com_b02be15c980c375ec956cf6f1c9f265ea7807b112a901fdef80b25a8	91.99	91.17	92.82	0.00	0.00	0.00	970	94	75	0	0	33
20120112_www.cbc.ca_3d0724e574ef5beec2407286148b10363daffed804199cf0cbe28b06	90.94	93.89	88.17	0.00	0.00	0.00	246	16	33	0	0	10
20120117_www.vocm.com_1f56795a46048751504db2ae132b6e49c057205e76a3a5f61f81ab85	88.00	94.62	82.24	0.00	0.00	0.00	88	5	19	0	0	3
20120117_www.indianexpress.com_7533df9985a7e604c04952d27e24f4d3d3d4a8e2b5ec810cd9352760	81.85	73.44	92.43	0.00	0.00	0.00	354	128	29	0	0	5
20120117_www.bbc.co.uk_0711524886a0068794cb31a55a2f3b3fbc82b501f7e46fb84581a3e1	92.14	93.92	90.43	0.00	0.00	0.00	510	33	54	0	0	23
20120117_www.rte.ie_0588a81cedf5f3db088bd632512682241a0d6ea97d3ea4c0c3cd02fb	91.48	94.31	88.81	0.00	0.00	0.00	381	23	48	0	0	20
20120117_www.digitaljournal.com_b09361ea8ad05070e41243e4b1683ee7a51c5c7490138d8a9959f967	91.65	96.98	86.88	0.00	0.00	0.00	417	13	63	0	0	11
20120112_www.medicalnewstoday.com_0d4f2d84bf8fc9e3bb097865447abd0246a26175b6cf6dc3442e997c	92.70	94.04	91.39	0.00	0.00	0.00	552	35	52	0	0	19
20120117_www.sundaytimes.lk_2487e3d3adadb2a5b545433f20eda72bb6989b9ee1b9acace784c93c	96.20	97.81	94.64	0.00	0.00	0.00	759	17	43	0	0	18
20120117_www.montrealgazette.com_a00fae0797653465b25ac1a13bcde9e485b514421c4cba8c2c2e196c	92.39	94.35	90.51	0.00	0.00	0.00	601	36	63	0	0	18
20120112_www.wctv.tv_dd68b342550c281cd298181258a33c400869d5839c47ccda0d20dbef	1.51	4.92	0.89	0.00	0.00	0.00	3	58	334	0	0	9
20120112_www.dailymail.co.uk_c7d3f6443d15e3e8b751d734c063d919bf90ddb5735ceab36b6a1320	77.57	71.63	84.58	0.00	0.00	0.00	669	265	122	0	0	29
20120112_www.latimes.com_9fa8e2c8423350080ea1cde836f5a140d026cdb7b2c8030d52023479	87.47	93.31	82.31	0.00	0.00	0.00	335	24	72	0	0	11
20120112_mobihealthnews.com_e0281a435ccce60a61a8046c519d57be049fffc3e8b44c21c87976e5	92.28	92.64	91.93	0.00	0.00	0.00	592	47	52	0	0	15
20120117_www.straitstimes.com_bd59413015818e41702e70acee39591dd6c12b52dd4c4e1df12fd833	73.98	65.56	84.89	0.00	0.00	0.00	118	62	21	0	0	6
20120112_www.inpharm.com_6e18f109719fb4aefa4da84792800594e38ea3227bb27066de7fe10f	83.64	79.80	87.87	0.00	0.00	0.00	391	99	54	0	0	19
20120117_www.google.com_54167310f35c90568e351f22718af2dc78f4b552976150e79d78e1f4	93.81	94.01	93.60	0.00	0.00	0.00	424	27	29	0	0	11
20120117_www.inpharm.com_13cb4a94a2af912370425c72652866dde00b4a67607b08a8969f0da7	84.54	79.37	90.44	0.00	0.00	0.00	350	91	37	0	0	15
20111215_www.webmd.com_72fa7465e3530407517fefa9a2ad2857103e31185e0007520828d1ab	93.19	94.57	91.85	0.00	0.00	0.00	575	33	51	0	0	21
20120117_www.heraldscotland.com_998648fa54f1a5e658f33d51eaa231745078400669f2affaa69b117e	21.16	90.91	11.98	0.00	0.00	0.00	40	4	294	0	0	13
20120112_www.independent.co.uk_8a8296e812a999e1bfa78ac3986f76676160111381e627c8e020f33f	93.10	91.27	95.01	0.00	0.00	0.00	742	71	39	0	0	16
20120112_calgary.ctv.ca_011a082345b3ea8b74fb5e7a126df7c3c577899170d821748d85b2f3	90.83	89.31	92.40	0.00	0.00	0.00	401	48	33	0	0	13
20120117_www.bayofplentytimes.co.nz_1b02a85be013542b49f5462100cd39f556fc6d289c7992aa4516db81	67.80	54.66	89.24	0.00	0.00	0.00	340	282	41	0	0	17
20120112_www.walesonline.co.uk_c74de3f2c3597ac5a357a970261183f1c40796d56c78aab8804648cf	93.45	96.08	90.95	0.00	0.00	0.00	613	25	61	0	0	22
20120117_www.timescolonist.com_d30fb2248f49e66acdcf2f56609771cc53758577da2ce8122c2b594e	91.86	92.41	91.31	0.00	0.00	0.00	536	44	51	0	0	22
20120117_www.publicservice.co.uk_683dca4bb6eee80acfac2190184fa833cc3537974475a827280ad603	96.16	98.28	94.13	0.00	0.00	0.00	401	7	25	0	0	9
20120112_www.newsnet5.com_a339ef70684390395b35975a87f0da722f6ed87b9000cf614fe53f61	79.89	74.48	86.14	0.00	0.00	0.00	143	49	23	0	0	8
20120112_www.telegraph.co.uk_9adb8d607dc4fbf1b30f508947f1c9187bf004627c748562e32f5a05	66.23	98.82	49.80	0.00	0.00	0.00	252	3	254	0	0	20
20120117_www.foxnews.com_444ed31fe47dfd22b178e57c15acfb2165abd521080b21aa8513d890	91.83	93.68	90.06	0.00	0.00	0.00	163	11	18	0	0	6
20120117_www.bbc.co.uk_a5a89301d68c7940a0dfcbae5bf161aab81b577a17044afe5217f47d	90.59	94.33	87.14	0.00	0.00	0.00	183	11	27	0	0	10
20120112_scienceblogs.com_19abf46d03c2b6d959e4778242ae61fd6a51461ec61c0ad6ea97c073	90.21	90.49	89.94	0.00	0.00	0.00	1484	156	166	0	0	28
20120117_ibnlive.in.com_f09aeec9c93d8a20702206d19b6cf9e3f5d22723802c2b7cb0fb53cc	94.23	95.33	93.16	0.00	0.00	0.00	245	12	18	0	0	5
20120112_www.indianexpress.com_9048c2ae85891363446489fa9274ed43dce8dd87b5e6538d3dc1ac63	93.84	97.24	90.68	0.00	0.00	0.00	282	8	29	0	0	11
20120117_www.emailwire.com_335519a0d2e7ba4e9a89bb9e4e3e5296f89616588d24dd921701b601	93.74	95.66	91.90	0.00	0.00	0.00	397	18	35	0	0	12
20120117_www.cbc.ca_922864e1693fe48d4ee7464d2dadb10346b9ef217ef20cc2fe7484ad	79.21	80.81	77.67	0.00	0.00	0.00	80	19	23	0	0	4
20120117_popwatch.ew.com_76e12c8d51a7b68e71f13f8d98b5561ca8dbaa558d239a1df9e4df4c	87.86	93.25	83.06	0.00	0.00	0.00	152	11	31	0	0	6
20120112_www.latimes.com_5b3d04d073c7bfb9af751c9dd8cce0959454a25874f8972f0e37c1d5	89.33	94.31	84.86	0.00	0.00	0.00	381	23	68	0	0	12
20120112_www.three.fm_57439652367bbf1e93b2db66588a8bb1804217ae8431c45b343b87b7	91.28	94.74	88.07	0.00	0.00	0.00	288	16	39	0	0	13
20120117_www.businessweek.com_f298dda4630d2996a1586d8ab7f06f5d7f36990454ec6ac5edc0efde	93.07	93.03	93.12	0.00	0.00	0.00	907	68	67	0	0	30
20120117_www.theglobeandmail.com_2f8c4f3e053f8a1c6f1e3c029d13a4535cfedff37081e875c2409398	78.68	97.39	66.00	0.00	0.00	0.00	299	8	154	0	0	15
20120117_ibnlive.in.com_699400a4278cba71902aee6965c6cb60f3a1dd057377414ce021cb4e	96.14	98.42	93.97	0.00	0.00	0.00	187	3	12	0	0	2
20120117_www.usmagazine.com_efcef509d986f4bac6c1d7fd7525bd246623d12b797626e82db6cf3e	18.18	10.23	81.33	0.00	0.00	0.00	183	1605	42	0	0	9
20120117_www.ctv.ca_34ad8b4063fcac90f46f9d32b9889468774971649484712c3d9b524c	86.90	86.08	87.74	0.00	0.00	0.00	136	22	19	0	0	6
20120112_www.huffingtonpost.com_5cabf1e343190d832484b66570e32417a284f6f0697cad99c8acaf58	78.01	68.06	91.38	0.00	0.00	0.00	424	199	40	0	0	13
20120112_www.dailymail.co.uk_3c74f06a28bdd9795551e38107f828db9177ad22dde8e5002b43cf5a	83.13	79.56	87.04	0.00	0.00	0.00	658	169	98	0	0	28
20120117_www.bizjournals.com_c06b61a58e8e7913454abdb02067b7fc0edcf99c9d848c2d4fea81a1	53.66	39.11	85.44	0.00	0.00	0.00	88	137	15	0	0	4
20120117_www.voxy.co.nz_fac19adfb84f2747fdadfa08c89497057bd56f075e53f941550b4906	92.93	94.26	91.63	0.00	0.00	0.00	723	44	66	0	0	18
20120117_www.guardian.co.uk_5977a9e5cd21e538685d6a42680a0a2c40e8315ae224dd8784d005de	94.88	95.05	94.71	0.00	0.00	0.00	788	41	44	0	0	17
20120112_3d-car-shows.com_568a696a9b0b74e33aa9f371e1894d6bb8e919d0745fd18d26771bdc	93.29	95.12	91.53	0.00	0.00	0.00	800	41	74	0	0	29
20111215_www.guardian.co.uk_055efffff0eae3cdab727ce3d9f781b240ae2e830348fe44213c15f2	94.99	95.46	94.53	0.00	0.00	0.00	778	37	45	0	0	18
20120117_www.figo.org_3afca4e68b47f41368c4616b05e859aa2e01ddb54185d6c811503d6f	79.07	70.16	90.57	0.00	0.00	0.00	221	94	23	0	0	8
20120117_www.guardian.co.uk_dd9d50d1d184dd0ab2d74149f4b884e10bec69f8527a729027f23a54	94.35	96.26	92.51	0.00	0.00	0.00	618	24	50	0	0	18
20111215_www.belfasttelegraph.co.uk_c84a9b7d5164656bef295220fa5cc6c072c6d139d92c9f51f7959946	87.54	83.53	91.96	0.00	0.00	0.00	766	151	67	0	0	30
20120117_www.bbc.co.uk_e3fd678203c31aa09445d655a2e56a7f8bf4c1651ceef12345789a9c	85.25	92.96	78.72	0.00	0.00	0.00	185	14	50	0	0	12
20120117_www.google.com_6efdc613eb93d12a9500bf91a355693091eb23744fb0d6621b6e50ef	90.76	91.06	90.46	0.00	0.00	0.00	275	27	29	0	0	11
20120112_www.dailymail.co.uk_185a9e04efa6651dc4a7c53c5e3b35a18b6b69daa75de77487232257	92.84	96.03	89.84	0.00	0.00	0.00	460	19	52	0	0	18
20120112_www.businessweek.com_1151af0dcad3cda5773eb2d1d26cf0e3ac2ebb5f8f34a99434129516	84.94	87.04	82.94	0.00	0.00	0.00	282	42	58	0	0	8
20120112_www.news.com.au_337c7f67bcf3647aba9e786d7a9ac0ae90374fb4af4270431fc04416	85.17	83.85	86.54	0.00	0.00	0.00	135	26	21	0	0	7
20120117_www.foxnews.com_eb7e134296b991dec4a9750fe0bdbdf6e9c51dc264a5b3a6278d7bbd	93.35	94.41	92.32	0.00	0.00	0.00	709	42	59	0	0	21
20120112_www.washingtontimes.com_92d81e4d373524316f170850ce146c98a5ef60b1ee2d323de4eb5f05	92.56	96.55	88.89	0.00	0.00	0.00	448	16	56	0	0	15
20120112_www.cbc.ca_1343723ddc7858d97ad7be2636252e4b904a6cd969bd559fa4924042	79.87	80.13	79.61	0.00	0.00	0.00	242	60	62	0	0	12
20120117_www.mirror.co.uk_9d27adf9ae5483609c257e7dec02cd92a9783b26fad0e33760a5b4dc	59.81	45.14	88.60	0.00	0.00	0.00	474	576	61	0	0	27
20120117_www.vancouversun.com_bc6137a56083e9dab259a97f6bde13f07d4c97b1dd27b66335eb8127	92.06	93.22	90.92	0.00	0.00	0.00	701	51	70	0	0	31
20120112_www.thelocal.de_ddaee297447b9afccf5dd65b59635271f32f2332c1f35f99f6fff576	81.44	96.26	70.57	0.00	0.00	0.00	283	11	118	0	0	13
20120112_www.medpagetoday.com_b51db5f1ba536e7d5bd5b28f46d46cb4020037bea04bbc7475af681c	81.81	73.02	93.01	0.00	0.00	0.00	785	290	59	0	0	26
20120117_www.massey.ac.nz_fa35656e661a39d744a330d797279aa4dbb320d8de27ff4621b53d3e	91.58	92.63	90.56	0.00	0.00	0.00	729	58	76	0	0	19
20120112_www.mid-day.com_f63fe3934549b712cececaccd571684914441962cd115c9ea00bf307	92.72	96.38	89.33	0.00	0.00	0.00	293	11	35	0	0	12
20111215_www.bbc.co.uk_6289b8881ced4e2577bfe460766ab040744647dad9f6913b235cea1a	73.64	64.92	85.07	0.00	0.00	0.00	507	274	89	0	0	24
20120112_www.heraldsun.com.au_ef4764e85b5e7926ce73df01f103d5e2d66db0cf41577864e4f5db99	92.61	95.27	90.10	0.00	0.00	0.00	282	14	31	0	0	12
20120117_www.abc.net.au_67a8e08a830fc6731e29d12e0cf8c46e1d7b88558f7a2586234f5807	89.84	92.27	87.54	0.00	0.00	0.00	513	43	73	0	0	26
20120112_www.expertclick.com_c849b6ebb9fb8fcf0191255177b241e41d03986f8e0eb9a3421361fc	96.16	96.16	96.16	0.00	0.00	0.00	876	35	35	0	0	14
20120117_topnews.ae_de7616081fc45200997e2360ad973eff77025b1eb4bef5ad70b4ebbf	93.27	94.48	92.09	0.00	0.00	0.00	291	17	25	0	0	9
20120117_www.guardian.co.uk_391eecad2ee1c02543a7c9a17ac788046d6dd5b6204b7f11d0dfbc73	90.40	88.13	92.79	0.00	0.00	0.00	631	85	49	0	0	20
20120112_www.dailymail.co.uk_07c11eeabada1ffd6b2d5303de0f296d539ba3f7865d8d88509f1abd	79.01	75.35	83.05	0.00	0.00	0.00	593	194	121	0	0	28
20120112_www.calgaryherald.com_2d319a6f950e9c0f3569098d55658d4719c7c4f902c3627cb39a9cf7	87.54	86.19	88.93	0.00	0.00	0.00	755	121	94	0	0	33
20120112_news.nationalpost.com_db84bb6bef5278925cad1cb6ee9f78ef5341659326967b3a77cf8799	89.20	94.97	84.10	0.00	0.00	0.00	566	30	107	0	0	23
20120112_ibnlive.in.com_4de5c68e2c3cb25169d585548d45e75e5e249bb42be4f54e2f9ca8df	90.57	88.89	92.31	0.00	0.00	0.00	336	42	28	0	0	9
20120112_www.businessweek.com_2a21025f6f4dc13c9eb8ebf3d249f3fd66c6dd25a65a594f0083b2b7	89.62	87.40	91.96	0.00	0.00	0.00	423	61	37	0	0	15
20120117_www.dailymail.co.uk_056de4e608770f24708213450cd4dde723d54b60236578976c0b056d	85.42	93.98	78.28	0.00	0.00	0.00	328	21	91	0	0	20
20120112_www.medicalnewstoday.com_3c7a2b3347ff9a9f376ef57ffccea1eb33898b6064fab71224d80c19	91.72	91.63	91.81	0.00	0.00	0.00	482	44	43	0	0	18
20120117_www.latimes.com_2b1c2cabdb7c25ec353fcc7c3c7a7c3a96328c67b4d64dc0de54dd9c	86.21	89.29	83.33	0.00	0.00	0.00	300	36	60	0	0	12
20120112_www.foxnews.com_0d269a696925fa21989131eee82ab39ef86ab3900cca39b9d2fb0317	94.03	95.74	92.39	0.00	0.00	0.00	449	20	37	0	0	14
20120117_timesofindia.indiatimes.com_87093d456225c802820c5a70f7f0ab9c67178751ba6dcb659390b030	93.37	96.97	90.03	0.00	0.00	0.00	352	11	39	0	0	10
20120117_theuptowner.org_5e03c90055896adb8d8f3cba18a5ecf4b076702f7d9805c8b9a81422	95.44	97.04	93.90	0.00	0.00	0.00	1016	31	66	0	0	25
20111215_www.guardian.co.uk_907efa7d6598430e7d998858ce55198cd1b93d8f6173d82e2b3071ee	85.53	81.60	89.87	0.00	0.00	0.00	204	46	23	0	0	8
20120112_lifestyle.aol.co.uk_309f2cdd5524511152e51f935e103c5c47b90e9601158efa0d8c2ed6	47.99	95.17	32.08	0.00	0.00	0.00	256	13	542	0	0	24
20120112_www.latimes.com_a3c4f7092044d8d4a9fc93264445da7fd27088e47318ea679d881db6	91.65	93.32	90.03	0.00	0.00	0.00	587	42	65	0	0	13
20120117_www.newstrackindia.com_be31d862c62a21db5da44f6f04dfbefa0db30b8871335add44765e18	91.36	92.22	90.51	0.00	0.00	0.00	391	33	41	0	0	17
20120117_insideireland.ie_bd5694f07cacedbc1f7469f11cdb8aafce10444b6e845730fe15dc50	87.41	86.34	88.50	0.00	0.00	0.00	177	28	23	0	0	8
20120117_www.dnaindia.com_fd3765adb1b01b810d1167ba1712a8470fba7b0fb2891182c2b1a100	89.25	89.84	88.67	0.00	0.00	0.00	274	31	35	0	0	14
20120112_www.torontosun.com_f2a19d5b2abbc3b13069721457c368493c5bd5ffafaa0a8ddd6b7d87	71.03	77.55	65.52	0.00	0.00	0.00	114	33	60	0	0	9
20120112_www.boston.com_074caa4afb62a4df906fb8620e35f09208d6ed2d6b9326eb114f35ef	90.77	90.77	90.77	0.00	0.00	0.00	590	60	60	0	0	21
20120117_www.telegraphindia.com_f2c7f602fb72a37c60841753229e49c1ff9169695ea2b9ad3cba98c0	92.16	93.51	90.86	0.00	0.00	0.00	835	58	84	0	0	25
20120112_www.foxnews.com_83236102d82f5fe34b8e10d360c0cbc9d74fca8f3720841e259e0b12	93.81	94.38	93.25	0.00	0.00	0.00	705	42	51	0	0	21
20120112_www.google.com_16ba7af039d5e83a5722d8de6bdf55167ee80ce457b03f27739be3c7	90.21	90.93	89.50	0.00	0.00	0.00	341	34	40	0	0	16
20120117_www.travelagentcentral.com_fa9f01519f4110031bce2f2035dbc52b6e9e27b88cabc88f52274f8b	86.99	88.27	85.75	0.00	0.00	0.00	301	40	50	0	0	6
20120117_www.mirror.co.uk_d5396eacefe93b59cd52afd69fa9cb9d6dd055a8fa73b7e391b758c4	87.85	94.00	82.46	0.00	0.00	0.00	188	12	40	0	0	10
20120117_www.dailymail.co.uk_24323412761f93cb64df4009599e78c7bdd303f93c33b0c4031eef78	90.24	95.06	85.89	0.00	0.00	0.00	481	25	79	0	0	21
20120112_www.vancouversun.com_4e062ebd37d16f1783d3d58accff0e8c0d9a9da531f5b98a5a173c5c	89.03	87.58	90.53	0.00	0.00	0.00	564	80	59	0	0	20
20120112_ckom.com_7e263a94f02d5a1d7bffccd680f372762e6b05c502e4bd889b5815ff	89.01	89.85	88.19	0.00	0.00	0.00	239	27	32	0	0	12
20120117_www.mirror.co.uk_7d5e6f67a6979c53c5555614287d5e615c527c53fb9760236b95b8b9	91.98	95.16	89.01	0.00	0.00	0.00	413	21	51	0	0	15
20120117_www.globalpost.com_79a4dd9737349e7695e9f386a54b849a1e025e959db8a50954f798fb	85.04	80.83	89.72	0.00	0.00	0.00	253	60	29	0	0	7
20120117_www.google.com_ce49b38ed4b0a0cfa78cc173c5dc33aebe2019d6c3b60a9e0d3b445d	90.54	90.85	90.24	0.00	0.00	0.00	268	27	29	0	0	11
20111215_www.foxnews.com_8c8755e6e6cf31b8ddad1ada9085a3089802a05e23e37b0e8316b1a4	94.14	95.87	92.48	0.00	0.00	0.00	418	18	34	0	0	13
20120117_gothamist.com_a6b6a49ce44b1e33a5d2baff994e803b5ef5bbb15ce7642075df08ae	84.90	84.46	85.34	0.00	0.00	0.00	163	30	28	0	0	3
20120112_www.dailymail.co.uk_7fc700fa999a47bf65a04fca9dbc19294b1135da4d39fe3efcb81de7	3.60	2.82	4.96	0.00	0.00	0.00	19	655	364	0	0	3
20111215_www.bloomberg.com_89eb5fb6f715c79f7b80b996dcbdfe57e6f6837e3fb513c7948dee1e	88.83	88.46	89.20	0.00	0.00	0.00	322	42	39	0	0	10
20120112_www.winnipegfreepress.com_31beb74ad5cc37754e1d33ec41cd9c4b8cf4c68c52611eb58a5b2a2d	84.62	87.20	82.18	0.00	0.00	0.00	143	21	31	0	0	8
20111215_lifestyle.aol.co.uk_937d9eb5be35cb3a1e059d8e65792dd4b977f232ebdadc68c861a53f	89.39	94.14	85.10	0.00	0.00	0.00	257	16	45	0	0	12
20120112_newstonight.co.za_4947d97c403248217bb6c561819984948d4ea0f93eddebb8bed85820	94.08	95.09	93.09	0.00	0.00	0.00	310	16	23	0	0	8
20120112_www.latimes.com_7813a9736252189070abfda11663cf03ebfbce16d4fac270cf184c58	89.62	91.20	88.10	0.00	0.00	0.00	259	25	35	0	0	7
20120117_topnews.net.nz_9bfcb66030a6d918d49e40c03c6b4ff3f8d5b202176a974eaa5afe9f	92.62	95.83	89.61	0.00	0.00	0.00	345	15	40	0	0	7
20120117_www.google.com_c29fb1d041fc32e81b9f9dcdae0827b060e5de8d963198c1d1ba8dab	90.48	90.78	90.17	0.00	0.00	0.00	266	27	29	0	0	11
20120112_www.iafrica.com_7edd9b541414b73079bf5c811c81fb93e2337bf976ab3484252ecf96	89.98	88.53	91.48	0.00	0.00	0.00	247	32	23	0	0	8
20120112_timesofindia.indiatimes.com_86d9c13b0000d41c59712badf36a3a6e49ae660e956d17d7841b959b	94.88	95.25	94.50	0.00	0.00	0.00	722	36	42	0	0	17
20120117_www.vancouversun.com_a8fbdd69f65db06aa729e3db8df251d9939313d3d9cab7a8ad116dfb	91.00	90.54	91.47	0.00	0.00	0.00	268	28	25	0	0	9
20120112_www.msnbc.msn.com_816efc90821d446121da0919d604c25bcf609dcdae1315719001cf5e	69.98	62.15	80.07	0.00	0.00	0.00	450	274	112	0	0	20
20120117_www.newsday.com_fa8d57f892007d63353bb71812d9854099c10ea56e7633977b5b4068	86.26	82.57	90.30	0.00	0.00	0.00	270	57	29	0	0	10
20120112_www.businessweek.com_b77c6be214c157c40554ed2ce2cf6c41081f9a39df563f3df245ecf8	89.41	86.09	93.01	0.00	0.00	0.00	359	58	27	0	0	10
20120117_www.abc.net.au_de78bc966dde34a1742c725701302d1454a167d4ff15066abcc3cdee	92.03	92.70	91.37	0.00	0.00	0.00	508	40	48	0	0	20
20120112_tvnz.co.nz_695629943f191bba92909e10c5c610e6a2926c80af35069ab5185b24	51.29	36.97	83.71	0.00	0.00	0.00	149	254	29	0	0	6
20120112_www.bbc.co.uk_2cac11f4fbd2f55894f9f3e7fb28c8fc105988fdc00c5105aa91bb96	90.71	93.46	88.12	0.00	0.00	0.00	586	41	79	0	0	26
20120117_wonderwoman.intoday.in_ac77509543e77c4fac40e105e32e2772efe84f6e1c2fe32e14f41a39	93.22	94.90	91.60	0.00	0.00	0.00	447	24	41	0	0	17
20120117_www.newstrackindia.com_09b376f9fbdb420dd698e70b05d9041f0616874e7234c88e99334115	93.52	93.57	93.46	0.00	0.00	0.00	786	54	55	0	0	24
20120112_www.washingtonpost.com_f7175bdb02eae7ca3a47a87655c79d451f44d1a4758b55052e72aa83	92.80	92.26	93.34	0.00	0.00	0.00	715	60	51	0	0	22
20120117_abcnews.go.com_02f75071c1cc07e05a78a2f1062f1499b8c7a7cd5e01b23a9d932bd0	26.42	15.55	87.77	0.00	0.00	0.00	165	896	23	0	0	8
20120112_io9.com_342f14a83f5f7c3c3d8fa26c5a5f46e591212ad7a8bb2e45d41daa47	92.11	89.36	95.05	0.00	0.00	0.00	403	48	21	0	0	7
20120112_thechronicleherald.ca_d70e1b649f68e7e94bdc11385d626de54df9ff6312ea7464457c55e4	94.61	96.43	92.87	0.00	0.00	0.00	729	27	56	0	0	21
20120117_topnews.ae_60e71ed4515e93f5ae418efc8f91af85246a9e9daa63d9f8668f7367	94.86	97.04	92.77	0.00	0.00	0.00	295	9	23	0	0	8
20111215_www.walesonline.co.uk_8d91605236e7af55c0d28c54c1c1fcfefa87308d2f55ba1cbe0c7245	90.92	96.28	86.13	0.00	0.00	0.00	621	24	100	0	0	25
20120117_www.newsday.com_bd9a36f1d3fa8eeae139eabf18984c92b5fee713788fc1e6b479df0a	89.86	88.57	91.18	0.00	0.00	0.00	341	44	33	0	0	12
20120112_www.cbc.ca_0bcde571ac213d83e8f838480693af9d70c2ddc2b44ddd5221170be7	84.71	91.35	78.97	0.00	0.00	0.00	169	16	45	0	0	9
20120117_www.basingstokegazette.co.uk_9f95bd6b31caa6c22c8b78467947eb43fc3c27e87c476f41472b1090	87.97	90.00	86.03	0.00	0.00	0.00	117	13	19	0	0	6
20120117_www.sfgate.com_24e1213a9d551032be5ff810b012664630de7bd43e8f284e982daed6	83.35	75.18	93.51	0.00	0.00	0.00	418	138	29	0	0	8
20120112_www.barchester.com_4c4d0427e91d6004553087582714950ca37bb14a373c872a31053a77	89.52	90.71	88.36	0.00	0.00	0.00	205	21	27	0	0	10
20111215_lifestyle.myjoyonline.com_b5b6ed9b355b6a6cc165063e69e3751d6d208794a0584ae03c75329e	92.03	95.85	88.50	0.00	0.00	0.00	508	22	66	0	0	24
20120112_www.reuters.com_2d186f1bdc126e568e3394e1f1af926f58c39d8ccbe1ec0fe30ddec5	64.71	50.91	88.77	0.00	0.00	0.00	419	404	53	0	0	16
20120117_www.nursingtimes.net_38b101d69b9c9cfe1e114d0559971d9c8902ae2648a37d32788f46eb	94.20	96.01	92.46	0.00	0.00	0.00	650	27	53	0	0	18
20120112_www.nytimes.com_baf47ee30129c2c69980ac4def3977ca1e07a46f9c06a9e493e567bf	88.58	84.03	93.64	0.00	0.00	0.00	221	42	15	0	0	3
20120112_www.news-press.com_0c04426f510b39823ae14e53c9d17984f234d2c32df1e081386a2d77	89.17	91.00	87.41	0.00	0.00	0.00	354	35	51	0	0	14
20120112_www.eveningtimes.co.uk_6ae06c166470c5b4275e7da2ad0b8a141e265d8b28ac4aa7569fd339	87.02	94.66	80.52	0.00	0.00	0.00	124	7	30	0	0	8
20120112_www.nursingtimes.net_ca29bcc1ba37628c31cd89cd917e90fff298ae75980920811a12f434	96.59	97.81	95.39	0.00	0.00	0.00	580	13	28	0	0	10
20120112_www.dailymail.co.uk_6a455c7e61c1346482ba40d477706011eb2561af0d9818921e748b49	56.80	62.61	51.99	0.00	0.00	0.00	288	172	266	0	0	26
20111215_www.google.com_8ad4138167b471c61549e62de2da82f1caf9d6fdebd33c02afb27c70	90.38	90.82	89.95	0.00	0.00	0.00	376	38	42	0	0	17
20120112_www.newstalkzb.co.nz_969d7ae1be36bfe4c30c9fc1ac89760b3822c295058c24b366e05a26	79.58	86.36	73.79	0.00	0.00	0.00	76	12	27	0	0	6
20120112_www.mirror.co.uk_8663691265499871d832ce0f04fa21b06218d200d99911ecead041a2	91.45	93.63	89.36	0.00	0.00	0.00	294	20	35	0	0	14
20120112_www.deccanchronicle.com_da4b4e7685d7a48f5ad320e14dcbcb15f6a8a98cd45fd798a8c6526a	83.94	86.17	81.82	0.00	0.00	0.00	162	26	36	0	0	8
20120117_www.foxnews.com_afd88d9ff26bde569ad8578614c9b61beaf56abf288bb42f8caf09d6	88.56	87.45	89.70	0.00	0.00	0.00	209	30	24	0	0	8
20120117_tribune.com.pk_8e315b727f49b50dfa980ef6488391d7e5735794b39fb5ac4e3d0428	93.01	95.50	90.65	0.00	0.00	0.00	446	21	46	0	0	15
20120112_abcnews.go.com_4735ad98695d777e63923731d5a16423868aad5704baa5ed79d98777	66.04	95.93	50.36	0.00	0.00	0.00	354	15	349	0	0	17
20120112_www.bbc.co.uk_11ac003bb189b173013ffe172a5f9d970511411776aa8a2240af5a06	88.29	91.67	85.16	0.00	0.00	0.00	132	12	23	0	0	8
20111215_www.webmd.boots.com_2805090080ec7ca0f50b4fdb245332f0d93d3818e08e7787940bfd3a	92.55	93.52	91.60	0.00	0.00	0.00	534	37	49	0	0	19
20120117_www.theglobeandmail.com_8c59ebceafadcfa87f6701a01405b73f13784564a6ec58f98208dfe0	90.68	94.84	86.86	0.00	0.00	0.00	423	23	64	0	0	17
20120112_www.winnipegfreepress.com_f785568958931d55422ffeb15b71ca9116ed2ad2eb734058b02090a4	93.50	94.41	92.60	0.00	0.00	0.00	676	40	54	0	0	22
20120112_www.guardian.co.uk_2da9855bcb31797fa476727a38f3291bae6e12f139c30c9fdce29580	96.19	96.88	95.52	0.00	0.00	0.00	2705	87	127	0	0	52
20120112_www.irishhealth.com_a361acaac9810b5100c62926d5649a6118027ffb60db7aef06c9df8a	81.78	92.54	73.26	0.00	0.00	0.00	211	17	77	0	0	11
20120117_www.healthcanal.com_8edecf312eef5bede6750ca9181875c2970b5e31b026251abfafa9c8	87.41	82.24	93.28	0.00	0.00	0.00	375	81	27	0	0	9
20120112_yourlife.usatoday.com_e8a5ad12c6630b952c1cbe67286f1f6d788fd681e836f6d807bdb143	85.11	77.62	94.21	0.00	0.00	0.00	586	169	36	0	0	14
20120112_www.independent.co.uk_224f87017b56cc4cb55e8039a1a6314296b5aff48f7f4ae79924bfbd	87.37	82.79	92.48	0.00	0.00	0.00	332	69	27	0	0	10
20120117_www.dailymail.co.uk_9e40ba53973df4419b48d86e95478a5c4cef943be06afb1f0bb8c467	92.93	96.21	89.87	0.00	0.00	0.00	736	29	83	0	0	27
20120117_www.webmd.com_0d9c995cb887514cfdd86a410c23334910a6b70382ec506577562fd0	78.47	95.55	66.58	0.00	0.00	0.00	494	23	248	0	0	19
20120112_www.medpagetoday.com_873994fea57f1921838fad1316c448b9102c2a8dae2620fd75303413	89.22	84.19	94.88	0.00	0.00	0.00	815	153	44	0	0	18
20111215_www.foxnews.com_df946aceb02b3f5fdf45cf23aaa92a1e8c0eff450eac22c459ff5243	89.82	89.64	90.00	0.00	0.00	0.00	225	26	25	0	0	9
20120112_www.montrealgazette.com_a00bac034dbcb0826e2ff48108e07a317aaef845e74312b563621b4e	88.16	89.29	87.06	0.00	0.00	0.00	175	21	26	0	0	9
20120112_twocircles.net_e952787cf52feb093284b1e08fa3e2bbf673634e3a36618d1e5ae5f7	90.25	90.82	89.69	0.00	0.00	0.00	287	29	33	0	0	13
20120112_www.nytimes.com_061e77b36ba562f36887601596fba176227c5e11001bfd4cda5dc993	91.80	98.98	85.59	0.00	0.00	0.00	582	6	98	0	0	18
20111215_www.managementinpractice.com_421454829cb75f32eef8f31f549a8c7d7c5d24694732c1888019acd9	92.39	93.05	91.74	0.00	0.00	0.00	522	39	47	0	0	16
20120117_www.thehindu.com_8b040e087a12de4d40f989bae180f0f17387a2d0e9645faa766e108f	95.32	98.81	92.07	0.00	0.00	0.00	499	6	43	0	0	18
20111215_www.dailymail.co.uk_7649c3f49d8273fca6eb44499d790769421004f1ed50404d7cf1ffff	88.09	92.17	84.36	0.00	0.00	0.00	577	49	107	0	0	27
20120117_www.theage.com.au_0049210621f02153b666a988fed86fa63c93213f53b3fbd2e16f75ed	91.31	93.06	89.63	0.00	0.00	0.00	268	20	31	0	0	12
20120117_www.timeslive.co.za_893bb50c7b91e8b82e215045de8580f9162b6ada30a3c21ba63e4167	80.65	74.89	87.37	0.00	0.00	0.00	173	58	25	0	0	9
20120112_www.guardian.co.uk_ed85aeb8e6073435855f5d682554f3b5905d7cfd035343cc27052ab9	93.50	95.30	91.76	0.00	0.00	0.00	791	39	71	0	0	30
20120112_www.smh.com.au_a06534b3c16eaf51c4fac344f19aebef34c49dc2d543a7f721bcf310	93.35	95.22	91.56	0.00	0.00	0.00	597	30	55	0	0	24
20120117_insciences.org_5a38d0d9d1f6c2efa76613a579a1d272a5e049b9a1b335572bddc86f	92.95	91.43	94.53	0.00	0.00	0.00	864	81	50	0	0	12
20120112_ibnlive.in.com_f950be00fcdabd04adcb105977662b15b9670d4580731ba46b6df8f7	97.21	98.01	96.42	0.00	0.00	0.00	296	6	11	0	0	2
20120112_allergies.about.com_88102a1ab73f5b15f96c77a675276d1c9fa99136710d86ce8cd8cece	93.42	96.92	90.16	0.00	0.00	0.00	220	7	24	0	0	4
20120117_www.publicaffairs.ubc.ca_960736fb4b55a2aef25f35953090a0abed467b5780f847eed52607a6	94.04	94.25	93.83	0.00	0.00	0.00	426	26	28	0	0	10
20111215_www.google.com_453dc5333df9263e7a38cab1675e8cc6945729c15c9b4861a5203573	91.41	91.56	91.26	0.00	0.00	0.00	282	26	27	0	0	10
20120117_www.deadlinenews.co.uk_46f85fba84210a9d8297175a51f0a455e02739a8acb325476f397dc9	85.71	82.23	89.50	0.00	0.00	0.00	324	70	38	0	0	13
20120112_www.bbc.co.uk_ad1db78d02be495a79ccaa71c7f97feca24c11fbb4743486ed5bc98d	92.86	95.83	90.06	0.00	0.00	0.00	598	26	66	0	0	25
20120117_ottawa.ctv.ca_185d58d6bafc8849152ce0430eeb8d243450e52025686429eca85123	93.92	98.36	89.87	0.00	0.00	0.00	479	8	54	0	0	20
20120112_www.latimes.com_e85343665d685346620e87c39a9c9f6812c15a84e41f5bd37d86bf29	92.37	96.72	88.39	0.00	0.00	0.00	472	16	62	0	0	12
20120117_www.brecorder.com_4801b9e0afc780d1d7960bf690f894d021dc81cde930b60d977d047e	87.40	88.54	86.29	0.00	0.00	0.00	170	22	27	0	0	9
20120112_ottawa.ctv.ca_f8655d60b23aa3b109bef4b98aa48daa6a2c1b0e1710a57715054dbf	86.71	90.51	83.22	0.00	0.00	0.00	124	13	25	0	0	8
20120117_www.mirror.co.uk_c3f826ea9cea6fbf59e17bca1670119e472c7e984c38bf7cc7369950	88.89	89.58	88.21	0.00	0.00	0.00	172	20	23	0	0	8
20120112_www.businessweek.com_a3c2447b038ee157ff05a6e38a9f1923422b8f38d0eb556eee61c7e8	92.42	92.69	92.15	0.00	0.00	0.00	317	25	27	0	0	10
20120117_economictimes.indiatimes.com_e2109c7328f2ed169f12e980884fd522d752b999667aca3a913a5a6b	91.96	90.65	93.32	0.00	0.00	0.00	349	36	25	0	0	9
20120117_www.vancouversun.com_5c5c8a2b675997c08c964a232714b1e2815473e93bf43e12e25d2ecd	92.66	94.80	90.61	0.00	0.00	0.00	656	36	68	0	0	25
20120117_www.sunderlandecho.com_11ef26314b2339538dba0edf09303ccba6fecc6d108cea306d79a8ca	91.68	94.09	89.38	0.00	0.00	0.00	446	28	53	0	0	22
20120112_www.forbes.com_9df15b8203b99aed7f5f16cf325910f94c8a9705a4f860d2f64d4dea	95.31	97.12	93.58	0.00	0.00	0.00	539	16	37	0	0	12
20120117_www.vancouversun.com_645c3e13b7ed69829ebfa404ab367f5d607585e3408017d5053f2cca	59.06	45.85	82.95	0.00	0.00	0.00	365	431	75	0	0	19
20120117_www.nzherald.co.nz_bf50a7c3faa7e7b961fa7b79d60c5a5c6bac6afd3c3fff1ad383ecb4	89.36	91.53	87.30	0.00	0.00	0.00	378	35	55	0	0	17
20120117_www.hudsonhubtimes.com_81a2ad8a87eed065c4f97bf6d0d7b432a82f3ad18974f116dca3197c	94.57	96.43	92.78	0.00	0.00	0.00	540	20	42	0	0	14
20120117_www.voxy.co.nz_64f99e60c3422776c249206a1764c6971075a8fb130b45d8d5d47153	91.09	93.50	88.80	0.00	0.00	0.00	230	16	29	0	0	8
20120112_www.nytimes.com_30ea681ec1f2ab872b3df28d1b564d0462ef30c3cc15b136cfd0ce7d	89.13	90.91	87.41	0.00	0.00	0.00	500	50	72	0	0	13
20111215_www.metro.co.uk_ff128efb71f99871a9fa169dfe705d91a2f03511fae894416f72e872	89.61	88.86	90.37	0.00	0.00	0.00	319	40	34	0	0	13
20120117_news.nationalpost.com_9c41a76b35f0bece9d7fe3cc2535a83c4623c27625b8f483ce92764c	90.47	94.88	86.44	0.00	0.00	0.00	204	11	32	0	0	9
20120112_www.dailymail.co.uk_f8b255be5b8a3e960e4dfd26706fa9958f441c373719abb15ffa4044	92.14	91.92	92.36	0.00	0.00	0.00	774	68	64	0	0	28
20120117_www.heraldsun.com.au_8126059a034413bbc5feda6c0972a2f4bcdc10a4a2966756524bdb9a	91.42	95.75	87.46	0.00	0.00	0.00	293	13	42	0	0	16
20120112_www.bbc.co.uk_370e10cd75d7a03b7bc85b98a0e95d013bf0d85ae93a5be07970dae4	86.71	89.07	84.46	0.00	0.00	0.00	375	46	69	0	0	20
20120112_www.cnn.com_b78b02dda94a0bb1c9af1b450bcee42ba27a409fbffe44a63f9a8983	93.85	94.79	92.92	0.00	0.00	0.00	709	39	54	0	0	22
20120112_www.vancouversun.com_a7a143f20a560992ca878cd0e6885e75ff1af630c7f58a543b227fe4	78.46	70.20	88.91	0.00	0.00	0.00	417	177	52	0	0	18
20120117_www.theglobeandmail.com_36ea6f6eaa3cef710ab028cb216c78e11fb821c228bf17694d43eedd	79.61	97.20	67.41	0.00	0.00	0.00	486	14	235	0	0	19
20120112_www.winnipegfreepress.com_f121c190f81259fa99612eb9152b0ac825793db04cd4b59b89c81bbc	83.53	81.92	85.20	0.00	0.00	0.00	213	47	37	0	0	13
20120112_www.ottawacitizen.com_18f1f1488b03dfd50b6ecf166a058c0b1ce363b539db75ff6733e5b8	94.34	94.34	94.34	0.00	0.00	0.00	750	45	45	0	0	19
20120117_m.smh.com.au_57f2c0b04d678f4c82e7fd29ffe36fde93311599c23e007af0365532	92.24	93.82	90.72	0.00	0.00	0.00	440	29	45	0	0	19
20120117_www.dailymail.co.uk_250e9a011bf4213fbe5b098b27130f7bf5d7f435e72f9deaad5ae28a	46.34	38.64	57.88	0.00	0.00	0.00	393	624	286	0	0	27
20120112_www.thelantern.com_b49a9c7f9d4771315e26a88430b005576a9a39a5432767d9a1591ca3	94.78	94.42	95.14	0.00	0.00	0.00	372	22	19	0	0	6
20120112_www.latimes.com_86590de2901a8e344e80e97320b29447c9e32973abca5f94e937e36d	71.43	85.06	61.56	0.00	0.00	0.00	205	36	128	0	0	11
20120117_www.vancouversun.com_f6fc048f5ef474ad6269dfe36c60d0dcc09d71b34e234d5b0f904448	92.18	93.16	91.22	0.00	0.00	0.00	395	29	38	0	0	15
20120112_www.guardian.co.uk_1dea54cb2bc43d561690560e0813621721c012ebd0fb1c8104978169	89.79	86.77	93.02	0.00	0.00	0.00	400	61	30	0	0	11
20120112_www.nydailynews.com_560098327943ada908b93cdf6817fc62425c05f81984b3a69f599a0a	36.36	23.39	81.60	0.00	0.00	0.00	102	334	23	0	0	6
20120117_www.therepublic.com_462638bd8246b7eedeb61fc13c6570fc3d0001fe9f9944719fc9810f	93.94	91.94	96.04	0.00	0.00	0.00	1163	102	48	0	0	18
20120117_www.radionz.co.nz_8f4cfaaed56962ae6a500d669bd618905f87346dda87037cf72e78b4	83.21	82.58	83.85	0.00	0.00	0.00	109	23	21	0	0	7
20120112_www.reuters.com_7a3ed76095e0102a7e0d096cf11f2a1e75c1376bc923de2879fa8700	92.19	92.89	91.50	0.00	0.00	0.00	549	42	51	0	0	17
20120117_www.nzherald.co.nz_e2d26048653a5baacec16d8d6ce2140a0aadcb05c4af0803b2625f06	84.93	88.57	81.58	0.00	0.00	0.00	93	12	21	0	0	7
20120112_www.proactiveinvestors.com_983802c35aa5afe93e2a85e759d02be06913749c233fe29eeb96188a	94.83	97.19	92.59	0.00	0.00	0.00	587	17	47	0	0	14
20120112_www.dailymail.co.uk_312178333630c1aae812202f6affe4de2fd6cd800ceabe34cad6cc90	40.69	48.63	34.98	0.00	0.00	0.00	71	75	132	0	0	9
20111215_www.google.com_c50d4f7677fffc9b7484502340de3b0f9a260d11719611e9f17b162a	93.10	93.33	92.87	0.00	0.00	0.00	378	27	29	0	0	11
20120112_www.latimes.com_4fc3f7c44882404f7f8748637fb8161f338c91bdb294af9c0398c74f	92.04	91.58	92.50	0.00	0.00	0.00	370	34	30	0	0	10
20120112_www.google.com_67ab2a5fb5ec4c1d92d352aba2b3b6963a455bc6fa881ad8f99b1126	92.03	92.22	91.83	0.00	0.00	0.00	427	36	38	0	0	15
20120112_www.stuff.co.nz_9b4fbd0f0ab4011910cbfcd80261b4fb2227a0ddd893e05e925c8df6	86.32	84.52	88.20	0.00	0.00	0.00	142	26	19	0	0	6
20120112_www.reuters.com_9805087f9c2bdf6ce2cee7f755b2f88f80ac2b09d470bc6fefeb9954	88.50	88.12	88.89	0.00	0.00	0.00	304	41	38	0	0	13
20120117_www.bbc.co.uk_0e2fefb1a9fc14934b311f00ca71bff7cc909fcacb09d097dafac787	88.89	95.10	83.44	0.00	0.00	0.00	272	14	54	0	0	15
20111215_www.bbc.co.uk_cef0d1619babf56ae2533742ef19512e3ecf3e818a4bcc3036bcf0c7	93.76	94.92	92.63	0.00	0.00	0.00	616	33	49	0	0	19
20120117_www.dailymail.co.uk_868c9443878fc41941fe65a4574ec9b012d876912874d4247b4b4258	36.50	32.05	42.37	0.00	0.00	0.00	175	371	238	0	0	16
20120112_www.newsandstar.co.uk_87af71c469ffa03161f85d93769c28c54d8c6685e696c81d02585bf3	91.32	93.40	89.32	0.00	0.00	0.00	368	26	44	0	0	17
20120112_www.sflorg.com_69d1e2e5f6f122887db7946844596f17eb2c74e413a3334539b76f05	93.33	93.09	93.58	0.00	0.00	0.00	539	40	37	0	0	15
20120112_www.indianexpress.com_3ebbb58ef7787735f565d87fa7d914d3181809a65a188920232cf435	90.60	94.64	86.89	0.00	0.00	0.00	159	9	24	0	0	8
20120112_www2.canada.com_061c2254d186cba1de8bc740da2f39c8df5b5bd530b2e1f27df8b166	93.45	94.63	92.31	0.00	0.00	0.00	564	32	47	0	0	19
20120117_www.bbc.co.uk_a7667a2dd7fab4c06608182e1704ddf4d1d2acc211ad5e97f9abf377	80.65	95.54	69.78	0.00	0.00	0.00	471	22	204	0	0	27
20111215_www.marieclaire.co.uk_0301be353cf37074e378724e6db3fc2f4dcdffcb6d695876516b1ea8	90.00	95.39	85.19	0.00	0.00	0.00	207	10	36	0	0	8
20120117_www.edp24.co.uk_cf53688f0ddfaada390a52d8d7f7fa7b40da6ef015999500807ff06f	5.41	20.54	3.11	0.00	0.00	0.00	23	89	716	0	0	24
20120117_www.odt.co.nz_93f5a1917311c28282a1f2c7912c2c554160045db323bde92b9aaa62	93.47	98.84	88.66	0.00	0.00	0.00	594	7	76	0	0	28
20120112_www.iomtoday.co.im_c5606ce4748c1b5e2be3e508a1b06af67461d8887fa4c27ecdf44502	94.46	97.50	91.61	0.00	0.00	0.00	273	7	25	0	0	8
20120117_www.independent.ie_77aa2a14f308dae5bd7b258322bdd455f3477d449671fd90280d9b07	92.13	93.33	90.95	0.00	0.00	0.00	392	28	39	0	0	16
20120117_www.google.com_9667d9c24318ed07ff13eb022b3d10796f03cdbf0dd8bfff59310578	89.59	89.76	89.41	0.00	0.00	0.00	228	26	27	0	0	10
20120112_edmonton.ctv.ca_544d41a827d7fd0d0bd2af150f9762dab35350867f0e55c21ac775c3	90.44	97.66	84.22	0.00	0.00	0.00	459	11	86	0	0	22
20120112_www.winnipegfreepress.com_d3aaf237c8360e10bd94e16808e6d49438f61f1501bebc3aa0289b0f	84.28	79.75	89.36	0.00	0.00	0.00	126	32	15	0	0	4
20120112_www.guardian.co.uk_65b7b5ad66fc92fcdc8cd6a289d65590c824c508ee901becca783449	92.18	90.89	93.50	0.00	0.00	0.00	489	49	34	0	0	13
20120117_www.bizjournals.com_c30980d4262c0ccdc79d548cbc4dfe17d5c6d7b62980d12d353ef9ae	81.05	76.62	86.03	0.00	0.00	0.00	154	47	25	0	0	6
20120117_www.guardian.co.uk_f67c60f60b69ff9f1bad8b64904021df55697b479250c39b831c3191	95.57	95.01	96.13	0.00	0.00	0.00	819	43	33	0	0	11
20120112_www.miamiherald.com_f9bee98cb7f78f08fc8e75634629d28c6cc109d0aa31d444031dd977	94.90	96.04	93.78	0.00	0.00	0.00	558	23	37	0	0	15
20120117_www.ndtv.com_9217541c6e041802716cd7470f536583e5bc5aca5234bf5802d9a31a	83.87	83.87	83.87	0.00	0.00	0.00	130	25	25	0	0	8
20120112_www.ctv.ca_212977300121cb60ac349698924e039bf25162fd18da3179df05166a	91.04	90.24	91.87	0.00	0.00	0.00	305	33	27	0	0	10
20120117_www.guardian.co.uk_fc352e3c04cb88c6627e38aa69093e73d732faa742edf95814454563	94.00	94.32	93.68	0.00	0.00	0.00	1096	66	74	0	0	29
20120117_www.thecomet.net_5b391a285e5caa070f6cca73c004844fa4463973740b0300162f65a6	86.84	82.45	91.71	0.00	0.00	0.00	498	106	45	0	0	13
20120112_ibnlive.in.com_09fad9c959056d10ec19c574be69fde6666617dfc01321c4e5620f9a	38.37	25.48	77.67	0.00	0.00	0.00	80	234	23	0	0	6
20120112_www.smh.com.au_d0f78d966103c3cb2e487699416e834f27469fed8f0e0749218c1cc5	90.20	92.00	88.46	0.00	0.00	0.00	207	18	27	0	0	10
20120112_www.winnipegfreepress.com_312294e70ef9fd00ed668ccfb5c89f5d28eb6c660916f044f7f548a2	91.96	93.18	90.77	0.00	0.00	0.00	246	18	25	0	0	8
20120117_www.dunstabletoday.co.uk_4eedc3a6179bbd2ffa837339987deffa8d97dff279b6bedf6930e6d7	90.02	93.88	86.47	0.00	0.00	0.00	230	15	36	0	0	12
20111215_au.news.yahoo.com_7ba45c98f6335a1c593e17752672e5ec5d561d1fbff35cd41648ffa7	94.03	95.49	92.61	0.00	0.00	0.00	677	32	54	0	0	23
20111215_www.guardian.co.uk_ec041a3edeca458419db6cb4dde71cd7452e42dc8b4433092b0e1db8	94.97	95.46	94.49	0.00	0.00	0.00	652	31	38	0	0	15
20111215_www.cbc.ca_6264e1e535a48110aee84a3640782736ff3920037273d743ac157719	87.50	82.68	92.92	0.00	0.00	0.00	315	66	24	0	0	8
20120112_www.marketingmagazine.co.uk_96fd908afe32f4e7f840febe777ae963ae37fe91334740e9acdbff9f	85.60	85.77	85.43	0.00	0.00	0.00	217	36	37	0	0	11
20120117_www.telegraph.co.uk_cd54a74e1100aec1ace442dbab89377297f39c00968c92be3efd2c3b	93.11	95.36	90.96	0.00	0.00	0.00	473	23	47	0	0	19
20120112_www.winnipegfreepress.com_136441b6d619d87485c05e17c0d3b6a8187aed870a0ca285bfb52647	93.82	95.69	92.01	0.00	0.00	0.00	311	14	27	0	0	10
20120117_www.guardian.co.uk_2db34db46735626bb17099f1e04a0b8a3614ac789391c9bfe3cfd4e6	90.23	89.61	90.85	0.00	0.00	0.00	457	53	46	0	0	19
20111215_www.economist.com_303e7a3288d2b109062b6ebcd0676f206e605325782fe0a181f02049	95.52	95.75	95.30	0.00	0.00	0.00	608	27	30	0	0	11
20120112_www.torontosun.com_91c106f56f21bc8531d5ccbf0a13cbe69e03b99196ba7e101de25ebc	82.32	86.89	78.21	0.00	0.00	0.00	305	46	85	0	0	14
20120112_www.whitehouse.gov_8a4f1f3cb5ec3c71b3480a56cbbff449d1973595033b728f7e82fadf	59.30	44.80	87.67	0.00	0.00	0.00	775	955	109	0	0	17
20120117_www.theglobeandmail.com_c3fe22bd483d39744f5167a535f088dcf14bba58bec16fa0263b4594	84.80	98.51	74.44	0.00	0.00	0.00	594	9	204	0	0	22
20120112_www.cbc.ca_985f91ae25e09e716a9ce0ebaf13f3b665624571ecec84b96a02c37b	93.77	94.66	92.90	0.00	0.00	0.00	798	45	61	0	0	25
20111215_www.doctorslounge.com_15111bc542b72dd41c3c4b2c6fe3cff546b7114acc06414e73c1d028	92.08	97.47	87.25	0.00	0.00	0.00	308	8	45	0	0	7
20120112_www.upi.com_6bc0cec6f101a06f51f10a4f029ca1ede9c205c88cbda6fe24b3df82	86.15	83.76	88.69	0.00	0.00	0.00	196	38	25	0	0	9
20120117_medicalxpress.com_e90868732f31bc8286c67c05fdbc456e9b374ced94bb3999dd91baa9	91.26	93.52	89.10	0.00	0.00	0.00	1054	73	129	0	0	23
20120112_www.medpagetoday.com_aa700f3f9f132418c19d956b92e7eb611bc588a9508c5a40b5866f24	85.96	79.66	93.35	0.00	0.00	0.00	744	190	53	0	0	23
20120117_www.google.com_19aa0640b07ea6eb3987b8d6b9404183ceea2938464b7cc39defc095	83.51	83.22	83.80	0.00	0.00	0.00	119	24	23	0	0	8
20120117_tribune.com.pk_f982bbb2b1b6d22a3c33fba07b265a1c8be69562b8d48f773729c81b	92.48	93.37	91.60	0.00	0.00	0.00	676	48	62	0	0	25
20120112_www.australianageingagenda.com.au_150094aaab7e7d7c97de03a0a09cd7cf43b05fcb94360f56845c3451	85.20	81.54	89.19	0.00	0.00	0.00	751	170	91	0	0	26
20120117_www.sunlive.co.nz_3c48f558ca87f7ac2a9a687942948a7ef61fd35dd5f2d1d7c1aa0d23	5.63	6.15	5.19	0.00	0.00	0.00	4	61	73	0	0	5
20120112_www.bbc.co.uk_2fd5753588bcd3ba3776b6228b5ea295f7da0cfca206616b78f0dcbd	91.60	93.16	90.08	0.00	0.00	0.00	545	40	60	0	0	22
20120112_abcnews.go.com_ca192dd70c0168c3fb3b9d1368f8639f8d08d096411274279c13e5a7	93.25	94.69	91.85	0.00	0.00	0.00	642	36	57	0	0	25
20120112_calgary.ctv.ca_78e64b611dc5144c5172c519d9292e75405bc6e4e0e4f07ad2a9fef2	88.89	88.10	89.69	0.00	0.00	0.00	348	47	40	0	0	16
20120112_www.abc.net.au_ff741952f475153888649fb76bf2e79f320b35b575d19c91ffa35239	88.22	93.27	83.69	0.00	0.00	0.00	277	20	54	0	0	15
20120117_www.ctv.ca_a35ad8f1e7324913bc915620a77f658f9251e90ce04b2e26481a983d	89.93	92.42	87.57	0.00	0.00	0.00	317	26	45	0	0	13
20120117_www.nupge.ca_4c77177539fb6c459770af26a327d14c4d1eaaf87656de3226b15fa9	89.92	90.28	89.56	0.00	0.00	0.00	223	24	26	0	0	9
20120112_www.boston.com_606e55320555966ac0b51b84c1ca252f0201df165c674235ca03125a	92.15	91.67	92.63	0.00	0.00	0.00	704	64	56	0	0	21
20120112_abcnews.go.com_3a6a0eb843fbdd0cf4c05f9cf4fc3e325539f9a837029af6c52617c2	93.14	96.81	89.73	0.00	0.00	0.00	699	23	80	0	0	28
20120112_www.guardian.co.uk_fe4c86a6ff1334cd703e1fba09498b614fd4d8c6e9c5e1a1de4e114c	94.54	93.58	95.52	0.00	0.00	0.00	554	38	26	0	0	9
20120117_www.whatsonxiamen.com_ba0e4cea49bff71d8594d0f09657da0e7b73bb9ba4285d7dec1ac3b5	74.69	64.29	89.11	0.00	0.00	0.00	540	300	66	0	0	26
20120112_www.vancouversun.com_b485e4d763bfebcc1913826217da60fd9e9773675bdb336c2826cbd7	92.87	93.52	92.24	0.00	0.00	0.00	606	42	51	0	0	22
20120117_www.thetelegram.com_84e336661344c69f7d06dbf5d9ed920e501ed62e7b64b477e5b84dec	67.92	56.90	84.21	0.00	0.00	0.00	272	206	51	0	0	19
20120117_yourlife.usatoday.com_704d21574d01a67167c1582fb3590fc9497721570a41faaa3567da03	37.82	26.03	69.14	0.00	0.00	0.00	457	1299	204	0	0	16
20120117_india.blogs.nytimes.com_72a69c84ecf4506792e5ceb8f6afb3d2b94e5d4c01a55e9869e03e4d	92.85	94.57	91.19	0.00	0.00	0.00	435	25	42	0	0	13
20120112_www.sabotagetimes.com_da830dfb205df2f71599d1c4aecc45c80fbd1d2ba8d2e60b05aa003c	97.22	98.31	96.15	0.00	0.00	0.00	1397	24	56	0	0	20
20120112_www.bbc.co.uk_fed2d4456144c04c9622e239524c1ee8eae2fdce2f3436eabad141bb	91.04	92.76	89.38	0.00	0.00	0.00	589	46	70	0	0	23
20111215_www.mirror.co.uk_f887e1936d0c1f680961f37b3abb04db60403537f320eb0ff964ec43	92.50	97.40	88.07	0.00	0.00	0.00	487	13	66	0	0	24
20120112_www.yorkshireeveningpost.co.uk_9a866a81bb685e50a97428a7f2560081a7592e85ca57c4fbc0ed4c2c	90.52	93.56	87.68	0.00	0.00	0.00	363	25	51	0	0	21
20111215_www.guardian.co.uk_3791c8c67c664abd757652c5675e6092ee08625e681177d7a4b4b68b	93.96	93.17	94.76	0.00	0.00	0.00	723	53	40	0	0	16
20111215_www.telegraph.co.uk_9bcaa3e3dcef2649906d23c1601f489bbac24913392be2b14e2a9a3a	90.18	90.86	89.50	0.00	0.00	0.00	179	18	21	0	0	7
20120112_www.publicservice.co.uk_971d853591cd37f6c9521317f8ef61a1f3915dcb903c30626a9cf5dd	95.10	97.40	92.91	0.00	0.00	0.00	262	7	20	0	0	6
20120117_www.lportepilot.ca_52a9cf5e2276b39a9cb7c9b3e6b1e8320ce5b5d88d5539ae8d4775f5	89.29	90.91	87.72	0.00	0.00	0.00	200	20	28	0	0	9
20120117_www.dailymail.co.uk_c34acbbc260a94c894ed42d9e6fc75a03c008fdf32e31f38a73a156e	53.29	79.81	40.00	0.00	0.00	0.00	166	42	249	0	0	12
20120117_www.foxnews.com_b35609e4d760d5a249f4bb6a2b83c0bbbf71cb72480598a225771c2a	89.82	93.92	86.06	0.00	0.00	0.00	247	16	40	0	0	15
20120112_www.mirror.co.uk_0e915ee902e421aef19a4b8a664f2c7536b78caa60bce0f72642dced	85.39	95.30	77.35	0.00	0.00	0.00	304	15	89	0	0	13
20120117_www.theopenpress.com_f9539b4ba770cb31fcc376022ea3c2996dacf42bf088e4df1615f985	95.14	95.41	94.87	0.00	0.00	0.00	499	24	27	0	0	10
20120117_news.nationalpost.com_74eaa2b17b3146369c04833892352093f12b0df130bbb61431de91b5	11.84	61.63	6.55	0.00	0.00	0.00	53	33	756	0	0	22
20120112_www.bbc.co.uk_3dab24877ffe3d24aee57e63eb9b5857a0d9836ce966a5d836040f59	89.23	91.78	86.83	0.00	0.00	0.00	402	36	61	0	0	22
20120112_www.google.com_9dd19dd19f4a840eb2f87caa1c3c5e6c4112bc4ca62f84017385581d	93.98	94.18	93.78	0.00	0.00	0.00	437	27	29	0	0	11
20120117_www.winnipegfreepress.com_3d2c24aeef2bf0ed60610f88eb47843cbc1976c6fb8fef769ef233b4	89.94	90.85	89.04	0.00	0.00	0.00	447	45	55	0	0	23
20120117_topnews.us_79cfa1c6466acf007f87bf67f0e374affc8120c151663dc2463d26da	95.11	97.19	93.11	0.00	0.00	0.00	311	9	23	0	0	8
20111215_www.guardian.co.uk_b36e55db3ad48406ceed89688831170e56512ba2c7de0cb6b93891d1	95.26	95.69	94.83	0.00	0.00	0.00	733	33	40	0	0	16
20120112_www.jarrowandhebburngazette.com_71c89c93cb008511004a762e5d1c15f4b60117914cff78d5e93f07d6	92.71	95.17	90.37	0.00	0.00	0.00	197	10	21	0	0	7
20120112_www.cnn.com_48eddc7c17447b70075c26a1a3b168243edcbfb28f01855583e24adb	93.02	93.28	92.76	0.00	0.00	0.00	500	36	39	0	0	15
20120117_au.news.yahoo.com_4aa7f002030a8673f4db18bfa24e0aa3d2911db35f4528fdd04edfe8	93.76	95.44	92.13	0.00	0.00	0.00	691	33	59	0	0	25
20120112_www.metro.co.uk_96d49010bd2a84ea46896494ced5e2ec29884c8e0edd43ddf1850015	81.99	88.79	76.15	0.00	0.00	0.00	198	25	62	0	0	11
20120112_www.scotsman.com_e74fa65d2a9e544286e9f237baadcb4e8becf848ee2b6603bc664d19	92.55	94.51	90.66	0.00	0.00	0.00	534	31	55	0	0	24
20120112_psychcentral.com_3a9cfac24bdf075bd32634d897361fd714e02fdcb50f17cb0aaf42ba	90.66	91.42	89.91	0.00	0.00	0.00	490	46	55	0	0	18
20120112_www.myfoxorlando.com_5316e9995f47bf3b13faa028459b28a6bb73c30e4d3c3475ed6a8a4a	92.93	91.69	94.20	0.00	0.00	0.00	861	78	53	0	0	23
20120112_yourlife.usatoday.com_55c1f30efcbbf616dd0d6952c512f8c5e67d1720e6e47bea6489f71d	88.23	83.10	94.04	0.00	0.00	0.00	757	154	48	0	0	20
20120117_www.thesun.co.uk_97b33a3732d80d84c9fef2b7e6c733d7b91a132347f3e9044f35f397	93.13	100.00	87.15	0.00	0.00	0.00	373	0	55	0	0	17
20120117_www.timeslive.co.za_a0912f9c500faf06ce1cf62da98d19dae1797e191b8de15189394c0b	88.82	85.49	92.41	0.00	0.00	0.00	548	93	45	0	0	19
20120117_www.radaronline.com_9184f5362e8be57a8f73f6a649b1511854ff899f95d144a59ad4d7b1	85.50	89.49	81.85	0.00	0.00	0.00	230	27	51	0	0	13
20120117_www.dnaindia.com_04710b4ff490dae30da92912687c1719baa1a6e07674fd1991ed7f4d	86.82	85.99	87.66	0.00	0.00	0.00	135	22	19	0	0	6
20111215_www.hi-mag.com_6ea8940a980c5a88125994f6499541148791f863a94d469ba4a0cf9a	86.12	80.98	91.97	0.00	0.00	0.00	332	78	29	0	0	11
20120112_www.manufacturing.net_ad45736475db03b9536eef3cdb34ccf60f9ef07dc912bcfcf4245260	85.69	90.03	81.75	0.00	0.00	0.00	533	59	119	0	0	19
20120117_ibnlive.in.com_c65401e744233a75f5a66e6ae61f696e97ececcc12d9cb41989677f9	89.04	88.55	89.55	0.00	0.00	0.00	317	41	37	0	0	10
20120112_www.google.com_5c2af7d81ade24ac0a6d705e205aca59813c67fba804f7b68e2e7455	90.23	90.39	90.07	0.00	0.00	0.00	254	27	28	0	0	10
20111215_www.bbc.co.uk_3ca58792bf38888e10ccbd352d0d8b3e434adb151e58dd5bb3f8106d	91.03	95.90	86.63	0.00	0.00	0.00	421	18	65	0	0	20
20120112_www.nzherald.co.nz_92a98794ce71cef4443a615e7e85c4f03b6e14112749bb4a700a1dce	89.62	94.53	85.20	0.00	0.00	0.00	259	15	45	0	0	12
20120117_www.stuff.co.nz_b0d183e283e09133e68cbc1853155aaff77a5a2dace064eaa1c3ff00	92.74	98.87	87.33	0.00	0.00	0.00	262	3	38	0	0	11
20120117_www.mirror.co.uk_f8be6c4657c4a99f9f21f241d17711deee8e523f57d65acfcb15c249	90.55	94.28	87.10	0.00	0.00	0.00	412	25	61	0	0	22
20120112_www.wgntv.com_475fcb0dc84d707e52e33598972f0e526d604e4705e070477983f0bc	87.70	87.70	87.70	0.00	0.00	0.00	107	15	15	0	0	4
20120112_www.washingtonpost.com_eee5361fb4852f29b7eb98e4d9949019eb19da0ace7c5a7aee0cea4c	13.71	90.91	7.42	0.00	0.00	0.00	60	6	749	0	0	18
20120117_www.nydailynews.com_dbfe488b757fbf3551f5c7b2dd4a68fbf3eb263f65d52756519d0ebe	82.74	93.50	74.20	0.00	0.00	0.00	302	21	105	0	0	20
20120112_www.dailymail.co.uk_ff9c182fecce89bc6d525676f170015ff98123b2bdc1f879edc21f07	92.11	93.58	90.67	0.00	0.00	0.00	700	48	72	0	0	26
20120112_www.deccanherald.com_d304064d4358383d7808f3bbf503c5826e0b7f489aca950e61bd9085	93.60	94.38	92.83	0.00	0.00	0.00	453	27	35	0	0	14
20120117_www.island.lk_8162a1b624866b5638873fee5cdfb747118e1c8575d7dd887af1a33b	93.09	94.63	91.60	0.00	0.00	0.00	229	13	21	0	0	7
20120117_www.tgdaily.com_0851f71842f41f2052d882d4156844d3fd5e123efe3982167bd6663e	93.61	97.02	90.43	0.00	0.00	0.00	293	9	31	0	0	12
20120112_www.cbc.ca_97b451f726d4c18b8f7459c91c8e3f2b4919a104b89b7f67e12e1c36	60.19	86.26	46.22	0.00	0.00	0.00	226	36	263	0	0	23
20120112_www.wcti12.com_d0aebf8b87325236ee29df29ddaa2eb34789a01904e1c209e98791ca	87.40	88.71	86.13	0.00	0.00	0.00	385	49	62	0	0	16
20120112_www.belfasttelegraph.co.uk_0ef4ec4b4b9d78605a3791b1b53eb1d2b2fd075ed44e802b118ee9e4	57.00	41.29	92.01	0.00	0.00	0.00	633	900	55	0	0	21
20120117_www.un.org_143b51c3684fd547bcde51cc7fe04f7f116a8a68bb7d831d4e3649c3	91.22	90.61	91.84	0.00	0.00	0.00	473	49	42	0	0	10
20120112_www.google.com_14cfd3cb4f12edb4e5a2b171b635ed1159404cd611b3e9ac7f5e86ae	92.80	93.04	92.56	0.00	0.00	0.00	361	27	29	0	0	11
20120112_www.leaderpost.com_d0f89b07583a3389aa1fb2b2a81da1f47d400e9192b74b0be5e025af	88.79	89.59	88.00	0.00	0.00	0.00	198	23	27	0	0	10
20120117_www.ghanabusinessnews.com_d09bdab2244e27eeaa32f4a185db97c1a235c11b54b1073a5884959d	82.22	79.29	85.38	0.00	0.00	0.00	111	29	19	0	0	6
20111215_www.guardian.co.uk_31b93cbfe27a3a985c316bb412d46ed3f95dedce5f7025956ac071f3	93.43	92.05	94.85	0.00	0.00	0.00	810	70	44	0	0	17
20120112_www.forbes.com_72b8b70aaa540585aabfdb414844299633f29d454e019d7fc7af9389	93.83	97.62	90.32	0.00	0.00	0.00	737	18	79	0	0	15
20120117_www.montrealgazette.com_2fee9fc5139f4e58e87b3a396028a869f78356060e0141259c5839e8	89.23	91.70	86.89	0.00	0.00	0.00	232	21	35	0	0	11
20120112_www.huffingtonpost.com_134580e5460d518c3321104c060d62c008a75a07e1d567e73ff5a7ef	79.51	68.72	94.31	0.00	0.00	0.00	613	279	37	0	0	13
20120117_www.penguin-news.com_375ac28c560fc04beb3fcc92cb02c1c9e4bec5918d952cf8b9a398b6	90.74	93.33	88.29	0.00	0.00	0.00	196	14	26	0	0	5
20120117_www.montrealgazette.com_a43a527070bdc6c5e87cbade806685dd8f225e3b1768786102f89ad4	92.51	95.56	89.66	0.00	0.00	0.00	624	29	72	0	0	22
20120117_www.sacbee.com_d47c90c533a794a05c1634ccff149222ebcc939b5cfc68eecf8274c2	58.68	43.19	91.48	0.00	0.00	0.00	333	438	31	0	0	9
20120117_www.winnipegfreepress.com_be7fd7a2212584780fcc85b7e50b430545b789b00b78b67a13d595d8	81.35	74.84	89.09	0.00	0.00	0.00	482	162	59	0	0	24
20120117_www.montrealgazette.com_a9fd53720eef6a3beb5af87f466cf208b31c74d9bef701fa0d149020	80.89	73.29	90.25	0.00	0.00	0.00	620	226	67	0	0	19
20120112_yourlife.usatoday.com_1516de67ca7051e7cf7c204cc89c1308cbf19f78c5887fd58842e37d	85.75	79.66	92.85	0.00	0.00	0.00	662	169	51	0	0	20
20120112_www.thisissurreytoday.co.uk_8de5e5ad20300334221f15813ff259633f180b3dd8cf4ea985b56ef4	87.71	86.67	88.78	0.00	0.00	0.00	182	28	23	0	0	8
