file	F	P	R	F.tag	P.tag	R.tag	TP	FP	FN	TP.tag	FP.tag	FN.tag
20120106_www1.rizospastis.gr_c3012ca8ca2a0968b8e9e79641f4699f8044d3a08a73dcbdfc81bf91	95.83	97.24	94.45	0.00	0.00	0.00	528	15	31	0	0	9
20120106_www2.rizospastis.gr_a7a091cc3d3f43051c1d9936b8c624431e06cc68b33122edaddc992c	97.48	98.82	96.17	0.00	0.00	0.00	502	6	20	0	0	4
20120106_www2.rizospastis.gr_3cb716eac237f1f7bcf5b28ff4d03f53d7ad825635a4075941062dcc	93.44	93.03	93.85	0.00	0.00	0.00	427	32	28	0	0	8
20111221_www.express.gr_473b6f39b78009b8a0db81b690d50d060be6df0afb48d985edfe8725	94.43	95.23	93.65	0.00	0.00	0.00	738	37	50	0	0	22
20120106_www2.rizospastis.gr_cc72f28afe32a750460efbacbda4d57b6edff351688288a36a59523f	93.33	97.11	89.84	0.00	0.00	0.00	168	5	19	0	0	3
20111117_www.express.gr_3a7503f984e19276fafaee944f124abc40f5019f6d714fe776d3e51c	91.89	93.21	90.61	0.00	0.00	0.00	357	26	37	0	0	14
20111128_www.express.gr_5ea35f8d3f8677bfe844c9e4048385563cb9ad1bc53664318a3a6743	95.36	95.27	95.45	0.00	0.00	0.00	503	25	24	0	0	9
20120105_health.in.gr_004c53da77f6a9296a961382585a3245aa5e4b1d2a8c27b2c0b05f0a	90.91	95.87	86.43	0.00	0.00	0.00	395	17	62	0	0	17
20120106_www2.rizospastis.gr_a0f860cb41ae2c3b953cf235d185cf1712018cc407b444ab1e827c1b	92.49	93.13	91.86	0.00	0.00	0.00	271	20	24	0	0	6
20111216_www.express.gr_64ac71e0d5681563f3e75768aee0872c9de9ccdb8d10e14c5ba86360	81.01	71.51	93.44	0.00	0.00	0.00	783	312	55	0	0	23
20120106_www2.rizospastis.gr_e5d6357544ca1d9a9d9402a219c058cd3f63a20c1dd410cc52e6d481	95.85	97.45	94.30	0.00	0.00	0.00	496	13	30	0	0	8
20120106_www2.rizospastis.gr_96b17e3dcadc28f81603031e63512767bbe5746b0f3084a84a743970	96.09	97.95	94.30	0.00	0.00	0.00	430	9	26	0	0	7
20120106_www.tovima.gr_5ccfcd5dc81da74ab6661a16fd7b3de18fc8d15ffaa35b40e3a7dbd0	93.29	96.00	90.74	0.00	0.00	0.00	480	20	49	0	0	17
20111115_www.express.gr_60c020d5a20cd32bc666c3802c29f4bf9f1ab818cbeca961cbfc3df3	95.29	96.59	94.03	0.00	0.00	0.00	425	15	27	0	0	8
20120105_www.tovima.gr_dbcf2d57f1b76bdc40669c282840a3409b8c518581e85ce81e4daf9f	89.37	95.35	84.10	0.00	0.00	0.00	328	16	62	0	0	13
20120106_www1.rizospastis.gr_626b66a3c33a4d73985317f4b6d4aba9ff0672358adca186c83815ad	85.80	80.15	92.31	0.00	0.00	0.00	420	104	35	0	0	8
20120106_www2.rizospastis.gr_c4a7903a237df85bb5d949b5e25e98697135c20e4a815f58682e75c4	95.16	96.39	93.96	0.00	0.00	0.00	560	21	36	0	0	12
20120106_www1.rizospastis.gr_dafd09614c48faabda09182993d6a6abaa82d1e9f3d718c92153a4cc	92.48	92.64	92.32	0.00	0.00	0.00	793	63	66	0	0	27
20120106_www2.rizospastis.gr_a3080aeaea1dd8ee4dd9e8839eaee10dc733e3f6999b3dda4ed6da14	93.15	97.14	89.47	0.00	0.00	0.00	170	5	20	0	0	4
20120106_www.ethnos.gr_44aae21960a8c7b7fffe2b0ee08830c11e2dfff034195fbfbc256ee4	92.55	94.97	90.26	0.00	0.00	0.00	491	26	53	0	0	18
20120106_www.tovima.gr_6d307fa8a293d2d3777242a012dd9c907afbe09ab654f0e6fe2b7e73	10.65	5.96	50.00	0.00	0.00	0.00	22	347	22	0	0	3
20111115_www.express.gr_56539caf20c6ff25edba98bb2a51a03dde06ae052798c5f91cb88e4c	94.54	95.34	93.75	0.00	0.00	0.00	450	22	30	0	0	11
20120106_www.sigmalive.com_be320757a36a7237f5e642f4df70bd00edf441e223aac4626bc69fab	87.76	90.85	84.87	0.00	0.00	0.00	129	13	23	0	0	5
20120106_www.rizospastis.gr_dbae745f644cb04526ce737e48bbcdf1455495bd43c6ee3c7407fdfe	94.12	97.96	90.57	0.00	0.00	0.00	192	4	20	0	0	4
20120105_www.tovima.gr_ad1ed3d7794d0ea47e0fa6cabd0d9b0550b14d5fcd1d46c3cd447730	91.86	97.69	86.68	0.00	0.00	0.00	423	10	65	0	0	21
20120106_www2.rizospastis.gr_f0622e0b95e1080529f45dac2940e1015b6d2ab446b56226a74f7be7	94.15	95.16	93.16	0.00	0.00	0.00	354	18	26	0	0	7
20120106_www2.rizospastis.gr_27192fd83b2742940e079905c57769efee7280c0f2a70e8b7fe1b109	98.10	99.59	96.67	0.00	0.00	0.00	1682	7	58	0	0	23
20111107_www.express.gr_20a584d29d10a3c203d5ca471a3c184d30d7b1a4e58779e002e0cbfc	95.63	96.89	94.41	0.00	0.00	0.00	591	19	35	0	0	11
20120106_www2.rizospastis.gr_cb4de93f7f3e81ea49fc237ed8b6e7f16854c7193f267fa2794e601e	94.98	96.51	93.50	0.00	0.00	0.00	691	25	48	0	0	18
20120105_health.in.gr_e8edbd1ecc4b35d45dc569b9758af3498eba78c3aed809bb0269a1c1	91.83	99.07	85.57	0.00	0.00	0.00	427	4	72	0	0	15
20111110_www.express.gr_fc9eda2e0ff459066717f3a54e84e0562bbbabbd8c77424f5111d1b6	95.24	96.07	94.42	0.00	0.00	0.00	440	18	26	0	0	8
20120105_www.iatronet.gr_beb0bb54d8d761e3ec3af448128046930f8fe7603e924044b256e322	76.40	91.89	65.38	0.00	0.00	0.00	34	3	18	0	0	3
20120106_www1.rizospastis.gr_e5604ddccf9bb60dfdbb5dfe1df2cfa18f7030f6f65f8ff52ba466a7	34.22	34.04	34.41	0.00	0.00	0.00	32	62	61	0	0	4
20111111_www.express.gr_256f9080fd01b4846351b84bb4129eff8bcca307d9deddbf786948bd	93.71	94.65	92.79	0.00	0.00	0.00	283	16	22	0	0	6
20120106_www.sigmalive.com_933d4d485b475e4ddc031824c7494f26cc52dad11af991fd6adc8baa	94.48	95.99	93.01	0.00	0.00	0.00	479	20	36	0	0	11
20120106_www2.rizospastis.gr_c44d5229886107a964158809a7762986d468cbec420700d03e3fef7f	97.14	99.06	95.29	0.00	0.00	0.00	526	5	26	0	0	7
20120105_health.in.gr_9aff1149c40ef5839c0c58532ceac309a5ea459588a12c3a24408ea2	85.28	80.10	91.18	0.00	0.00	0.00	310	77	30	0	0	11
20120106_www2.rizospastis.gr_b6790588a82e5a49bbeb17c84d2d9955724b60b3149ff61a623706f7	92.77	95.67	90.05	0.00	0.00	0.00	199	9	22	0	0	5
20120106_www.ethnos.gr_1084803ed0be38ec9e1cd259051c6724425a18b4729e37010668f164	86.07	82.82	89.59	0.00	0.00	0.00	241	50	28	0	0	8
20111207_www.express.gr_5a2b984dd7cae62f5e2aa1e96ffeb4a2232535a31b16445374f66c5f	92.46	94.13	90.85	0.00	0.00	0.00	417	26	42	0	0	18
20120106_www.avgi.gr_32758bb0414ec845fa2c99f6114bd72bfe5267d725c46c88b341b882	93.84	95.80	91.95	0.00	0.00	0.00	274	12	24	0	0	6
20120106_www.kathimerini.com.cy_1237811088607f097f4d460a3f33776468f75970e9775b9b4f2a42dd	89.49	95.83	83.94	0.00	0.00	0.00	115	5	22	0	0	5
20120105_health.in.gr_ce02e86026b514251d6e6f8541c9650917fc21da910b24778e3c6c83	93.17	98.58	88.32	0.00	0.00	0.00	348	5	46	0	0	10
20120106_www2.rizospastis.gr_38caad2915651ddcf48231eb5f4ab64cd6a7b92c8c02b513f402d29e	96.95	98.45	95.50	0.00	0.00	0.00	509	8	24	0	0	6
20120106_www2.rizospastis.gr_4c627406ff6c4cfec9c51f5085dd6caa44978ae56797a0fb64af7695	96.31	98.92	93.83	0.00	0.00	0.00	365	4	24	0	0	6
20120106_www.tovima.gr_7abd8f795d5f410943446e48770f6a123cfddb0f827dd8ca705708d2	88.47	98.60	80.23	0.00	0.00	0.00	211	3	52	0	0	12
20120105_www.iatronet.gr_592fa311de7833d5d1ece2963aa544e055bf7a765e7d0414c7c2bc5e	92.20	98.05	87.01	0.00	0.00	0.00	201	4	30	0	0	7
20120105_www.tovima.gr_07b79daa65528f984e29ec38a6e8e0118143b4371a485c802d651f7e	95.57	98.50	92.81	0.00	0.00	0.00	658	10	51	0	0	16
20120106_www.tovima.gr_526e56bd7f9e2305519228aca4dc084ed33a3ee06a1192f3a43644f6	92.90	93.21	92.60	0.00	0.00	0.00	563	41	45	0	0	16
20111222_www.express.gr_95ab89f215d2fbfc626d18e0207d95c6ae39e790098120fc76942422	92.91	91.90	93.95	0.00	0.00	0.00	295	26	19	0	0	6
20111216_www.express.gr_b3e6051f0dd31380ead5dabc3379f11543208e81c92d880417870d5b	96.64	97.14	96.14	0.00	0.00	0.00	1121	33	45	0	0	19
20120106_www1.rizospastis.gr_a0c46c9e11a7fe0ec70aca89596807dddb688b5ee5f21075f8563f54	96.34	98.40	94.37	0.00	0.00	0.00	369	6	22	0	0	5
20120106_www2.rizospastis.gr_06396d8fa53c5b4e72a96d668b31aa1ecf07ab9d94f8eb442ca04b5c	70.42	83.33	60.98	0.00	0.00	0.00	25	5	16	0	0	2
20111118_www.express.gr_f226bbc41a07c1a1f6e320e7fe083986f5535a367c8d18b006d92de8	92.28	94.83	89.86	0.00	0.00	0.00	532	29	60	0	0	17
20111220_www.express.gr_07fae9dc16db9e3fa4b72504291c46a4ab71234ff69751ad7f34badb	91.01	92.05	90.00	0.00	0.00	0.00	162	14	18	0	0	6
20111124_www.express.gr_41edb297aa4c3872c400d4cafdd44d524fc56f1c7c28eaf2c3ae6256	92.42	92.58	92.25	0.00	0.00	0.00	262	21	22	0	0	8
20120106_www2.rizospastis.gr_b2138c0b117a24a9b0c5c862bd74433afa9e267d5007d241ea613877	96.15	98.31	94.09	0.00	0.00	0.00	350	6	22	0	0	5
20111109_www.express.gr_6066839f4292469965d02e2879526a4fed12f6a8c4e1ba5ecc111893	94.55	95.55	93.58	0.00	0.00	0.00	408	19	28	0	0	9
20111116_www.express.gr_1db2023edf82f75860f86aaae5f4f7cd09cda3ce998e53aab61cef0b	95.76	96.49	95.04	0.00	0.00	0.00	632	23	33	0	0	12
20111208_www.express.gr_da882fcb03388a9eb9b305a1b9fe9172e88e3dd13a766f46dd793e21	95.31	95.90	94.72	0.00	0.00	0.00	538	23	30	0	0	12
20120106_www1.rizospastis.gr_3bceecc05f9f8ed4e10be7860293dab4aa6615fc4245f6889c0f75c8	94.92	97.29	92.67	0.00	0.00	0.00	215	6	17	0	0	2
20120106_www2.rizospastis.gr_65f79f0c8c9c7b88c9798ff946fe94a0aeb143d875f44cbc190102a2	95.45	98.89	92.25	0.00	0.00	0.00	357	4	30	0	0	9
20120106_www2.rizospastis.gr_59047665d06bfe2a79a6cb23a841225acd543f670882bf5c5b8b9d61	91.05	90.87	91.24	0.00	0.00	0.00	229	23	22	0	0	5
20120106_www2.rizospastis.gr_47c20c12563f82cfff24713ca108825f2bf598af601a270e78a7f104	96.58	98.87	94.40	0.00	0.00	0.00	438	5	26	0	0	7
20111209_www.express.gr_46ec12e526b67d96ff38821c694d5361d8be99ade2067b8430e7b960	88.19	90.32	86.15	0.00	0.00	0.00	112	12	18	0	0	6
20111108_www.express.gr_95662e961b75586f8d3cbf40783417e579e5f8568ff39355feb442a0	94.99	96.00	94.01	0.00	0.00	0.00	408	17	26	0	0	8
20120104_www.ethnos.gr_e448555d474b216bc3089149adc72d7919a6b993918f342124259b5a	95.29	96.54	94.06	0.00	0.00	0.00	475	17	30	0	0	12
20120105_www.iatronet.gr_98e29d2767115b1eec228b6b1d5324684f1e377a61ff2992511a092c	77.78	87.50	70.00	0.00	0.00	0.00	77	11	33	0	0	4
20120106_www.ethnos.gr_3b5f67cacc3ead1a2b0f7ea99e704b65e0b723d7cb2e54b567099190	32.75	20.08	88.74	0.00	0.00	0.00	205	816	26	0	0	7
20120106_www.madata.gr_7fe67e5cad2bb97f9591b75debb7ab74fb06fff553080d7225b5b28b	91.94	93.61	90.32	0.00	0.00	0.00	821	56	88	0	0	31
20120106_news247.gr_9642177fd2e47bb2f105ff5d29a24bed2818abacac9ae5a27f744f07	92.77	94.67	90.94	0.00	0.00	0.00	693	39	69	0	0	28
20120106_www.ethnos.gr_4acbe762fc9067b1ac711dc400e09f5624e11cb5cecba6dd3f11863e	91.30	95.16	87.73	0.00	0.00	0.00	472	24	66	0	0	11
20120105_health.in.gr_4a7cc31923297628d65e4bb867cc70cd36d4943d943638e7c5c67110	93.79	96.88	90.89	0.00	0.00	0.00	559	18	56	0	0	17
20111107_www.express.gr_a22334a5897264c602d403563a377b23fe209d1eaa1e49c06510ca16	91.70	93.10	90.33	0.00	0.00	0.00	243	18	26	0	0	8
20120106_www1.rizospastis.gr_082fa9016c2096df4877f57acc73575eeb7f61307349a2e66adb623b	96.05	98.60	93.63	0.00	0.00	0.00	353	5	24	0	0	6
20111117_www.express.gr_d2562f3c6adb36b590741e0ab5f74e301958cba3810017779b579008	94.21	95.56	92.90	0.00	0.00	0.00	301	14	23	0	0	7
20120106_www.tanea.gr_2743af7d3edc812bc1f95226dd820db129f103e1fdcbab4747d48ca2	84.27	80.07	88.93	0.00	0.00	0.00	217	54	27	0	0	7
20120106_www2.rizospastis.gr_1393daa49ac0bd1888f5ad8b1f4b0026ba2088affae82ba7ba875d33	97.00	98.10	95.92	0.00	0.00	0.00	517	10	22	0	0	5
20120106_www.ekathimerini.gr_66c892f03f51842a17d8f50b3b8d78773079414488f4cc26419290d5	94.31	96.33	92.38	0.00	0.00	0.00	315	12	26	0	0	7
20120106_www1.rizospastis.gr_6324ccce3bf2584356381cf2d0a9f6b1ec45b8e85264a46283e22608	95.81	97.72	93.97	0.00	0.00	0.00	343	8	22	0	0	5
20120106_www.rizospastis.gr_b3a2647643910af92a4e94aa6af092dd222b919c18104ca46e5148fd	93.24	95.83	90.79	0.00	0.00	0.00	207	9	21	0	0	3
20120106_www2.rizospastis.gr_153049d6282cedbdce143ef6cc1ab7ec8e554ca00af0955afcfd58a3	96.71	97.14	96.27	0.00	0.00	0.00	1292	38	50	0	0	19
20120105_health.in.gr_95529ecbcd447882db17066571410eaa5abb659669410269e309d7ff	87.68	84.66	90.91	0.00	0.00	0.00	530	96	53	0	0	15
20120106_www.kavalanet.gr_439c1c31f81f17eb2bdb5534dcc59a6da4532b05c6c6583b269e2c0d	93.01	95.73	90.43	0.00	0.00	0.00	359	16	38	0	0	11
20120106_www2.rizospastis.gr_6877174498b98fffd102234307b963b4319128796e784e3eb00bfdc8	93.83	95.38	92.33	0.00	0.00	0.00	289	14	24	0	0	6
20111129_www.express.gr_43bbae2ad58c174e903cf0f7a4aa96207a86cf2a5d488ae808d0f663	94.20	94.98	93.42	0.00	0.00	0.00	284	15	20	0	0	7
20120106_www.imerisia.gr_a2be2693cc9f782331507fb88a7ca0d4e2dab3c9785a50d64606b5e8	94.70	97.23	92.31	0.00	0.00	0.00	456	13	38	0	0	10
20120106_www1.rizospastis.gr_ceb3b16b1edb4e9c17c96cecb18c8b7485a80f353fa986a9dddd2259	95.71	98.82	92.80	0.00	0.00	0.00	335	4	26	0	0	7
20120106_www1.rizospastis.gr_e53ffb7a7f150345dfe882e7ef338f8e1063da6319be5301ce2eb2f9	96.55	99.17	94.07	0.00	0.00	0.00	476	4	30	0	0	9
20120105_www.tovima.gr_281d8eb32b804880b2e3872d312977d42de48ad934565abff355c4a5	90.40	96.71	84.86	0.00	0.00	0.00	353	12	63	0	0	19
20120106_www.rizospastis.gr_a5dd180392c350fc5216a1d567f4f5f10801947349d28f25e9103517	94.91	96.28	93.57	0.00	0.00	0.00	233	9	16	0	0	2
20111108_www.express.gr_8d87eac6228b913fedfc02679a661fc6e5549935017c9961eb77e303	95.32	96.83	93.85	0.00	0.00	0.00	336	11	22	0	0	6
20120106_www.rizospastis.gr_19eb948b0ebf60960660fdec71812591b074d933dd9428469fa12602	95.81	98.67	93.10	0.00	0.00	0.00	297	4	22	0	0	5
20111215_www.express.gr_c320a7f3e07dca9df780b5037300e0ff5707dd591963fc6c1e06583f	94.08	94.64	93.53	0.00	0.00	0.00	477	27	33	0	0	13
20120106_www.tovima.gr_e86e96f302600f04a179aed847390294542f51d1503da4b522c54ba8	93.59	95.29	91.94	0.00	0.00	0.00	445	22	39	0	0	11
20120106_www2.rizospastis.gr_6c1891ba7050580ca6c1d46be688b48b0f2000aac3b0b3eb370922bf	95.37	96.69	94.09	0.00	0.00	0.00	350	12	22	0	0	5
20120105_health.in.gr_2d5283f445d02655a1938ade9ef89594f9f3703bcccbcdab7e34ebef	93.79	96.85	90.91	0.00	0.00	0.00	400	13	40	0	0	11
20111103_www.express.gr_b790b5da5f6a30c85f59855f847023204bb8b8f289a2c430be3f8e10	95.19	95.53	94.86	0.00	0.00	0.00	406	19	22	0	0	6
20120106_www1.rizospastis.gr_efb243352900c75b75af5f47c36ab1410908dd5082cbde5280654b01	94.21	97.85	90.84	0.00	0.00	0.00	228	5	23	0	0	4
20120106_www2.rizospastis.gr_41d4e64dcd0c98b6230384caa2b7c344d9e5f29d2cede980c9903f76	98.07	99.76	96.43	0.00	0.00	0.00	1242	3	46	0	0	17
20120104_www.ethnos.gr_5683f335ca018cb298ef4c230fe01cd48e2cf9274e8b2a8102fd2861	93.40	96.42	90.57	0.00	0.00	0.00	538	20	56	0	0	18
20120106_www.tanea.gr_3636bb961fc41b8cea72f7318753d851c18e45d9733070b62bde3763	78.79	72.22	86.67	0.00	0.00	0.00	117	45	18	0	0	3
20111115_www.express.gr_acb32363b90ee8aed08fb756afea5c8f035162a21dbf9c4d89156667	94.82	95.43	94.21	0.00	0.00	0.00	439	21	27	0	0	9
20111124_www.express.gr_5b7195d8167087d0cac73874900dbaf94452577d900c917daddc2049	94.92	95.36	94.49	0.00	0.00	0.00	514	25	30	0	0	12
20120106_www.tovima.gr_778fc562195b4f5c513d5409326ea5f59cfda0cdfc2ac2803bb61467	49.09	33.82	89.51	0.00	0.00	0.00	256	501	30	0	0	8
20120106_www.healthierworld.gr_8f1ebb75121b55f2bf3e3904f7531de2e91e18ebcc2e8cac720e66d9	89.23	94.69	84.36	0.00	0.00	0.00	232	13	43	0	0	9
20111107_www.express.gr_dfc1885e3264b533a48748b5e2154a32e563195109ed7424a5340ac1	94.59	94.90	94.27	0.00	0.00	0.00	428	23	26	0	0	8
20111121_www.iatronet.gr_ac6cc5580cf7b6c946fcd9fc07097f52de72399d63ad4aaef285b4fb	95.75	97.77	93.80	0.00	0.00	0.00	439	10	29	0	0	9
20120106_www2.rizospastis.gr_802011dc8844d88519901fcb001b74d86ff3d3a1ceec7f2f606b8712	91.19	92.95	89.51	0.00	0.00	0.00	145	11	17	0	0	2
20120105_www.tovima.gr_52df3a2ac78fa224f229919e635bde144016f650c22f7b006f05b83b	93.27	94.40	92.17	0.00	0.00	0.00	624	37	53	0	0	22
20120105_www.iatronet.gr_a7fac937931bd32d79c8a3bfc62a8c40fa80040d39a0a4eb4217b899	68.29	87.50	56.00	0.00	0.00	0.00	28	4	22	0	0	3
20111223_www.express.gr_374762ff4e1b04230ae3e3f963a915f8bdc31896297eb788bb6fc9b1	94.30	95.62	93.02	0.00	0.00	0.00	240	11	18	0	0	6
20120106_www2.rizospastis.gr_8e1358b4af8ab46e79216e8c3e5c757a4e602d1a9fd24cadbc05a47e	92.61	97.60	88.11	0.00	0.00	0.00	163	4	22	0	0	5
20120106_www.ethnos.gr_b15e984c9d3ce172467f41784f3c1eb2d2d7b6605d9030ec1731d067	91.67	94.29	89.19	0.00	0.00	0.00	297	18	36	0	0	12
20120106_www2.rizospastis.gr_e9512e8ed6f6bd10b993373bec9cc17d175df950b960b0046e35da3f	94.17	97.76	90.83	0.00	0.00	0.00	218	5	22	0	0	5
20111220_www.express.gr_b653280ceb3725e0bf879e115a50c2f08b70fc2359a66f1489b29568	92.99	92.80	93.17	0.00	0.00	0.00	232	18	17	0	0	5
20120106_www1.rizospastis.gr_30d12031433cfe118d842ab19f305db0825668b5e0a57d6bf1e36f89	93.68	97.56	90.09	0.00	0.00	0.00	200	5	22	0	0	5
20111108_www.express.gr_f55f99a0ba28eafd617327ce280104e26403c489240a5b6a8f695838	90.73	92.35	89.16	0.00	0.00	0.00	181	15	22	0	0	6
20111125_www.express.gr_14f9f62d33e82fd04a24eae22121a78d1c99a4d02c2379150e9318f6	92.51	93.38	91.65	0.00	0.00	0.00	395	28	36	0	0	15
20120106_www.tovima.gr_5940ed0617315b880dbed5f098069a51cfe09eb6bdf4e07a2e64211a	88.59	95.02	82.97	0.00	0.00	0.00	229	12	47	0	0	8
20120106_www2.rizospastis.gr_4e4eaf02db02876450dc459fd997fb8c7cecbab449aed2ed2326526a	96.23	97.89	94.62	0.00	0.00	0.00	510	11	29	0	0	8
20111208_www.express.gr_7e6c81d6363b6b098fdb9209cb5e1eaeb8f6652188f39bed5a3fcc8e	93.69	94.42	92.97	0.00	0.00	0.00	423	25	32	0	0	13
20120104_www.tanea.gr_4856692393303ac0750faa08921b46275dbf7b8743a1784b3a02e16c	11.59	67.65	6.34	0.00	0.00	0.00	23	11	340	0	0	10
20120105_health.in.gr_84db9e562bf0c4d0615291729f4f4e7ea9f6bf332227db41acf2ea1c	80.63	72.64	90.59	0.00	0.00	0.00	154	58	16	0	0	5
20120106_www2.rizospastis.gr_d0eac29f1bac96e9ce4b5f20f280d7114946f07311a907d9cafcbe5f	97.18	99.39	95.07	0.00	0.00	0.00	655	4	34	0	0	11
20111124_www.express.gr_b265df49bdcd900f8f251ea5c3fefe09438ea7270187d1228ce54a87	92.12	93.03	91.22	0.00	0.00	0.00	187	14	18	0	0	6
20120106_www.tovima.gr_8cb36110ec08965bf63853a9febef058a14d3410fadd3b74fae577a5	84.73	94.84	76.56	0.00	0.00	0.00	147	8	45	0	0	7
20111110_www.express.gr_6731493104b964ea9ee16b34b11871b08ddca1452726df3e47a44c93	94.69	95.48	93.91	0.00	0.00	0.00	401	19	26	0	0	8
20120105_www.tovima.gr_6c13ebd6b1b775f164ce483856462aa70e0b621d6e1a83c136133edf	93.49	97.80	89.54	0.00	0.00	0.00	445	10	52	0	0	12
20120106_www2.rizospastis.gr_2a18d89155f262735d35e82738c20f88b2c5aed7ad87a9cd672b5df9	89.01	94.44	84.16	0.00	0.00	0.00	85	5	16	0	0	2
20111209_www.express.gr_9cacbe500f05dd8a84d8ceb89f45b220ba877c4bd9d37b07e1917200	93.79	94.41	93.18	0.00	0.00	0.00	287	17	21	0	0	8
20120106_www1.rizospastis.gr_021a03d9892b5122d55f70ae6d4cdad2674283c2ec16b6f7aae4e54c	90.52	98.67	83.62	0.00	0.00	0.00	148	2	29	0	0	3
20120106_www1.rizospastis.gr_e769aa28eac392e0799b29ca6171a3fb529a867e5978ecf9d47e56e1	87.66	92.03	83.69	0.00	0.00	0.00	277	24	54	0	0	21
20120106_www.gazzetta.gr_08c549a0919d357dd41899a171b9bd889cc8a0b0fff492502324918c	88.54	95.21	82.74	0.00	0.00	0.00	139	7	29	0	0	8
20120106_www.iatronet.gr_7b13aab24b934713b4482ff88814ae5abc0c5d616377b401392a5b08	81.99	74.21	91.60	0.00	0.00	0.00	872	303	80	0	0	29
20120106_www.ethnos.gr_a42db6b3ddeedd18a628ff1a3885527ca306bc24806702e14105a9f8	85.81	80.08	92.41	0.00	0.00	0.00	402	100	33	0	0	10
20111230_www.express.gr_c0f338f1ae6dc751438af63bf1597e1d3d616482420662d253c1735f	87.78	87.39	88.18	0.00	0.00	0.00	194	28	26	0	0	9
20120106_www.tovima.gr_755883832374b7f11e02561b77076936a5c5561df0d3115825ab1b2e	88.11	95.69	81.63	0.00	0.00	0.00	200	9	45	0	0	9
20120106_www.tovima.gr_1eb5534d2cbe955ec6ae37fd69543c89eb1ad465f855145f167ccd90	90.15	93.31	87.19	0.00	0.00	0.00	279	20	41	0	0	12
20120106_www2.rizospastis.gr_7e8a0d053145e23ee184f445fcbe04cc4f3ca0381c3a43480af6b3f9	92.14	94.97	89.47	0.00	0.00	0.00	170	9	20	0	0	4
20111109_www.express.gr_2376175721162e688c97059cfb03f2837079f90a08aa9f6367da76cf	94.50	95.71	93.31	0.00	0.00	0.00	335	15	24	0	0	7
20111209_www.express.gr_f212a6708594ea38e73b3fe1314db81c8589616b9328807d08c6d7e2	92.96	94.17	91.79	0.00	0.00	0.00	436	27	39	0	0	16
20120106_www2.rizospastis.gr_92c6d53173a3dde62f6b1f10e9bc3d63ad18a1fbfc0593cf938cd84c	94.44	95.97	92.97	0.00	0.00	0.00	238	10	18	0	0	3
20111111_www.express.gr_9477f83c4114b83ec491f8dd605341de29bb64cb0e5b56efa78e03e8	94.83	94.59	95.06	0.00	0.00	0.00	385	22	20	0	0	5
20111229_www.express.gr_e89708756b62de16c045024abce18962f4887cceb384ba4d436dae93	94.58	94.16	95.01	0.00	0.00	0.00	419	26	22	0	0	8
20111103_www.express.gr_00432316609d53b9b165a50c0f43ba303c9d4babab967870dac4c878	93.91	94.47	93.35	0.00	0.00	0.00	393	23	28	0	0	9
20120105_www.iatronet.gr_6682b2563f1e08d6fc34d95f38dfe00e0168e0d2dfa2b37c33c8f0da	82.35	89.09	76.56	0.00	0.00	0.00	49	6	15	0	0	4
20120106_www.madata.gr_4a84a307028016904aae04b4c8eea2f151bc26c63e1e71df15a7a8a9	84.44	93.83	76.77	0.00	0.00	0.00	76	5	23	0	0	5
20120106_www1.rizospastis.gr_47e68d4610bab629936a8ee14bfc94672c7600f69963505a6348049a	95.40	97.25	93.61	0.00	0.00	0.00	425	12	29	0	0	8
20111229_www.express.gr_b611ea42be0555cfff74b352778168e2970dfefc4b9e88492e7bb17f	95.26	95.44	95.08	0.00	0.00	0.00	502	24	26	0	0	10
20111206_www.express.gr_fe5aaffb179cb79d777721a048b5fe804bb1bf6c8201e3611fa83eb7	92.58	94.55	90.70	0.00	0.00	0.00	468	27	48	0	0	21
20111121_www.express.gr_f9655722c07bbf29cfdfdc1beca6c36af03ae03d33da430619e3b424	95.21	95.11	95.31	0.00	0.00	0.00	447	23	22	0	0	8
20120105_www.iatronet.gr_3c658790e4145694b954a2018111cf5dab6c85e8da48b0d9a9957e9f	54.21	87.88	39.19	0.00	0.00	0.00	29	4	45	0	0	6
20120105_www.iatronet.gr_b14375ab46160ef5bfa6ad36b032440f1a35cab51049b090d00c1251	72.53	89.19	61.11	0.00	0.00	0.00	33	4	21	0	0	3
20111221_www.express.gr_069b684b39c02aaecedd887d39bbcabf1b78e4e33f2cb0fc602a7970	92.37	93.56	91.21	0.00	0.00	0.00	218	15	21	0	0	7
20120106_news.in.gr_b383053cb8a5cfaed77a3c484a291f9b048e9b6ad6fb0356eb5c42bc	69.29	60.06	81.86	0.00	0.00	0.00	194	129	43	0	0	10
20120106_www.gazzetta.gr_ea4afc824e8faac366c2da2ece24ca990251ccdd555ea51a8e647efb	82.35	95.45	72.41	0.00	0.00	0.00	105	5	40	0	0	8
20120106_www2.rizospastis.gr_540c1430ae93ee9b654f98ab6652d5ba0afe0afef7a919cb6de82216	95.72	97.72	93.80	0.00	0.00	0.00	257	6	17	0	0	2
20120106_www.tanea.gr_d60bfacbf5fe60959518fa29c45294f3545a0fe1531af25daffb1863	93.00	95.57	90.56	0.00	0.00	0.00	259	12	27	0	0	7
20120106_www2.rizospastis.gr_df3146054cbda7e9058cbba3a075af40f57fc82b67ea721da0305cbf	94.60	97.77	91.63	0.00	0.00	0.00	219	5	20	0	0	4
20111219_www.express.gr_36151b6ff7434e17bcc491b8f8d581a4389e87211b7f28e84e5ebac8	96.37	96.30	96.44	0.00	0.00	0.00	650	25	24	0	0	9
20120106_www2.rizospastis.gr_2bc56259d925e38b2f096ed4233e8951545100cf50ea2b55de1da2b7	96.26	97.92	94.65	0.00	0.00	0.00	566	12	32	0	0	10
20120106_www1.rizospastis.gr_aadc308f71018447452ad6fb40067cf4dd6d6d31be27f50a2d32b713	95.01	94.83	95.19	0.00	0.00	0.00	752	41	38	0	0	13
20120105_www.tovima.gr_09ed421a7f788e6271d6b95c3e691151012f2444cddceaec0d1f6583	93.80	96.85	90.94	0.00	0.00	0.00	522	17	52	0	0	22
20111222_www.express.gr_4d10b42a2ff71ce8ae177ae35a1b3a9696e59cba580a3eef8910038e	92.55	93.18	91.93	0.00	0.00	0.00	205	15	18	0	0	6
20111121_www.iatronet.gr_a359fea8cec89bca54e31c033e9688d9c666729ac3983054a7c5957a	83.72	94.74	75.00	0.00	0.00	0.00	108	6	36	0	0	6
20120105_www.iatronet.gr_d5cd556d7fa19bb67de03c43848019f43d36c51914e14f3331d35d65	76.74	89.19	67.35	0.00	0.00	0.00	33	4	16	0	0	2
20120106_www.sigmalive.com_706667b30210baedb84142980667c475d49778c1d8a085ee6a5c274d	93.53	95.64	91.50	0.00	0.00	0.00	549	25	51	0	0	18
20120106_www2.rizospastis.gr_e5563fdfa8d064db1c5e31fef6b5477f92e8fd3acf6304c327db26b5	91.03	98.14	84.89	0.00	0.00	0.00	264	5	47	0	0	11
20120106_www2.rizospastis.gr_a1a26f86a33c6a34853eaea42092a9963f9085a492a93cfa6bec8c5d	92.40	92.87	91.93	0.00	0.00	0.00	547	42	48	0	0	18
20120106_ygeia.tanea.gr_98b58c7da7ca2ec61067a99a266939be511fb5a5c4fe3863680042c0	86.33	83.57	89.29	0.00	0.00	0.00	300	59	36	0	0	12
20120106_www2.rizospastis.gr_987eb735663b2778b1d789a57bf7c111241aa8c44270b4d6196fb144	96.61	99.15	94.19	0.00	0.00	0.00	584	5	36	0	0	12
20120104_www.ethnos.gr_41c1158cb5999496f2b3c118f71758cfa6578f69df655d583c9f04ab	92.14	92.99	91.30	0.00	0.00	0.00	252	19	24	0	0	9
20120106_www.tovima.gr_00f8666084f9c41f6d9145a78c5b5d9126027542441e457f57a2fa9f	92.71	98.76	87.36	0.00	0.00	0.00	477	6	69	0	0	16
20120106_www2.rizospastis.gr_b3ebfe01d7238d8801c3ceb926f44d3b8179ef45ce38c791b085097d	95.63	96.37	94.90	0.00	0.00	0.00	744	28	40	0	0	14
20120105_www.iatronet.gr_3ae12d87cee7ca736bd9e95dfcf7b297cd86198eeff9c1c23d5a06d9	82.35	87.50	77.78	0.00	0.00	0.00	42	6	12	0	0	3
20120106_www.imerisia.gr_5b2ec712d4b755430be0f5536db84e99522b3d723286d2793ea92058	56.75	41.45	89.98	0.00	0.00	0.00	727	1027	81	0	0	17
20120106_www2.rizospastis.gr_ab25098eb16959b61f71e7c2f1b79cad7d068f0cbb7db91c4774ae51	91.95	96.39	87.91	0.00	0.00	0.00	160	6	22	0	0	5
20120106_www1.rizospastis.gr_3e2bbbd8d5cb24dbfc5c6fc857b1d03875a6c8d8b3c64991971a6a31	94.23	97.61	91.07	0.00	0.00	0.00	204	5	20	0	0	4
20120106_www2.rizospastis.gr_175ef58f03c5ec5eb5f21ecbd79a8713f911f090da7ee742412b847a	91.61	89.35	93.99	0.00	0.00	0.00	344	41	22	0	0	5
20120106_www2.rizospastis.gr_c352ca0c0cc3030f7761de320e1c1825c6f85c3dd5bfe13daaf99b9a	97.59	98.72	96.49	0.00	0.00	0.00	2472	32	90	0	0	39
20120105_www.tovima.gr_e86e96f302600f04a179aed847390294542f51d1503da4b522c54ba8	94.37	95.07	93.67	0.00	0.00	0.00	444	23	30	0	0	10
20120105_health.in.gr_c46670d6a0dbfb0d3ed686dd447da10856af76a947ff3f61cb6956a9	90.23	94.29	86.52	0.00	0.00	0.00	231	14	36	0	0	8
20111109_www.express.gr_a5406a8d760df5c8f1ca77c7e5671bd70adc898b907cef3fa9d6894f	94.20	95.87	92.59	0.00	0.00	0.00	325	14	26	0	0	8
20120106_www1.rizospastis.gr_a66540e5c02b4b77e798998767348ba94e0183e7eb823c14ee211350	98.43	99.57	97.32	0.00	0.00	0.00	6181	27	170	0	0	73
20111118_www.express.gr_b1d00a3c56c49cd86bcf9653724333eb6a71e93b6da21e030198d6c0	94.24	94.94	93.56	0.00	0.00	0.00	450	24	31	0	0	11
20111110_www.express.gr_004288b23e8124db70326e1ab7a0a03f5d153453798f7598c3c548b9	93.68	94.70	92.68	0.00	0.00	0.00	304	17	24	0	0	7
20120106_www.tovima.gr_44cda937d91ce60e3c1445ec47ba270634f8fcfe3ba582a7d9e9bf99	90.91	91.09	90.73	0.00	0.00	0.00	470	46	48	0	0	16
20120106_www2.rizospastis.gr_207a2c2e5a14bcb14e360f2913c0761321c2fbe1c07aa6807136fa87	90.02	92.74	87.45	0.00	0.00	0.00	460	36	66	0	0	26
20120106_www.ethnos.gr_0710aec251283d5eed5180a4665fa59e885d40dc7c75840e6971c723	85.58	85.98	85.19	0.00	0.00	0.00	184	30	32	0	0	8
20111222_www.express.gr_cbb1bc7cc4b02645bf465743537fcdc1ad8251d3f4890f0e865f9e4d	90.61	89.30	91.95	0.00	0.00	0.00	217	26	19	0	0	6
20120106_www.kathimerini.com.cy_8ded27b855005117ea8cb17e663d58176100e779765a4edc88639a85	88.52	95.58	82.44	0.00	0.00	0.00	108	5	23	0	0	5
20111110_www.express.gr_524763985528fc595aa2eb584bd3a46f398b40073458ef6c521430bf	94.29	94.57	94.00	0.00	0.00	0.00	627	36	40	0	0	15
20120106_www.tovima.gr_743ded6e97f5182f3a2011cdd167996edc192c096917e935f1140f78	88.97	89.97	87.99	0.00	0.00	0.00	359	40	49	0	0	15
20111108_www.express.gr_05963c5c8f8e6c81583d2f0d1516236a680d1f2bcf814a5e9c3cd66e	94.20	94.69	93.70	0.00	0.00	0.00	357	20	24	0	0	7
20111202_www.express.gr_f029245942ee5e82f8bb398a4f8e7b4e9489c673f5e13f30816469f0	88.24	84.37	92.49	0.00	0.00	0.00	653	121	53	0	0	23
20111205_www.express.gr_b669808e9650e397551acabb032c65d63dba53ccc910d40902cee95b	91.88	92.09	91.67	0.00	0.00	0.00	198	17	18	0	0	6
20111104_www.express.gr_374193c3be99145c215b4474444c811d3f83b20ab84040d701ee7a21	96.05	96.49	95.61	0.00	0.00	0.00	523	19	24	0	0	7
20111228_www.express.gr_91844eaf591aafd47722010a53052af617c7d3b1344e13d0d5f1e422	92.25	94.24	90.34	0.00	0.00	0.00	262	16	28	0	0	11
20120106_ygeia.tanea.gr_895bdbab456571b6ba8bbfccf42a7a4217e64a02b0be91c3631f21d7	90.97	90.17	91.78	0.00	0.00	0.00	670	73	60	0	0	24
20111214_www.express.gr_87100ba7f8ccb4d12fdd727a588bb5f475b081b539784920d3e3d202	58.82	92.86	43.05	0.00	0.00	0.00	65	5	86	0	0	24
20120105_www.iatronet.gr_4d796b56bc5459bdc651928263d79cb6923e3481e78bea4612d58bd7	72.53	89.19	61.11	0.00	0.00	0.00	33	4	21	0	0	3
20120106_www1.rizospastis.gr_6c8418e0c9de1caebf7d1014ac85cc2dfdb189305fec9b9eb2f46714	94.25	96.70	91.93	0.00	0.00	0.00	205	7	18	0	0	2
20120106_www.avgi.gr_3cc4bf6093a74036e685b4709dae2c2f5d4c07e66a987333b7edf9a9	92.34	95.07	89.77	0.00	0.00	0.00	193	10	22	0	0	5
20120106_www2.rizospastis.gr_a096022539ce8a38357c9ffd0d98f001a4a68a9fa0ecfcd6dc127cc2	97.36	99.17	95.62	0.00	0.00	0.00	480	4	22	0	0	5
20120105_www.tovima.gr_0b43a77264cbda661352d3107e0780bf022a85487de5046c114de7ce	94.15	94.65	93.65	0.00	0.00	0.00	354	20	24	0	0	9
20120105_www.iatronet.gr_5eec159d756e40bbe033d83be4fe03418495c4dc5af85999663a58f0	77.48	91.49	67.19	0.00	0.00	0.00	43	4	21	0	0	3
20120105_www.iatronet.gr_23464b6d55853b749a8b1e0be1ba84bf1b0a850621da453dee215dad	90.48	96.38	85.26	0.00	0.00	0.00	133	5	23	0	0	5
20111110_www.express.gr_0c53167360f973c556ac16cb24a5889800377524260e1fb79ff8a842	94.42	95.49	93.38	0.00	0.00	0.00	381	18	27	0	0	8
20111101_www.express.gr_6648058818bdb924afb68d540f362451eec0e42a8d47455b17b6ca3e	93.91	95.41	92.47	0.00	0.00	0.00	270	13	22	0	0	6
20120106_www2.rizospastis.gr_f5d9e8187b20c39407b443235f3819b54ae6a1e36cab96ab1d948752	90.57	96.00	85.71	0.00	0.00	0.00	120	5	20	0	0	4
20111211_www.express.gr_0d2742fbb769047d9c957a0f2cad86f8091cd95db2b7dd02aea402e0	95.75	96.57	94.94	0.00	0.00	0.00	338	12	18	0	0	6
20111220_www.express.gr_7d9d7f5bab474e00ca1586c589abfda1c4b0155a7ba8cbca568097a2	93.69	93.25	94.13	0.00	0.00	0.00	497	36	31	0	0	12
20120106_www1.rizospastis.gr_25e75c59e84818b25bc3ac4dfadb217ccadb83f07c4c5e1736d90c6c	95.77	97.88	93.75	0.00	0.00	0.00	555	12	37	0	0	9
20111124_www.express.gr_b3b0b46160797ac992227af3a7b80c59f959cc8d72d94a439cc59e4d	94.32	94.92	93.73	0.00	0.00	0.00	299	16	20	0	0	7
20111103_www.express.gr_c61012b55d72b56911132fdce606fca3b88af9af03cbfd839df60fcf	96.06	96.65	95.48	0.00	0.00	0.00	634	22	30	0	0	10
20120106_www1.rizospastis.gr_145b3f95f91f38806a381c0a5d948524d0d31b82456e504ebe531526	96.00	98.63	93.51	0.00	0.00	0.00	288	4	20	0	0	4
20120106_www2.rizospastis.gr_472bebbb3bde3519feba48dd832bf5562f2a8ffe11b80578ef8cd451	60.34	46.67	85.37	0.00	0.00	0.00	105	120	18	0	0	3
20120106_www2.rizospastis.gr_15e09c5191562721dc271c7419642f4682e5f4d35452267b4c8417c9	94.85	96.99	92.81	0.00	0.00	0.00	258	8	20	0	0	4
20111109_www.express.gr_060b6fabbaed834d9aab87a2e99f17ff7fd02bcd00ec63d6932533b7	94.01	94.98	93.05	0.00	0.00	0.00	549	29	41	0	0	15
20120106_www2.rizospastis.gr_fe781b3c38a2199759a4bf3cfc2b42a5ac87dad7c530940307653f0b	95.09	95.47	94.71	0.00	0.00	0.00	1181	56	66	0	0	27
20120106_www2.rizospastis.gr_ed2b7239f505720e152a418a4cbe4685000be53adfcb01e45bfea1e0	96.26	98.84	93.82	0.00	0.00	0.00	425	5	28	0	0	8
20120104_www.express.gr_b5d0f82fd2a1eb5030314ed1f18c6d41ef99e214e05ac1ad56381234	85.20	84.34	86.08	0.00	0.00	0.00	544	101	88	0	0	14
20120106_www1.rizospastis.gr_9bee46ba264b3073b643e84da3e0fdd95a2fa0977fb7489b57d04e88	82.64	90.91	75.76	0.00	0.00	0.00	50	5	16	0	0	2
20120105_www.iatronet.gr_337af06773b53fbd71a24f9afab26564ba117c2f81d2b526f9d08121	72.16	87.50	61.40	0.00	0.00	0.00	35	5	22	0	0	3
20120106_www2.rizospastis.gr_f07c6ea188bee2759e1882bc3e1ed48a9d503e0731f9ea4102592b9a	95.52	96.38	94.67	0.00	0.00	0.00	799	30	45	0	0	16
20111121_www.iatronet.gr_daefc5bd65a1d9515057b7a1afbf8d982af1d43e9005e12c065047f8	85.58	92.12	79.91	0.00	0.00	0.00	187	16	47	0	0	5
20111121_www.iatronet.gr_5eeec604a37e3ad124a6a86455086bc1b3f8aaebe2a1b3e4e20f03c2	90.35	95.51	85.71	0.00	0.00	0.00	234	11	39	0	0	7
20120106_www.tovima.gr_a909b8f3df1e94341cfaa7fbecabb510252279fdea3f2ac2ac842bbd	93.41	99.39	88.11	0.00	0.00	0.00	326	2	44	0	0	10
20120105_health.in.gr_d0530b7dc9d3e8806ed8ea3e4a42598a6bb41a4926ac876875d9ef3b	95.64	98.32	93.10	0.00	0.00	0.00	351	6	26	0	0	8
20111208_www.express.gr_7f8b8764037bad1ff59f3af30fa310cb1e02ad353f65d35bf4dff14f	87.45	87.80	87.10	0.00	0.00	0.00	108	15	16	0	0	5
20120105_www.iatronet.gr_4d35ad34c0394e80a3c921b7ea922bf76f6df87e28711ffbcacd9d38	66.67	84.85	54.90	0.00	0.00	0.00	28	5	23	0	0	3
20120106_www2.rizospastis.gr_794ce5494a6a61481505e8466e6c6302ba5deeafaaec66597e860e91	96.32	97.83	94.86	0.00	0.00	0.00	406	9	22	0	0	5
20120106_www2.rizospastis.gr_2e4ebcd101dfe61b3fd5e7d24b5eee22eb38a8d6a4270f35a6f6ecd1	96.58	98.80	94.47	0.00	0.00	0.00	410	5	24	0	0	6
20111208_www.express.gr_3d4cd6f7f007284da97d1c82f42585a03326efd5f255111354fe31c6	89.31	90.70	87.97	0.00	0.00	0.00	117	12	16	0	0	5
20120106_www2.rizospastis.gr_01be2c662a68a89e2b6447eabf0f47bb97acb824ee458da03f03eb19	95.64	98.10	93.30	0.00	0.00	0.00	362	7	26	0	0	7
20120106_www.tovima.gr_bd177f1cd6a7e8f04fdf3fbf94a41e2a5491c917e1fdaf9394c8b278	94.61	96.72	92.58	0.00	0.00	0.00	649	22	52	0	0	19
20111111_www.express.gr_5d294cfc699d671a0633d111cc97695081f6aba0650e82835d755410	95.61	96.14	95.09	0.00	0.00	0.00	523	21	27	0	0	8
20120106_www2.rizospastis.gr_994b5549682886b3f7f65fe5e3b48366dc450fdaa1bbb9ffe1e49a2e	90.46	93.37	87.72	0.00	0.00	0.00	493	35	69	0	0	28
20120106_www.kathimerini.com.cy_21a451967de884b70d8bc66ea154dc81bd15493ea0dd3a75029bd2b7	92.36	98.64	86.83	0.00	0.00	0.00	145	2	22	0	0	5
20120106_www2.rizospastis.gr_0fad417f959d08c7d4c5e4b111f0e6947c4b06fdcaf238ecc0c4fa40	91.11	98.40	84.83	0.00	0.00	0.00	123	2	22	0	0	5
20120106_www2.rizospastis.gr_17b900db841facbbd3f68ba2a4e12c703b87be026a04d5327fbe8db3	90.50	95.29	86.17	0.00	0.00	0.00	162	8	26	0	0	7
20120106_www1.rizospastis.gr_ec43fb4eabb6d54951b63442e151e806c0aaf08fd774013566688b59	96.42	98.61	94.32	0.00	0.00	0.00	498	7	30	0	0	9
20111107_www.express.gr_231d2664a4db5da65d0642392c1ff687d86544c4b9050f9111e91e63	93.28	93.75	92.82	0.00	0.00	0.00	375	25	29	0	0	9
20111209_www.express.gr_c40eb4117befbf5f952315762b40ac3e5444dc7f735a0bc42ffd15e9	93.69	94.35	93.04	0.00	0.00	0.00	401	24	30	0	0	12
20120106_www.amna.gr_63874c0c8c5825f85331abfdd9129f20078402387c8fe7c0c64c1a8f	91.21	92.92	89.55	0.00	0.00	0.00	420	32	49	0	0	12
20120106_www2.rizospastis.gr_430c69c850ffdc7b9e57f46336bc5f1f7ac199c4e3b2a3e735d9bb6d	92.20	96.45	88.31	0.00	0.00	0.00	136	5	18	0	0	3
20120106_www2.rizospastis.gr_e0ff09814e6314a1f4ca461b8906c10019e8b6a9485efaa189f114a5	94.47	95.63	93.33	0.00	0.00	0.00	700	32	50	0	0	19
20120105_www.tovima.gr_2f30505d76bbd9e1d9623994c0e7eb30b9562e336f001aed304ce056	93.62	93.84	93.41	0.00	0.00	0.00	411	27	29	0	0	11
20120106_www2.rizospastis.gr_4d37e32200422d807f569df7e6992257f777abf5d2f456f620f567a0	89.99	85.96	94.41	0.00	0.00	0.00	490	80	29	0	0	8
20111205_www.express.gr_7de48933dd3497ea6eb8d2bc245d33b800d6c722854384c53d517474	94.18	94.97	93.41	0.00	0.00	0.00	340	18	24	0	0	9
20120106_www1.rizospastis.gr_2aa94aaa431ddc8312632d751db90abdac8eeb09a2a7a4744471a3aa	97.75	98.95	96.58	0.00	0.00	0.00	564	6	20	0	0	4
20111116_www.express.gr_4aeefed514143ae7a94e00147e1b959c35ab893fe801b4d480ece28b	94.23	94.75	93.72	0.00	0.00	0.00	343	19	23	0	0	7
20120106_www.imerisia.gr_12662d25f929afe0be123012a33914b6df6e3f8c0d897c94506e4b3b	95.26	96.79	93.77	0.00	0.00	0.00	482	16	32	0	0	9
20120106_www2.rizospastis.gr_83834f9b5d5acb15f6928e6ca81b31800fe1022147a409c44d54486f	95.91	99.60	92.48	0.00	0.00	0.00	246	1	20	0	0	4
20111125_www.express.gr_a694c95c23d5f13418425bc9c10be8b7f28af890e02ba9df7a8cba0a	95.42	96.23	94.63	0.00	0.00	0.00	740	29	42	0	0	18
20120106_www2.rizospastis.gr_40e174dcabbfed720e29794f4110e6a8657fec6c336fb08a4a48e302	93.02	95.24	90.91	0.00	0.00	0.00	200	10	20	0	0	4
20111104_www.express.gr_42e0b60d0d424eb58535a9932e2c03999ea754f508248e913b735615	95.47	96.21	94.74	0.00	0.00	0.00	432	17	24	0	0	7
20120104_www.ethnos.gr_67fb7f6b381c4bd32020a7aefaee9ac33c52adb36a9edda980196644	89.42	89.73	89.12	0.00	0.00	0.00	131	15	16	0	0	5
20111114_www.express.gr_740104ca9f4f641cbe1fc581888fa6fc3152eccfe050e526c021bb92	93.21	92.86	93.56	0.00	0.00	0.00	494	38	34	0	0	12
20111124_www.express.gr_bbd4749990571767de952fd3133d2ec377dd7db73ee39e2a2f03feee	95.08	95.98	94.19	0.00	0.00	0.00	454	19	28	0	0	11
20111207_www.express.gr_0e39c680ecd8e7816cbc3230718634f0f44e1a74c8b2fa376911cb11	95.05	95.19	94.90	0.00	0.00	0.00	633	32	34	0	0	14
20120106_www2.rizospastis.gr_c825bea11ea3f70fe71c70904da686001675cb60fa5853cf38bc549b	97.59	99.34	95.91	0.00	0.00	0.00	1054	7	45	0	0	16
20111121_www.iatronet.gr_baaba59c87de69c8f4e336e185ed5577afd7b3f3b1fe42b919da955e	93.07	97.49	89.03	0.00	0.00	0.00	349	9	43	0	0	8
20120105_www.iatronet.gr_4aa56bb54d911f4028542d434ab247d8cb5911c5d1acbdd9406ac859	88.73	94.57	83.56	0.00	0.00	0.00	122	7	24	0	0	4
20111213_www.express.gr_d1e42fbafda74cc6b09d1d127706e6012b4a9f829bb74bcc4aaf2e5a	94.97	96.25	93.73	0.00	0.00	0.00	718	28	48	0	0	21
20120104_www.express.gr_3bae953f5cb76346e8647bca0efc48cbe7043f275b43b20128766f8e	89.26	90.78	87.79	0.00	0.00	0.00	187	19	26	0	0	9
20120106_www.ethnos.gr_87553605a11fbc907733c47c9b500c6e1c565ed42128396890bf97d2	86.74	81.47	92.74	0.00	0.00	0.00	409	93	32	0	0	10
20120106_www.tovima.gr_8ed6c47955eb9c05bf7864d13d7cabf2127e43f6b87b5ff1cabe3c68	91.49	97.24	86.38	0.00	0.00	0.00	317	9	50	0	0	9
20111208_www.express.gr_bb19adba9b0ca9d1ea79cf6871ca675a14d79c48f0e88d287717399f	95.13	95.02	95.24	0.00	0.00	0.00	420	22	21	0	0	7
20120106_www2.rizospastis.gr_f473c75686edb8891959ceb43259ddc866c56205bad5d0da1709bf49	94.54	96.73	92.45	0.00	0.00	0.00	355	12	29	0	0	7
20120106_www1.rizospastis.gr_162e8a9f4367a37a089fb00823ec369701b9686069ae530ef7a81455	96.17	97.87	94.52	0.00	0.00	0.00	276	6	16	0	0	2
20111126_www.express.gr_6219a1e1667df8fd3c1a6986603d18290530ce62404ca1b9ede5f401	96.08	96.62	95.55	0.00	0.00	0.00	601	21	28	0	0	11
