file	F	P	R	F.tag	P.tag	R.tag	TP	FP	FN	TP.tag	FP.tag	FN.tag
20120106_rus.ruvr.ru_2c27d04d251b4d73039acc34e424b755e057a4bd0832f98b0906f893	66.29	53.14	88.10	0.00	0.00	0.00	237	209	32	0	0	7
20111209_www.kleo.ru_01f4205128c9fd41669466012d3659ec55d784ba06a1f5cef6627144	93.33	98.94	88.33	0.00	0.00	0.00	280	3	37	0	0	7
20111128_www.argumenti.ru_d2d7845efedd98f5e11c23fb1c7d10bdb66f7b3002b2bcdddf040508	87.12	95.30	80.23	0.00	0.00	0.00	142	7	35	0	0	6
20120106_www.nr2.ru_71e3ea912507bd41bba2cc41352cfafa45e1641fe1347594a3ed38df	1.57	1.37	1.84	0.00	0.00	0.00	4	288	213	0	0	4
20120106_www.nr2.ru_7d0cc61b526813d7fd9e38de4e7f86c3c505e47061e61e59a8bd0c1a	2.11	1.37	4.55	0.00	0.00	0.00	4	288	84	0	0	4
20111128_top.rbc.ru_5c0edc0481444061258af4069db91fe6003a388f102b526776f6a15c	94.81	97.71	92.09	0.00	0.00	0.00	384	9	33	0	0	9
20120106_informpskov.ru_5570171e07dc222858be5bc0f2e630e5532d4c43e3a24eb461c2b758	1.34	0.97	2.14	0.00	0.00	0.00	3	305	137	0	0	4
20120117_www.argumenti.ru_da9cf21b1564b946eb14c4f6762c84c0daa3e93c341db2c1da63770e	82.02	91.25	74.49	0.00	0.00	0.00	73	7	25	0	0	5
20111128_www.1news.az_9bd2b46a12104cd121d8cbb677b1708a235a8f0e0c250d961ebbd3f7	87.71	92.96	83.02	0.00	0.00	0.00	132	10	27	0	0	5
20120106_newsru.co.il_563f6804e34cfc95a8b4fe9b134a0f9a496663a67f010ba3441a3580	84.53	91.38	78.64	0.00	0.00	0.00	265	25	72	0	0	11
20120106_www.rbc.ru_1ab78a77169231ecf2987dcde3559f5cf50d75d1ec92f85d65363a6b	63.37	95.61	47.39	0.00	0.00	0.00	109	5	121	0	0	5
20111128_www.1tv.ru_5af4c17fcfdecef58f591577f57941711ffc6b4d16e9eddf99a2c1ad	65.12	52.00	87.08	0.00	0.00	0.00	182	168	27	0	0	6
20120117_saratov-times.ru_6a4d4ac1088bedc1a7e769ac2e70dcc1f2238360c574ea6a9f8cd4ca	93.81	96.81	91.00	0.00	0.00	0.00	182	6	18	0	0	5
20111128_www.aif.ru_8615176c4de88091217e66433b654d812ceb3aa888504cc5c65da372	83.33	82.94	83.73	0.00	0.00	0.00	175	36	34	0	0	6
20120117_ivona.bigmir.net_0cb32453003aafa4953d364771f630637f59cf3eb9b733e9ee477fff	77.02	90.51	67.03	0.00	0.00	0.00	124	13	61	0	0	11
20111128_www.regnum.ru_2fa9d5942fcceffd25ca1213414b453701bf63d7acaaf43c1501577e	63.47	92.17	48.40	0.00	0.00	0.00	106	9	113	0	0	5
20111128_www.argumenti.ru_3856c6cacc27b32a352e85762bcfbc18a151c60fcfab034c8b6de39c	78.82	93.06	68.37	0.00	0.00	0.00	67	5	31	0	0	5
20120106_www.newsru.com_972d7ff809b13d7a617f1d3f52416749ccd28522c84575c2bf5ff9df	89.47	96.28	83.56	0.00	0.00	0.00	544	21	107	0	0	14
20120117_aifudm.net_5424ed1a898d3559a44c4b3fba83f978f0bb01e02faebaf4eaf9e2bf	91.71	94.15	89.39	0.00	0.00	0.00	177	11	21	0	0	6
20120117_www.aif.ua_d7f2ac2cb9fa37bb13b15ed44d54e10918a3ab4f0029c619f296fe2b	49.38	34.15	89.10	0.00	0.00	0.00	139	268	17	0	0	5
20111209_www.segodnya.ua_ea3e48bceea0c24d659c7f8d91ad963250c97e8d0e02b3ff918feac0	93.86	94.79	92.94	0.00	0.00	0.00	382	21	29	0	0	6
20120106_www.ria.ru_b90e01b4804a1ce2954ffbc6d1681ce209a8c6c36dfefada4fa09cdc	40.56	26.12	90.68	0.00	0.00	0.00	321	908	33	0	0	10
20120106_www.ria.ru_d823459ea362c7f815da99cea5b603e9e220bcfae58b185f041b494d	23.76	14.67	62.31	0.00	0.00	0.00	167	971	101	0	0	7
20111128_ufa.kp.ru_5c499e9fd289c38074c0e5d85a8c08df8c0d6891bb39682d27d98ea6	41.76	42.54	41.01	0.00	0.00	0.00	57	77	82	0	0	4
20120106_www.newsru.com_0f92b104917d16ba580468dc27ade9e65dd091e57a3c840b4852d816	89.61	90.20	89.03	0.00	0.00	0.00	276	30	34	0	0	9
20120117_www.ng.ru_44331160a2aba639b795d593773c5eef34aa1cf67b8b040b718453e5	92.57	97.01	88.52	0.00	0.00	0.00	162	5	21	0	0	2
20120117_top.rbc.ru_b286c1bc8bf5127ea5de05134cabef3fada83e7cdd8517ef6123ef32	95.08	97.64	92.65	0.00	0.00	0.00	290	7	23	0	0	7
20120106_www.regnum.ru_02400c41d43238808fe9c3a5ea56f4f3ee7282fe71f00ef881b22e4e	95.00	97.71	92.43	0.00	0.00	0.00	342	8	28	0	0	6
20120106_www.regnum.ru_53f63cd23e619328bb173399e25f9e85969eabb6e3a0ea8dc56b3431	50.15	89.01	34.91	0.00	0.00	0.00	81	10	151	0	0	10
20111128_www.048.ua_b6c6487ab616bfdc9d7069a13013f96cfaf0173fbe41985e68b9413f	88.62	90.00	87.27	0.00	0.00	0.00	144	16	21	0	0	4
20120106_www.ria.ru_a5982ac8ba021466bd041955944d490b434084b4eb9b8736f9f594e0	31.91	20.43	72.87	0.00	0.00	0.00	325	1266	121	0	0	13
20111128_www.likar.info_33b13a3a8fdf43147153ab6bdc9299502cc39aa92f14d4e01e55dc50	11.26	10.24	12.50	0.00	0.00	0.00	13	114	91	0	0	4
20111128_medportal.ru_ed026c43e1ffdc60af3ea9f370ef5a6da7bcf25094cdb0a4fddccc57	90.74	94.23	87.50	0.00	0.00	0.00	196	12	28	0	0	7
20120106_top.rbc.ru_bdcfcf7fa9284b22c4acef40b34661b2a0d9034e9d272a692d0c9a8b	89.36	96.18	83.44	0.00	0.00	0.00	126	5	25	0	0	6
20120106_www.regnum.ru_d30724a07b0fb4f96a7f697425bd0f7e677342e983266d1690baee83	58.05	93.22	42.15	0.00	0.00	0.00	110	8	151	0	0	6
20111209_www.unian.net_f6f26b11bb27fc071a97c6ebbba34c941b23a6d9a413fcbacdee6e42	92.06	97.21	87.44	0.00	0.00	0.00	174	5	25	0	0	6
20120106_motor.ru_741ecb27c192865fc4990c8509dd63244c4a5f5dc62e30945922cfba	3.42	3.39	3.45	0.00	0.00	0.00	4	114	112	0	0	4
20120106_www.newsru.com_95fc96ababf91e7cfac75e20e8d3a074f3237ae538209f9d22d99eea	87.44	95.75	80.45	0.00	0.00	0.00	428	19	104	0	0	13
20111128_krasnoturinsk.info_5a3bfe4c4a2968237c0aaee00b904f9d78a311ee826c1913c7b15bc0	94.90	97.18	92.72	0.00	0.00	0.00	344	10	27	0	0	7
20120106_glavred.info_df52a83b8d33b1793ec8a3f17de4a163c70f16ad52d42bc8d53b9ece	86.74	93.24	81.09	0.00	0.00	0.00	193	14	45	0	0	8
20120106_fedpress.ru_f481b7b1343b76e5ec11312aab609cb5e9a2878435f70f86fe7b7bda	2.92	1.81	7.51	0.00	0.00	0.00	16	867	197	0	0	6
20111128_www.ukrkonditer.kiev.ua_289093b207c36db1b5210506878a1ccf4fca6fbc7c5bd711f0173c1d	87.39	91.41	83.71	0.00	0.00	0.00	149	14	29	0	0	8
20120117_www.belnovosti.ru_d8dccb6a4fd4add76ec4356a85d54cd8edbd802b4fa7b563cd6b200d	91.52	95.57	87.79	0.00	0.00	0.00	151	7	21	0	0	7
20120106_glavred.info_4d4c81eaf0f69f9624666acf9a0fd977b6fdd522dd33c415f89eaf9a	83.33	91.22	76.70	0.00	0.00	0.00	135	13	41	0	0	6
20120106_www.regnum.ru_7b4866bab218668c095f650b361d06e16eab7fe26dfd5b97caa7f17d	95.33	96.52	94.17	0.00	0.00	0.00	388	14	24	0	0	4
20120106_www.interfax.ru_355ba0d6cad5b55f60035c44bba3125d27faabe8e0fc232d024bfb4c	93.91	94.68	93.16	0.00	0.00	0.00	463	26	34	0	0	9
20120106_www.nr2.ru_e8a7ab045ab0d623fb358028b6ffa3f30c521db5617b48fa30a13465	92.39	99.15	86.49	0.00	0.00	0.00	1287	11	201	0	0	29
20120106_www.newsru.com_94162a1c8fb6eca8312611a627f86b252c38fbd7149dd213934036e7	89.81	91.51	88.18	0.00	0.00	0.00	194	18	26	0	0	6
20111128_www.pravda.ru_7ce5bfa2c3730b163a4c77382ede7c3303c2ea0228e0d74a8d7fa52f	90.20	93.88	86.79	0.00	0.00	0.00	276	18	42	0	0	10
20120106_www.newsru.com_a16c69df4c571a188b4af39ff04d6dbc337cec15c51046b5cbeb91e3	84.84	95.62	76.25	0.00	0.00	0.00	459	21	143	0	0	14
20120117_www.amic.ru_eb2e69ba48065b9615fb25041258937cf0f5c3b61af7242a722286e3	93.22	93.99	92.47	0.00	0.00	0.00	172	11	14	0	0	4
20120117_www.ukrinform.ua_a895bfeea3493522cbfcc0d265d9e92dbffc4488ec57be734a973a18	90.24	92.41	88.16	0.00	0.00	0.00	134	11	18	0	0	6
20120106_www.ria.ru_ae4b12e2d98ecf9ee39967c98157dab4bb0c79842d33006d588e12e1	27.34	17.73	59.70	0.00	0.00	0.00	200	928	135	0	0	9
20120117_news.bigmir.net_1f362ee6b4ce672737d86be6c69bb293fe8ee05513a7e572142402ce	69.05	63.04	76.32	0.00	0.00	0.00	116	68	36	0	0	8
20120106_obkom.net.ua_5fad92a456b3cb06c5cd98a71dca892d6cf4301c6a058cc69f6e55d6	92.31	99.41	86.15	0.00	0.00	0.00	168	1	27	0	0	7
20120106_eco.ria.ru_4b866e458a65a8794d13e57bb8bb0a8d579f431df28c2d5697c65b21	37.30	23.82	85.98	0.00	0.00	0.00	227	726	37	0	0	9
20120117_www.aif.ru_5d224cab8e1ac20fc930d6d91078bb50cfd5305de854f58319a4c578	1.79	1.86	1.72	0.00	0.00	0.00	4	211	229	0	0	8
20120106_rus.ruvr.ru_0cd8ed7b9610ff92162910a392661d11004b66181a96e8dd1dd8ccbe	4.95	4.42	5.63	0.00	0.00	0.00	8	173	134	0	0	4
20111128_www.interfax-russia.ru_d56227e509a79a573b9e30c4342652e1dff21dffef5ee6bc036d73fc	85.60	89.92	81.68	0.00	0.00	0.00	107	12	24	0	0	4
20111128_www.newsmsk.com_d87d5ce9dbefe4d4faec580153f2df6079fa69407804be77d78c7f1f	81.15	81.15	81.15	0.00	0.00	0.00	198	46	46	0	0	7
20120106_rus.ruvr.ru_b8c034fcc558534bd6db057a46ab31c5aaaa9f123e0c60e2368e4447	1.90	1.38	3.03	0.00	0.00	0.00	3	214	96	0	0	3
20111209_society.lb.ua_5f0b3d3553cb6625647110bb7636d9e3b099445dbd61a081a5398e66	93.26	100.00	87.36	0.00	0.00	0.00	159	0	23	0	0	5
20120117_glavnoe.ua_41ac28886c5ea26376f4973656130c09bed726a1699f756516c4d3d0	78.71	75.36	82.38	0.00	0.00	0.00	159	52	34	0	0	9
20111128_www.novopol.ru_8bd7bb61aff1884e017871c981eb9ea01120a132627812a305c8b4b3	88.32	92.81	84.24	0.00	0.00	0.00	155	12	29	0	0	8
20120106_news.samaratoday.ru_9474d4030e8ba3d2a943aa15a4628d64659de2b6780c74d911cbe458	94.24	98.71	90.16	0.00	0.00	0.00	229	3	25	0	0	6
20120117_www.ria.ru_1c44109cedff9b8a5e054dd489303bbc028febd6611050a4b315ae2d	78.10	68.48	90.87	0.00	0.00	0.00	239	110	24	0	0	9
20120117_nbnews.com.ua_bb83a1f2b55e7079b746f573cc6d8b3ff782d414c67d5c45791ff0da	86.73	94.44	80.19	0.00	0.00	0.00	85	5	21	0	0	5
20111128_www.54rus.org_d4ca4851d04858822d336639f9f929d2534bb775a234b77e87a46db1	86.51	92.59	81.17	0.00	0.00	0.00	125	10	29	0	0	7
20111128_www.ca-news.org_efd1aaa1a79fbba3879315af1ca0a8354a00af3df26ca2323da8e789	90.83	93.55	88.26	0.00	0.00	0.00	203	14	27	0	0	7
20120106_www.regnum.ru_30f1d0887d420e9e7632a8d76374ca3a37a01171affb1dc0c778783a	80.73	88.59	74.16	0.00	0.00	0.00	132	17	46	0	0	5
20120106_rus.ruvr.ru_728f3d8ec0e6248172f881c63434592641f72a6d72d155c8e7e723f0	82.19	91.17	74.82	0.00	0.00	0.00	413	40	139	0	0	16
20111209_www.health-ua.org_80162b2dcb8fd58a6f9ba5efdfb917ff0989788db273617db83808dd	79.67	98.65	66.82	0.00	0.00	0.00	292	4	145	0	0	10
20120117_www.argumenti.ru_e4dcced69d2c19877925b98606ff41d2c6b3a40ceba73b59c9190b51	70.79	95.37	56.28	0.00	0.00	0.00	309	15	240	0	0	14
20120106_primamedia.ru_77eca7ca6623ca1ac72b78ec2ed0961fb32970d01a0b014229e00ab0	94.50	97.66	91.54	0.00	0.00	0.00	292	7	27	0	0	6
20120106_vrn.kp.ru_4481fbbd10a3bec5ba28c38dd1d251d519ccfd1d175cca17e149b764	2.75	1.85	5.32	0.00	0.00	0.00	14	743	249	0	0	7
20120106_news.liga.net_a35ece8fbd5af8c7f07c5f1e63d0d5c422edeea53feefc664ab35582	89.27	93.48	85.43	0.00	0.00	0.00	129	9	22	0	0	4
20111128_www.eurolab.ua_265d038a62e38e494a1ff402790d8f5d92fbffdada6bbd7c83ee5354	89.62	94.80	84.97	0.00	0.00	0.00	164	9	29	0	0	7
20111128_russian-bazaar.com_6a49ccdcd2b1593e0d20b3a4f11ea91901744aef45355eaeb25c3c07	87.13	90.30	84.18	0.00	0.00	0.00	149	16	28	0	0	4
20120106_polit.ru_7a6bdb692f9769ce270ebf54258f7a3ebe7eb571647b99f40ebcf94a	94.75	97.24	92.38	0.00	0.00	0.00	388	11	32	0	0	7
20120106_www.newsland.ru_fb2e3d028833efa4361034bfb98483eee9663dbb967d54b7907a6e86	2.74	2.01	4.30	0.00	0.00	0.00	13	633	289	0	0	6
20120117_ivona.bigmir.net_fc26ebb4ff41057ed53e182316e70ff8422b166dd4e1f88488d94ece	78.56	71.90	86.57	0.00	0.00	0.00	174	68	27	0	0	9
20120106_rus.ruvr.ru_af4fbf485bcc6a1679a23de857b2c1fced9fd1707cd13dbf38fd50e6	2.47	2.30	2.66	0.00	0.00	0.00	5	212	183	0	0	5
20120106_www.newsru.com_455bfb523f2fdfe301c9a5b734ed388576980d3ca213b922e708115a	84.67	99.12	73.90	0.00	0.00	0.00	337	3	119	0	0	15
20111128_www.argumenti.ru_f74174bdeb5d196c3a233801519124ca13a961cc3d4cb6f7f30e4c54	80.33	78.69	82.05	0.00	0.00	0.00	96	26	21	0	0	3
20120106_www.ria.ru_aba670002d5a45afa30f60f4e8dc663cbf7a2d26da9a70cdbbde7fae	21.33	12.26	82.05	0.00	0.00	0.00	96	687	21	0	0	4
20120106_rus.ruvr.ru_f1e26404dc319826c41ffee88eb68506945a93e162364331ffdd61eb	83.25	78.14	89.08	0.00	0.00	0.00	261	73	32	0	0	8
20120106_tengrinews.kz_a17beb36e3cb8762cb9adf72dd4e3ca25691bd44e9b13451f94c8a9a	81.03	81.82	80.25	0.00	0.00	0.00	126	28	31	0	0	5
20120106_rus.ruvr.ru_d88e33bdaa62f7aaccef077a0fef801ebca3ce7b150fb2bfae74faaf	87.45	85.31	89.70	0.00	0.00	0.00	209	36	24	0	0	5
20120106_www.rbc.ru_50e41f72faa6539e1469cf3198778e7e711db329eaa811423e0d7dad	73.98	94.05	60.96	0.00	0.00	0.00	253	16	162	0	0	10
20111128_www.aif.ru_e13c5b66cd08c237b420a5a4012f76a6d8a830a19a279a35ee6571b6	2.68	1.90	4.55	0.00	0.00	0.00	4	207	84	0	0	3
20120117_www.1obl.ru_03ca2223d78152f5467d1027c818e8271becb68ab4e62f49445456fd	91.41	95.90	87.31	0.00	0.00	0.00	117	5	17	0	0	5
20120106_www.ria.ru_ac49a3dbffee82ee7e279128b85cbeabaa404a678b12eac5e2fdcd26	38.07	24.60	84.19	0.00	0.00	0.00	261	800	49	0	0	10
20120117_ul.kp.ru_6b3f9e1650f839620e1f3fdb7b9773429960182789a6a929b7526f95	86.69	89.46	84.08	0.00	0.00	0.00	280	33	53	0	0	9
20120117_www.vestipk.ru_e0ef3cfa9d6b29677e20a75acadebff2a7d04cec7ac0f07ebef001de	91.94	91.05	92.84	0.00	0.00	0.00	519	51	40	0	0	16
20120106_www.nr2.ru_aa88fcfd8b0404b65293ae484be79ab8b8124e91f4fd450784164b8d	3.71	3.08	4.66	0.00	0.00	0.00	9	283	184	0	0	3
20120117_top.rbc.ru_66d4dca562d4ca8eb538796c004900749feb4fe9bc56618a59920852	95.04	98.53	91.78	0.00	0.00	0.00	268	4	24	0	0	7
20111209_life.comments.ua_8daa4acb445758626aaaf6d146d4fb695d304f97e2610870f79ac1da	51.56	37.76	81.25	0.00	0.00	0.00	91	150	21	0	0	4
20120106_www.newsru.com_27fa8d3c7c979528c4b0eb4c04d88a4ef4e37642f27a347dc19e4130	91.75	98.28	86.02	0.00	0.00	0.00	1317	23	214	0	0	41
20120117_nversia.ru_125174415f4dd2156e09b2cce81d33116d051545290dd92cb9ad8940	22.67	13.01	88.24	0.00	0.00	0.00	135	903	18	0	0	4
20120106_www.regnum.ru_38e9fe16ded493f7d74c9e8174c99dc3454ed5247c6997865ded658d	62.19	70.97	55.35	0.00	0.00	0.00	88	36	71	0	0	7
20111128_news.day.az_5fa888d244ce8a22ea48c2a0a008a6e255a0f2608b56526e19afe423	90.51	95.88	85.71	0.00	0.00	0.00	186	8	31	0	0	8
20120117_www.aif.ru_bb2d7753ead60383ec06cb6bcf3493dd7d85d65ffb79b6507fc9b2c8	12.37	10.65	14.74	0.00	0.00	0.00	23	193	133	0	0	5
20111128_news.argumenti.ru_f26d5091e52476e091e13cdddb38a1c010fdc3f8ecb1ba6395a30fc6	65.69	90.54	51.54	0.00	0.00	0.00	134	14	126	0	0	7
20111128_www.1tv.ru_ffa20a7466a435c581a121aa817318144e71e83a49aac0307d016bad	79.31	71.28	89.37	0.00	0.00	0.00	412	166	49	0	0	13
20111209_medportal.ru_18002c24dc3501baaa52622e2a0dbeefea06b2d30179f7937d7a5b6c	84.73	83.05	86.47	0.00	0.00	0.00	147	30	23	0	0	5
20111128_news.zn.ua_faa9be4c282731ea3549317a571cbf83e5b94a70bd94faecdc4cdb57	54.84	73.17	43.86	0.00	0.00	0.00	150	55	192	0	0	8
20111128_www.ukrinform.ua_60654a90458430dc5ecb5eb331c54e1b359f9f36c3aec5d5e322553c	93.25	95.53	91.09	0.00	0.00	0.00	235	11	23	0	0	5
20120117_www.interfax-russia.ru_670981487d96852f39d08106a592133b64334e66abd0d562343ff313	87.82	94.44	82.07	0.00	0.00	0.00	119	7	26	0	0	7
20120117_www.likar.info_a6a8acfd786f7f623fccc595395d1fddb203c450d15ae2b56e989c7d	90.53	92.44	88.71	0.00	0.00	0.00	110	9	14	0	0	4
20111128_cxid.info_8457bff189418435d7f0412b105092467e24d4bc22c56c5f787cd65d	88.59	94.29	83.54	0.00	0.00	0.00	132	8	26	0	0	5
20111128_www.regnum.ru_4193600271bbf74b999e2448e397b3193cb90e0ca5404121d305a0d0	33.05	40.62	27.86	0.00	0.00	0.00	39	57	101	0	0	3
20120117_www.newsland.ru_9d8872900e435c2a95ec7866931810a6119460049a3a04b93c652d75	46.13	31.08	89.38	0.00	0.00	0.00	387	858	46	0	0	20
20120117_www.bel.ru_ee4c7876ee4f411e379e682ce60a5b669f7495edb7490a6f0c544e01	91.96	93.64	90.35	0.00	0.00	0.00	206	14	22	0	0	7
20120106_www.ria.ru_4cab1c82f7b6a455f9da3f7ce098677d4359a3ef9f462ea46524fb7b	33.81	20.96	87.26	0.00	0.00	0.00	274	1033	40	0	0	9
20120117_komi.kp.ru_421b4ef726437ef475bbd3ab6848f1ffedd2499ade10dd1a4a14573a	19.01	22.77	16.31	0.00	0.00	0.00	23	78	118	0	0	6
20120106_www.vz.ru_0ed565e7b29814b0a7aa0e0cbb19f161ac17d063f7543dcb96939db3	78.75	95.86	66.83	0.00	0.00	0.00	139	6	69	0	0	6
20111209_www.ameno.ru_094fe89eb4e510c238ac128f8bdd6efcf4727fa49453270a76370628	86.65	87.85	85.48	0.00	0.00	0.00	159	22	27	0	0	5
20120117_www.newsland.ru_bd7d1f16cb84b2d48e25b3267cb90003d126ac55d3edded12edc4a84	2.77	2.45	3.20	0.00	0.00	0.00	11	438	333	0	0	11
20120106_www.bbc.co.uk_0cff067af40961c028bfc292ccdcc29a984a6b692389e53b1dc96445	73.08	83.52	64.96	0.00	0.00	0.00	76	15	41	0	0	5
20120106_www.objectiv.tv_f1450364e8b6799a16d25d27e8d4d20c03c6582a542fbb5522222efc	6.28	5.36	7.59	0.00	0.00	0.00	12	212	146	0	0	6
20120106_www.nr2.ru_a8610aa505f2155383c46706587bda61b57e4f476c7094a8c4341940	3.17	2.74	3.77	0.00	0.00	0.00	8	284	204	0	0	5
20120106_www.kapital-rus.ru_9bb641315c0eb883e411d4d2607d462edf915890a8f0e1e17fb9c117	3.14	3.92	2.61	0.00	0.00	0.00	4	98	149	0	0	7
20120106_www.baikal-daily.ru_6910489e94427c1266f98aeca463a626f6f021962f27c14a9e01a3fc	85.83	82.68	89.24	0.00	0.00	0.00	315	66	38	0	0	11
20120106_rus.ruvr.ru_6995e691805cbfe865135607127fce8532f135e00c585a04e88d00ca	90.42	92.48	88.45	0.00	0.00	0.00	406	33	53	0	0	17
20120117_top.rbc.ru_59910528942418ed94703b750a97876172bb51c6ca1c932e49fd65d0	94.76	99.50	90.45	0.00	0.00	0.00	398	2	42	0	0	10
20111128_news.bcm.ru_51f1c8d6e09c4ed03027a7d14443c92eb9cb506bce82a6a9c45ccd04	92.65	94.31	91.04	0.00	0.00	0.00	315	19	31	0	0	8
20120106_www.regnum.ru_9626940719b75df8347ca84a3a33aaf73617eed5c65fe6820065566a	93.57	96.35	90.95	0.00	0.00	0.00	422	16	42	0	0	13
20120106_www.regnum.ru_023688a04c014bd6acf99b302eb738313df62a9496f5ee5f6bcabbbe	64.59	88.30	50.92	0.00	0.00	0.00	83	11	80	0	0	5
20111128_dozor.kharkov.ua_f3b980e81e058464fd3126929bfb11abd46f286d6747d07f2140f490	84.43	87.61	81.48	0.00	0.00	0.00	198	28	45	0	0	10
20120106_www.ria.ru_65d3cd8c47d4a2f9c4fdec98d51f7ad610295f9300072b909371a346	32.05	19.65	86.81	0.00	0.00	0.00	204	834	31	0	0	8
20120106_vesti.kz_30d73cd8a4eb70ae8086f88ceff9fb842ae001cfecb076334b347e13	86.61	94.83	79.71	0.00	0.00	0.00	110	6	28	0	0	4
20120117_www.ng.ru_9bf1d60cde49a368b4bc14dce2321eb37e63936df6079681d3dc661a	94.88	96.53	93.29	0.00	0.00	0.00	139	5	10	0	0	2
20120106_rus.ruvr.ru_d0936b32f4dfcfd8d4933b5807394621f9a2c55096176a4e6f7dd4c9	5.41	4.61	6.54	0.00	0.00	0.00	10	207	143	0	0	4
20120106_rus.ruvr.ru_ea8a312da029ade02837e74a53649ccfab6b23a4c931d63e7076b3ed	74.38	69.27	80.32	0.00	0.00	0.00	151	67	37	0	0	6
20111209_www.regnum.ru_39dbf385c056f5fac5095193a66768a641ffa44532cc29c5dca7ec0e	85.36	91.07	80.31	0.00	0.00	0.00	204	20	50	0	0	5
20120106_rus.ruvr.ru_cabf961cc2bc8a3b1ec2bb8b3b6a8bb358c674a4d0e74beb37bfe536	89.18	85.53	93.15	0.00	0.00	0.00	408	69	30	0	0	8
20120106_rus.ruvr.ru_d60b58d8921206220b592de79852b10eb5c8a3a01cd90e91c5760107	82.96	78.06	88.52	0.00	0.00	0.00	185	52	24	0	0	4
20120117_www.pr.ua_c7667f1e20086a484b35ddc27b70d4dbc0fd1ec238dddce3ad8104ea	75.76	62.43	96.32	0.00	0.00	0.00	811	488	31	0	0	12
20120106_www.baltic-course.com_23d594bb1390d2a5680eb3bdd8abff0afda52ac950deec2a30de081b	88.89	91.71	86.24	0.00	0.00	0.00	188	17	30	0	0	6
20111209_mignews.com.ua_8136e68b329da9d717135f04cebc055074902a64563fc7ba12b5973a	86.86	91.02	83.06	0.00	0.00	0.00	152	15	31	0	0	5
20120117_www.medikforum.ru_5641402348c024f1ee710c27302194e49a514ed542fc7d44fcb9459a	92.41	95.56	89.46	0.00	0.00	0.00	280	13	33	0	0	13
20120106_www.fergananews.com_3107dd7419e68cfa31a4242d97450f271ed51e4d56be9e971047fe29	81.20	82.61	79.83	0.00	0.00	0.00	95	20	24	0	0	3
20120117_www.isra.com_64bebeefa3bee1910ff84ab10ad7bbf33a6710618005775b7dff86ad	71.17	95.24	56.82	0.00	0.00	0.00	100	5	76	0	0	8
20120106_polit.ru_6425ba354b23dad3aca264e5f0ae4c571faecafe5741e37da0064987	85.91	93.98	79.11	0.00	0.00	0.00	125	8	33	0	0	6
20120117_www.regnum.ru_59ff197a55c3661cb75f16317be8420473852acaf7daae63508dd08c	82.17	84.31	80.12	0.00	0.00	0.00	129	24	32	0	0	5
20111209_www.health-ua.org_5d82207438f000749355eaa8c87b2fefc218564a361b005d725a679f	81.68	100.00	69.03	0.00	0.00	0.00	312	0	140	0	0	13
20120106_www.ntv.ru_9cd271d26e479370e5f13dc6a17e8e1e5ad76baef843f2d041f83cef	62.12	77.36	51.90	0.00	0.00	0.00	82	24	76	0	0	5
20120117_ura.dn.ua_4737640aa688991a3c0162213748af869eef11a9662ec38fb0b6e057	94.70	96.95	92.56	0.00	0.00	0.00	286	9	23	0	0	8
20111209_www.pravda.ru_708959c113d06281226c407dfdb5849683673dab9e9e7e0b4f6aab3b	89.90	91.81	88.08	0.00	0.00	0.00	325	29	44	0	0	8
20120106_www.ria.ru_029cdb94cdadb2cda796721f98aa1c854725855fe56297ef7a719622	24.48	14.73	72.57	0.00	0.00	0.00	172	996	65	0	0	7
20111128_www.newsland.ru_deca5850da6e13d3afaba5a733ba630dfc85e0446c1024e58f74bdc9	36.34	23.92	75.63	0.00	0.00	0.00	149	474	48	0	0	6
20120117_top.rbc.ru_8fc49681dc7b3805b395f0c5114a2bb597635b97fbc3a74744c60c8e	96.07	97.55	94.64	0.00	0.00	0.00	318	8	18	0	0	6
20120106_www.rzn.info_dfa9de2dad8922187b79eca288b190f143d3a1fed26e0db8afd3db94	90.57	96.57	85.28	0.00	0.00	0.00	197	7	34	0	0	5
20111128_top.rbc.ru_780223131eb3c6a04c95f782525de8c94814bfcd61e1a34d7d10cb31	90.44	91.53	89.37	0.00	0.00	0.00	227	21	27	0	0	5
20111128_www.medicusamicus.com_9e7f4aabccca4d02b620513399601bbb5572b04262ec078f810fd1df	95.33	95.53	95.13	0.00	0.00	0.00	449	21	23	0	0	5
20111128_www.radiomayak.ru_8ad67e417e7dda07308001996b87066591849749c42006aa649e710f	82.00	96.47	71.30	0.00	0.00	0.00	82	3	33	0	0	5
20120117_life.comments.ua_0c05c8ad98404601c2e4e4ec899c77060381efef6e2b18d9583d4bce	90.38	92.16	88.68	0.00	0.00	0.00	141	12	18	0	0	6
20120106_www.rbc.ru_9de3f8c98565dbf813e1dc0ee7fe858058b486556e7632b7ae132691	83.20	99.51	71.48	0.00	0.00	0.00	406	2	162	0	0	13
20120117_news.vdv-s.ru_2f8de7cf4d3452ac2db6f37d13200fec986021f3336a8a7b8931c191	91.22	93.60	88.95	0.00	0.00	0.00	161	11	20	0	0	7
20111128_www.gazeta.ru_6c0acb5d065e76f57a212807e5dc2c1c9fa84ced5d212e2826b68bba	3.67	3.31	4.12	0.00	0.00	0.00	4	117	93	0	0	2
20120117_novostimira.com_89caeb1d83e485e88e05b68ada2bfaacce54e8e5cea0e90556c30761	31.09	18.93	87.01	0.00	0.00	0.00	134	574	20	0	0	5
20120106_fedpress.ru_73f28aa90c78276cdc79ec3ef8c1b76d0a4597fc758a0937095617da	82.46	96.28	72.11	0.00	0.00	0.00	181	7	70	0	0	6
20120106_www.ria.ru_7f29ab13be7012fa4d0697b37842464f5fab21a186d722cb6178d251	40.74	26.27	90.69	0.00	0.00	0.00	341	957	35	0	0	11
20120106_www.mk.ru_925812eec2e8ead92b3d2d9769cf9f4cc3cf36c01542afcab76ff2bc	3.18	2.42	4.62	0.00	0.00	0.00	8	322	165	0	0	4
20120117_www.pravda.ru_68888a68fa69fd0df677b92c50edce4f8d60e4dc4345546c908fedc8	78.32	69.14	90.31	0.00	0.00	0.00	177	79	19	0	0	6
20111128_veved.ru_e6b94e8edabcfb9236cf7032cab266b1b2078c644a54d1a02bf4db8b	93.86	99.78	88.61	0.00	0.00	0.00	451	1	58	0	0	14
20120106_www.regnum.ru_5ea350ca1731a56c9ec962530657c5a888a6b093b716e73ff9716bc2	45.82	88.10	30.96	0.00	0.00	0.00	74	10	165	0	0	9
20120117_omsk-times.ru_7a0a159e051a7d83f83c718ab0e6784197a74ce14c0991fa43327c37	90.70	97.50	84.78	0.00	0.00	0.00	78	2	14	0	0	4
20111209_life.comments.ua_4229a5c93d87864b9e6e262fb654b76e316bf45d1fdabfb1f1d98f95	89.96	92.38	87.66	0.00	0.00	0.00	206	17	29	0	0	8
20120106_www.ria.ru_dae988a9974d99898ea7607c52c81c903dc469acbdd0ab1110f52c02	23.77	14.26	71.43	0.00	0.00	0.00	210	1263	84	0	0	11
20111128_www.argumenti.ru_be21cce9cc0c17a4811702603ad0cb82afcbdd32fe0d26093575449e	71.20	94.01	57.30	0.00	0.00	0.00	267	17	199	0	0	10
20111209_www.profinews.com.ua_a6e507d0bc2a2d16425421b2edf86681f9ef1a3093c01b710f703d6a	89.73	99.16	81.94	0.00	0.00	0.00	236	2	52	0	0	6
20120106_www.ria.ru_34361154a23f529006256a654692cc256ca859a19dc0f6f018a076f7	37.09	25.94	65.02	0.00	0.00	0.00	303	865	163	0	0	18
20120106_www.nr2.ru_e411c27e03a56c423624eb693a1d7431a2eb0c9a8a38f2d457474efc	89.85	88.36	91.40	0.00	0.00	0.00	425	56	40	0	0	10
20111128_www.argumenti.ru_cdafa92c8e21a65094c97379581e6aa23b675ce928564cbad43a8f6a	86.23	95.97	78.29	0.00	0.00	0.00	119	5	33	0	0	6
20120106_saratov.kp.ru_b75c2de73f16547855914744f1c2f986075e0e98e1462b36cb68bb39	1.11	1.08	1.15	0.00	0.00	0.00	4	368	343	0	0	7
20120117_pln-pskov.ru_ca3e20f824a77c1599d707340ec6f89a171f8ffc689af27627dc2968	88.35	93.81	83.49	0.00	0.00	0.00	91	6	18	0	0	6
20111209_www.regnum.ru_390fcad04260783ea96a5bed16a9f654777fee12ee6f1ce243163e31	90.75	92.68	88.89	0.00	0.00	0.00	152	12	19	0	0	3
20120117_www.aif.ru_a7a2b954a2707bdba78a221747044782454c7e7c29ea9ac74797aa01	90.83	94.74	87.22	0.00	0.00	0.00	198	11	29	0	0	8
20111128_gorodlip.ru_d8a37399572148f53db84da1e4beb795915a508b97023d958cfeb983	90.68	97.83	84.51	0.00	0.00	0.00	180	4	33	0	0	8
20111128_ubr.ua_ed8680ca9497c6e01814b8be69009bb9d4613a38c2a36a533ef27933	1.78	1.23	3.17	0.00	0.00	0.00	4	320	122	0	0	5
20111128_globalist.org.ua_5be549e96570e486891bf881eacbfddb2d6908f251c2d23bffe7e213	91.86	100.00	84.95	0.00	0.00	0.00	254	0	45	0	0	7
20120117_www.amur.info_6443a3c4f43e909a0b1be0663d859d2851e9580b73ef791bf728e71f	96.08	97.76	94.46	0.00	0.00	0.00	392	9	23	0	0	6
20120106_newsru.co.il_3ad15acc5ce87890828835c3d4d299f8d03e47e2636c4930e548cf66	63.76	77.24	54.29	0.00	0.00	0.00	95	28	80	0	0	8
20120106_www.regnum.ru_0499069aa430b9e9d88c8f172c978ef70745d000686903a15254f16d	97.00	99.05	95.04	0.00	0.00	0.00	939	9	49	0	0	16
20120106_www.newsru.com_1a91a63e0072a3c2afba0eda3d830e458319c5849a3318af3066c419	87.61	97.06	79.84	0.00	0.00	0.00	495	15	125	0	0	18
20111128_www.pravda.ru_ca2831b2776caab499f7d4089b80813eeedac9bc1e8920068c8e4972	89.16	93.50	85.20	0.00	0.00	0.00	259	18	45	0	0	9
20120117_www.argumenti.ru_24d2793e8210bef73d9c5552b74f8f93cd50f14cc6ccd7798c77ba79	84.16	91.18	78.15	0.00	0.00	0.00	93	9	26	0	0	6
20120106_tengrinews.kz_ed77af7b4de973f4ac7f4470fbb98c2acab3723cfd23c5dc9349255b	77.04	78.57	75.57	0.00	0.00	0.00	99	27	32	0	0	5
20120106_www.objectiv.tv_1876c342c825d0d55a82f91bb831095b8bd91b8e4260191a188245cb	4.12	3.43	5.15	0.00	0.00	0.00	12	338	221	0	0	7
20120106_rus.ruvr.ru_cbf5c80b8489db267e531a296f5cdddba82bc5d93ce48d2f69b9e3d6	87.99	87.31	88.68	0.00	0.00	0.00	337	49	43	0	0	9
20120106_rus.ruvr.ru_a6dd099050e32e54018a737dc6ebd189a7516bb4de909eea014f2057	88.35	86.67	90.10	0.00	0.00	0.00	364	56	40	0	0	12
20111209_www.regnum.ru_5bc9ac4324d46c89b7a9fa7a32794ca6e21dcf231fc2962b9e4a938b	70.25	93.28	56.35	0.00	0.00	0.00	111	8	86	0	0	6
20111209_www.medicinform.net_385707b66bcc2eff8c627aa2c253de8023b356153ca318b57eca95ba	50.63	37.88	76.34	0.00	0.00	0.00	100	164	31	0	0	4
20120117_www.9111.ru_e2e47b234353771176e7da60db97f5417e13ecd58f7d6cef61553432	3.70	4.10	3.38	0.00	0.00	0.00	5	117	143	0	0	6
20111128_prm.ru_1e627e2f5da52271de697836d25f7e848085d516e2d4982ac7863973	60.62	66.29	55.84	0.00	0.00	0.00	177	90	140	0	0	5
20111209_kurskweb.ru_0cbd3006d5c3cf6a44e59909e6bb93a78ef3596c0cf4bf23ea3c79c6	91.89	97.40	86.98	0.00	0.00	0.00	187	5	28	0	0	7
20120117_www.aif.ru_dce59edee65574969667311668737fed5eaccd473430301530a88e32	86.98	86.57	87.38	0.00	0.00	0.00	187	29	27	0	0	7
20120117_medicina.ua_be8c534c34dce9d78e68186d0a801c87ad4be2388e5045e05d58a7d0	85.95	84.55	87.39	0.00	0.00	0.00	104	19	15	0	0	4
20111128_news.bcm.ru_612395c1206be9b438b4eb493abe4b9c4b436263f490185758c3073e	79.47	73.40	86.63	0.00	0.00	0.00	149	54	23	0	0	5
20120106_news.liga.net_bea4e3c07b0e369b410c4bce2657ccd027df9595b1640b320a8a870a	90.32	95.32	85.82	0.00	0.00	0.00	224	11	37	0	0	10
20120117_www.aif.ua_ba56626e454701098f0c2d7c287ba60b5e027dcff50189015b444379	92.62	96.28	89.22	0.00	0.00	0.00	207	8	25	0	0	8
20120106_www.newsru.com_ad086f34fd28d9c4e33cd4cc7c45200b406f465c6c99e0c6c03effc5	83.85	95.55	74.71	0.00	0.00	0.00	322	15	109	0	0	11
20120106_www.aif.ru_47f630ae70a185204c0848a1b5c565182c07b0f8afcb874c5866fe48	1.93	1.13	6.34	0.00	0.00	0.00	17	1481	251	0	0	8
20120106_top.rbc.ru_33a7b32079a929ba92132315cd0c3e5ec1c15ebf88b3db82697fd583	87.43	96.05	80.22	0.00	0.00	0.00	146	6	36	0	0	7
20120106_www.health-ua.org_8ea8618c460350ff3b44f5a4ee2e0e1add6370e519925d6422189e90	82.09	100.00	69.62	0.00	0.00	0.00	259	0	113	0	0	13
20120106_rus.ruvr.ru_10482b7b0a197fc54a4eb42f4ccbbbac8334cd53c182dfb63ebb8157	84.03	78.57	90.30	0.00	0.00	0.00	242	66	26	0	0	6
20120106_tiras.ru_a8ac1a3f8f25605853e24d4efcd409bc412fdc50beb8af6794b871cc	87.85	94.95	81.74	0.00	0.00	0.00	94	5	21	0	0	4
20111128_www.pravda.ru_27bffe1b5efb7f55921254f786a83f2d2856be99f278bd9c8bf0896a	89.86	94.30	85.81	0.00	0.00	0.00	248	15	41	0	0	8
20111209_medportal.ru_0468ef9dd22197e37bbfa27d019c37f591209f25e553699e379a191c	89.52	92.16	87.04	0.00	0.00	0.00	188	16	28	0	0	7
20120117_www.tverlife.ru_931381a532cd08822c0b77d1ebf260b748bebc663b20cb85a73a7fd8	59.78	44.52	90.95	0.00	0.00	0.00	191	238	19	0	0	6
20120117_www.zabinfo.ru_a8e761fd4d1b7c2c194fa2771f16fed53ebff860edcf42a1ab46ee69	90.81	94.38	87.50	0.00	0.00	0.00	168	10	24	0	0	6
20120106_www.vz.ru_574f47be259cb32afcdea3b4a616ad67b52deeb0ce356f617b5c4e5b	80.29	93.22	70.51	0.00	0.00	0.00	165	12	69	0	0	7
20120117_amur.kp.ru_db49177b09dc18c652d8e00a07ebce62115931394d912c94a825ba43	34.24	36.07	32.59	0.00	0.00	0.00	44	78	91	0	0	6
20111209_kurskweb.ru_89d2fbdb45d0d08892f5a2c4b69fab7487e22b6e9d97a41f7a8cbd5e	91.86	97.77	86.63	0.00	0.00	0.00	175	4	27	0	0	7
20120106_rus.ruvr.ru_9c8301660644efef49fbaa51cee88e5e99a1368e147ca5d978151887	81.12	76.95	85.77	0.00	0.00	0.00	217	65	36	0	0	7
20111209_podrobnosti.ua_3c23469ada46556111db75f2bbf6b5c8d4ecd3c2d493cf50c02ae210	92.39	96.30	88.78	0.00	0.00	0.00	182	7	23	0	0	5
20120106_www.regnum.ru_698ed2763766604d29a5d7cd114dcc5267a1de255f7ea6274a8f3ab0	60.00	94.44	43.97	0.00	0.00	0.00	153	9	195	0	0	6
20120117_www.bankfax.ru_4f20a65dd86ac9a4f42b058fc4e24a90d011f3a8814bab4f4cf940ec	29.47	17.90	83.33	0.00	0.00	0.00	70	321	14	0	0	4
20120106_ivona.bigmir.net_e2b3b52c46918b33a21f0c2c6fd7c14df124641ec7962d2508567d89	82.30	81.94	82.67	0.00	0.00	0.00	186	41	39	0	0	9
20111128_www.from-ua.com_ace40a3654c2a925138e46a10cf05a27ea5cf9fccbb7858ef6405b64	93.59	97.27	90.17	0.00	0.00	0.00	321	9	35	0	0	9
20120106_www.newsru.com_7acb8f34117eb77ac8b38d5a12bd86805f38657dc468f3c9e2f8ead8	76.12	92.31	64.76	0.00	0.00	0.00	204	17	111	0	0	10
20120106_www.newsru.com_3cc03dc13c51c45cc005192493d338f9ec23e0cfa5cfc78721e89f28	79.41	93.46	69.03	0.00	0.00	0.00	243	17	109	0	0	11
20120106_www.regnum.ru_b1d108a915c7e9f07f25f4388ae14f3fd60ebc499f71c5ccdba8f0be	82.73	87.63	78.34	0.00	0.00	0.00	170	24	47	0	0	6
20120106_www.baikal-daily.ru_4d03f94d8fd5cdf97dd80e1e3bd661f57e3eb3d955156e9a6c38a552	89.06	97.16	82.21	0.00	0.00	0.00	171	5	37	0	0	7
20111128_news.bcm.ru_f1419d22979d6c691f2531742718e2144783b692018049d5f54a0f9c	91.08	94.48	87.92	0.00	0.00	0.00	291	17	40	0	0	8
20120106_www.ria.ru_20f18ab50b99825191bb0198434800d93ed7499840be42f83e1ddc8a	26.23	15.71	79.36	0.00	0.00	0.00	173	928	45	0	0	8
20120106_www.ntv.ru_902972a735c13e28e92e7b5780c450ba7f201e52780f41be74f0498d	77.78	88.35	69.47	0.00	0.00	0.00	364	48	160	0	0	14
20120117_www.rg.ru_425ebb7e3028b9d4ff8157a6ff47c62cc723822de0b5f40976d38471	88.65	89.04	88.26	0.00	0.00	0.00	203	25	27	0	0	7
20120106_rus.ruvr.ru_954487f51fe0cdd6c9fa51a2e31e0c5739e5e3915cabb7ee2607b9bb	1.45	1.59	1.33	0.00	0.00	0.00	3	186	223	0	0	5
20120117_podrobnosti.ua_4493a21ef66dd94e0ed46ded15d0472d097d24273bf72a3798b6bfc2	40.00	25.98	86.89	0.00	0.00	0.00	106	302	16	0	0	5
20120106_4geo.ru_da79c1f1b11cb8e4ecac8702ab9f754c2213abfa4b5b055b5fffb5a3	68.53	84.48	57.65	0.00	0.00	0.00	49	9	36	0	0	3
20111209_www.from-ua.com_a167986f72fb86473423c8b36255f5d2c4bbc2e78bb8717180731b1a	93.69	99.48	88.53	0.00	0.00	0.00	193	1	25	0	0	6
20120106_www.newsru.com_0b070cc4e82ec1acce4fea201186feaa70c969ca0e8d22ac363e868a	92.89	99.23	87.31	0.00	0.00	0.00	901	7	131	0	0	26
20111209_glavcom.ua_da7ef7f7afd4283aa29b892498ada013ab33c6c87acc1d7c3662d9cc	80.21	77.00	83.70	0.00	0.00	0.00	154	46	30	0	0	5
20111128_www.aif.ru_252b43f4faece558ef50829e48585bf4bf29dcc45a9b11e2657f7e73	83.73	82.94	84.54	0.00	0.00	0.00	175	36	32	0	0	6
20111128_www.health-ua.org_32f4fc9c9ac1b6310bb65c65e4d053b0159cff2bd4e53e3cf14f3b0a	83.41	98.85	72.14	0.00	0.00	0.00	259	3	100	0	0	11
20120117_www.regnum.ru_5e974f524a73b85fcc3d8971b53a898b8ea81bd560ce7f4e89e5134e	84.96	87.50	82.56	0.00	0.00	0.00	161	23	34	0	0	7
20111128_www.argumenti.ru_e6cfe32f454066b47a2cc18825563f7d1fce16a3d4f4d496d07f9cb7	70.22	97.99	54.71	0.00	0.00	0.00	244	5	202	0	0	13
20120106_tiras.ru_348ef5af5f140200b7ba83bcdd26e30cf3060de1552e9571c4ff531d	63.87	72.19	57.28	0.00	0.00	0.00	122	47	91	0	0	6
20111128_www.utro.ru_6f87a77ee82ea8623b44ea3d6fc0b5991f47c2234d520a29f5140096	56.64	98.37	39.77	0.00	0.00	0.00	241	4	365	0	0	27
20111209_www.news.nashbryansk.ru_6368eecacdbef694fd68e4d3ba2d9e28127f1fe0ddd95e728f0f3e34	91.32	89.04	93.72	0.00	0.00	0.00	463	57	31	0	0	9
20120106_www.ria.ru_ecab1113d544619f44e1b612b5946015a224e818817918184b42e821	11.91	6.78	48.99	0.00	0.00	0.00	73	1004	76	0	0	6
20111128_www.rg.ru_8ec829733ea6b6e5d210f3c576505b8d8537febec29da1a74ace7dec	84.58	82.60	86.67	0.00	0.00	0.00	299	63	46	0	0	9
20120117_www.krsk.kp.ru_efe952742da53e9095a25ee3e25e361f703ec489b91417eb93d607c6	87.24	93.44	81.82	0.00	0.00	0.00	171	12	38	0	0	9
20120117_news.bigmir.net_435a7d809723a5eadd129d775236a1e87ba3c761ef6a6232f959398f	68.57	57.14	85.71	0.00	0.00	0.00	156	117	26	0	0	8
20120106_rus.ruvr.ru_7af3c3015646058a6271387cf6ceadd752248627dc6beafd18873a10	75.26	70.10	81.25	0.00	0.00	0.00	143	61	33	0	0	5
20120106_rus.ruvr.ru_201874024c9e7296d4e68008f4d3604533cc1751335aadc6f598d91a	5.05	4.10	6.56	0.00	0.00	0.00	8	187	114	0	0	5
20111209_www.utro.ru_64966d8a81c1e36b7f5924157c935c59845398e72f17a793746986f4	83.35	94.57	74.51	0.00	0.00	0.00	418	24	143	0	0	15
20120106_www.regnum.ru_7e0f85b355f6099930e5edc2852f70f051239c50aa9314304cca365b	95.94	98.57	93.44	0.00	0.00	0.00	484	7	34	0	0	9
20120106_www.nr2.ru_e4d7196ecdc3760ad5e14a283aedbc93f81a0f9ef0097b18d3bdd5ef	1.75	1.37	2.41	0.00	0.00	0.00	4	288	162	0	0	5
20120106_www.newsru.com_621a1d59e85615519ae66e37f01d82a1db6298ec0ca37d1d17512fb3	77.73	92.56	67.00	0.00	0.00	0.00	199	16	98	0	0	11
20120106_rus.delfi.ee_42f389d95f6d25a7104c706211b7df6a271bd42230d318a6a97fff70	90.00	96.43	84.38	0.00	0.00	0.00	162	6	30	0	0	5
20120106_rus.ruvr.ru_7ed22df2ffb6952d9e74611b212b0071c335df7ac1bb8924bb0231aa	90.43	86.00	95.34	0.00	0.00	0.00	430	70	21	0	0	4
20111209_life.comments.ua_413445fcf5fda9b6746c9c34097c7995ec2b801d4d5d87762b8d5263	83.51	79.80	87.57	0.00	0.00	0.00	162	41	23	0	0	5
20120106_podrobnosti.ua_ffd2d278eebbe5c243770afb049d2093e442f848a7ad58bb3f708cab	42.92	29.35	79.82	0.00	0.00	0.00	91	219	23	0	0	5
20120106_inopressa.ru_5347f152e35fa50bdc5c7b71e91fdcab0ee924e147b6a77e00c4ab2f	26.11	17.81	48.89	0.00	0.00	0.00	44	203	46	0	0	5
20120106_www.ria.ru_3bd41a95753e1381dcf18287aae31e25a823e33a19e206ddebd5ea9f	70.37	75.42	65.95	0.00	0.00	0.00	678	221	350	0	0	25
20120106_www.nr2.ru_413d33998faf4052b4d53db62cd3294a3910c8b24dbf0bea894652b7	1.98	1.37	3.57	0.00	0.00	0.00	4	288	108	0	0	4
20120117_vechirka.kiev.ua_5e96086a62e756565a43ef700524f872888b149b8264cbd095605678	64.05	54.44	77.78	0.00	0.00	0.00	49	41	14	0	0	3
20120117_www.aif.ru_ea29c469ec4c897bc00b0ce55763e97f3a54140a67185148ad734f32	2.63	1.85	4.55	0.00	0.00	0.00	4	212	84	0	0	7
20120106_www.ria.ru_c82a4fd390143702a94960f7d2146a45fe7dd8a32727936439be6d96	14.63	8.09	76.53	0.00	0.00	0.00	75	852	23	0	0	5
20111209_www.regnum.ru_799bdf6955e6b3414bcf437052ee6b7edc25d61bb152b8abaa49fb4e	85.41	94.71	77.78	0.00	0.00	0.00	161	9	46	0	0	3
20120117_www.regnum.ru_44d1177e6d6669aea0144a3fc575cd9880cbe2a2b142043cd0be4f93	69.23	90.00	56.25	0.00	0.00	0.00	144	16	112	0	0	8
20120117_ivona.bigmir.net_b28687a47406c8e9f07bc02733c7d72d30362c16d3cf0cd260cc5c57	73.86	65.58	84.52	0.00	0.00	0.00	202	106	37	0	0	12
20120106_www.19rus.info_0e04f91eba72b04f9b8e7c477e0ca01e2c1538aa21a4d184dc610e1f	74.57	68.62	81.65	0.00	0.00	0.00	129	59	29	0	0	7
20111128_medportal.ru_5373dbb4efcf35c8e37ec4bb2acffbc1138e77d16d7f37bf40b7c967	89.57	92.63	86.70	0.00	0.00	0.00	176	14	27	0	0	6
