file	F	P	R	F.tag	P.tag	R.tag	TP	FP	FN	TP.tag	FP.tag	FN.tag
20111209_www.we-dwoje.pl_19af8fed1feb67d7ad17ceed91f60bbcb0845ec57d5132df8c16e255	48.53	33.19	90.23	0.00	0.00	0.00	314	632	34	0	0	8
20120104_www.money.pl_e7ba8f2d7d697eb07d171de9f2d33a494d57e2fc44dce04b805450e1	87.23	85.38	89.16	0.00	0.00	0.00	181	31	22	0	0	7
20120104_www.gk24.pl_c95d8af5117520c86cf6a43247756d8a8bcfe62435ca0a8d4256662f	89.90	96.46	84.17	0.00	0.00	0.00	218	8	41	0	0	8
20120105_www.we-dwoje.pl_a34f720362e69f95128b20da89e6b87e248575d82e80acd0c12e41ad	95.53	97.40	93.74	0.00	0.00	0.00	599	16	40	0	0	15
20111121_www.biolog.pl_df35442bc753c25dd6c3d261cac577b2e83b5f6405dfa1fbc7b3711d	95.38	98.89	92.11	0.00	0.00	0.00	712	8	61	0	0	17
20120106_www.pomorska.pl_319b22943ec4e778a564cf08846303ca7caac14778d50ab4dcc555d5	96.68	98.93	94.54	0.00	0.00	0.00	1108	12	64	0	0	26
20120102_www.zdrowiutko.info_4af7429d6f7b3967f666b89eea7bef64cc89f5b13fb8a366a7b5fcf9	88.25	85.38	91.30	0.00	0.00	0.00	777	133	74	0	0	30
20111207_www.biolog.pl_1217f2298aedb3f437a8ad8f951d4a5fd72f73453f3a1ad483247983	93.23	99.66	87.58	0.00	0.00	0.00	289	1	41	0	0	9
20111121_www.zdrowiutko.info_974b6000f979b037cca015e83a107762db4890e6216ad7767d15ebbf	92.20	95.80	88.87	0.00	0.00	0.00	479	21	60	0	0	20
20120104_www.rmf24.pl_f855b922968bad3aad3e602bffd0cf52f85e6310bcdccac4cc775317	81.60	85.64	77.93	0.00	0.00	0.00	173	29	49	0	0	7
20120106_www.rp.pl_0c673e6f222d11a2e838ee625217077fdbd48353bf73ad3d4ff6ff47	86.68	86.19	87.17	0.00	0.00	0.00	231	37	34	0	0	7
20120106_www.nowiny24.pl_7f85e13888ff7478c6e1bbb27628ac8bfa7741bdde10abab79aaabbc	91.79	92.72	90.88	0.00	0.00	0.00	548	43	55	0	0	21
20111121_goodcontents.net_daca031b3afb62aa1c5ae330893841cfd517220dc0be08ce017e26d7	93.47	93.59	93.35	0.00	0.00	0.00	365	25	26	0	0	7
20111209_www.biolog.pl_f8a9a3a7e56a47890452bd092305ca15eaaf850b48b6935084628b48	79.34	80.67	78.05	0.00	0.00	0.00	96	23	27	0	0	4
20120106_www.rp.pl_af88e8921fbd34d5545ac12ebf8e46776b2fd5e237f17d8488e67f6b	96.23	99.84	92.88	0.00	0.00	0.00	639	1	49	0	0	14
20120106_www.rynekzdrowia.pl_65763a4d2634741e77cdcbdafb1f17ea37275efbe4a1ced9bba9f2ea	89.19	94.96	84.08	0.00	0.00	0.00	132	7	25	0	0	6
20111207_www.biolog.pl_f7b095a5f67da611db46b0033f53bbf0d6d1d6b0965661dc74629464	92.61	98.95	87.04	0.00	0.00	0.00	282	3	42	0	0	10
20120102_www.biolog.pl_da4971d5a8258ca16606d2a4af7b3ff5a43a04116e50017b5794f1e6	94.08	97.11	91.24	0.00	0.00	0.00	302	9	29	0	0	9
20120106_budownictwo.wnp.pl_ff337b320fa04ea7f0dd72f85bf1de4cbc93f521cd4a02457e6e86d2	67.91	88.65	55.03	0.00	0.00	0.00	164	21	134	0	0	8
20120102_www.biolog.pl_7c3b047ae678cbf0aab0b7b7dfb357b3d41868b90f16f3b227a3c491	93.81	95.44	92.23	0.00	0.00	0.00	356	17	30	0	0	9
20111207_www.biolog.pl_cbef94652e0301b7efa01a61b323fa8e7d1c79ebaa36eb50ede8f7b0	87.97	99.07	79.10	0.00	0.00	0.00	106	1	28	0	0	5
20120106_www.rynekzdrowia.pl_bdc5c2b80ed23617eb900252991d90d4656ade58157d2e3e2bafc26b	92.05	94.77	89.47	0.00	0.00	0.00	272	15	32	0	0	9
20120106_www.wspolczesna.pl_0dd3592e0d200f6516534c023c04eb4e8984fee26436878ad80e2855	91.70	89.65	93.84	0.00	0.00	0.00	762	88	50	0	0	17
20120105_www.we-dwoje.pl_b0db55778e8821d208c8ac62c8d13d45383eb82b029b30856cfb9423	88.14	91.99	84.60	0.00	0.00	0.00	379	33	69	0	0	14
20120102_www.biolog.pl_306b8101d03d29a1ee66c57786538a26ee98577075c873767a787a68	91.48	95.92	87.44	0.00	0.00	0.00	188	8	27	0	0	8
20120106_www.rynekzdrowia.pl_f07b63d1c1fbbffcd623b0c5bd041de2120ee38f6929245adcff13b1	89.32	97.87	82.14	0.00	0.00	0.00	138	3	30	0	0	5
20120106_www.rmf24.pl_505b49e74cd20ee7c8f10d2026d3bf8fdf91537debf2e3952286ded5	43.03	32.27	64.55	0.00	0.00	0.00	71	149	39	0	0	5
20120106_www.polskatimes.pl_cbecb1cdf021db05874d2a890ff464ba725e9083213745397b5a4bb6	29.01	17.80	78.28	0.00	0.00	0.00	191	882	53	0	0	11
20120106_wirtualnapolonia.com_bafb21f000c3042db55f8b3f13a5c43c5a9178fcb520f76dc7ff0ca9	90.82	89.16	92.55	0.00	0.00	0.00	584	71	47	0	0	17
20111209_www.we-dwoje.pl_9e19ffb372d06c9036e7d4c5e06c9f05fa5c86cc123c68e23e7640e7	96.00	97.96	94.12	0.00	0.00	0.00	384	8	24	0	0	6
20120105_www.we-dwoje.pl_6ed54a3f163ad1ffe0cf00805c28afdcf78b018b370957c05e219bf1	96.87	98.31	95.47	0.00	0.00	0.00	696	12	33	0	0	10
20120106_biznes.interia.pl_9a6726be57cae3560f578c7b15519ddb4fb7b474fdcddd62a38534aa	83.76	86.84	80.88	0.00	0.00	0.00	330	50	78	0	0	10
20120106_www.gazetawroclawska.pl_41a7b3773550523a9741d29845aaaee9e977bdfd01901850f9563329	92.05	94.55	89.67	0.00	0.00	0.00	434	25	50	0	0	19
20111209_www.we-dwoje.pl_1c0a491674db2d2724388d3fb0c5682dd6a80cdaa873938b214330d2	95.73	96.32	95.15	0.00	0.00	0.00	707	27	36	0	0	11
20120106_slask.naszemiasto.pl_e4f5f61fdc3d25a8a225b4d8ca7d6940dfab791aade48c19aa6d890a	93.91	98.33	89.87	0.00	0.00	0.00	470	8	53	0	0	19
20111207_www.zdrowiutko.info_458120636c549e2575a4fe998f7365f52987c6e61bac575a78e55e6d	61.60	47.99	85.97	0.00	0.00	0.00	239	259	39	0	0	8
20120106_www.kurierlubelski.pl_f30bc4a6f30f2cf37d811cf421a158e5705660cbaf1aa09a0d5abf79	8.07	9.68	6.92	0.00	0.00	0.00	9	84	121	0	0	6
20120106_wiadomosci.gazeta.pl_9e3a495d6d34f0786bb36d7959b1cfd0fd7be66d18123b9282771fcf	95.80	97.81	93.88	0.00	0.00	0.00	491	11	32	0	0	9
20120105_www.biolog.pl_18fa987c4df0404a2a81a488b1c87144123c6f9aac96f4ab89ec37c0	95.21	97.40	93.12	0.00	0.00	0.00	487	13	36	0	0	13
20120106_biznes.interia.pl_7c18953a68f6289844d42ab7a7811c30f235b0b27bd58f4fe768b52f	75.81	80.39	71.73	0.00	0.00	0.00	373	91	147	0	0	16
20120106_www.zdrowiewpodrozy.pl_5f410c638df6a9193d38a93f51bf764acc9e60cbc883aebe3d0ddf42	3.48	3.12	3.92	0.00	0.00	0.00	6	186	147	0	0	3
20120105_www.zdrowiutko.info_087d4f5b87f18f340f945c2381b1f770980d4e67243a71d8e30f1226	81.48	72.13	93.63	0.00	0.00	0.00	1043	403	71	0	0	29
20120104_wiadomosci.onet.pl_59ec17750f853eea42b7b600e45955002f5be09edb7748048e1824fc	89.24	90.28	88.24	0.00	0.00	0.00	195	21	26	0	0	8
20111207_www.biolog.pl_2f300e5dfb93afb536e83060ca4844e5758ce50af3bf9e2bd91a8b77	89.81	95.85	84.47	0.00	0.00	0.00	185	8	34	0	0	7
20111121_www.biolog.pl_8b000f2ac350c280a189edadad368f1037ca3bb84684617169290369	90.70	91.61	89.80	0.00	0.00	0.00	273	25	31	0	0	8
20120106_wiadomosci.gazeta.pl_b7a7a935284f86094e297bd12f887dfbbbb570e29c3e1b22f5e3d7bc	90.70	93.75	87.84	0.00	0.00	0.00	195	13	27	0	0	7
20120106_www.wprost.pl_1da9a6f43423d0e5ae200279d78abdc31feca05e8dc98ec380e665de	71.47	76.80	66.83	0.00	0.00	0.00	139	42	69	0	0	6
20120106_www.rp.pl_849dd4d86cccc711b3ab79a6bdbe5f22390d676d54d83ae5055a56b5	3.04	3.19	2.90	0.00	0.00	0.00	9	273	301	0	0	9
20120106_www.kurierlubelski.pl_d4de09e672965d66c1c672536e1a13bbcafdfff7172f223238eda9a4	85.62	82.62	88.85	0.00	0.00	0.00	271	57	34	0	0	8
20120105_zdrowie.gazeta.pl_25d02d0e4172561f2efa5f137260da753222aa05e4ac37297f889fe8	78.07	92.82	67.36	0.00	0.00	0.00	194	15	94	0	0	19
20111207_www.biolog.pl_039e473555c4ee6a818fbd7ac007c8edc8407155a9cd534dfb0abe80	89.97	98.67	82.68	0.00	0.00	0.00	148	2	31	0	0	7
20120106_odkrywcy.pl_118b87b6df1d2f9b54f7dc4d1ec4e324e03c849d937da26bc9124621	47.40	96.58	31.41	0.00	0.00	0.00	593	21	1295	0	0	39
20111207_goodcontents.net_6ddd653138b9ebef2c8b3eea220ac17362418304e9c47f22c2af8e3b	87.62	98.68	78.78	0.00	0.00	0.00	375	5	101	0	0	9
20111207_www.we-dwoje.pl_7750fcbf097b086bffb815c87e01ec6d4bdce042f20e34c6a181abb2	63.13	81.75	51.41	0.00	0.00	0.00	309	69	292	0	0	20
20111121_www.biolog.pl_f1377bd36757954a1c0131ef035e6f950fe847f3ecad66d464d747fd	94.81	95.67	93.97	0.00	0.00	0.00	530	24	34	0	0	11
20120104_energetyka.wnp.pl_de7a5b66b6dcfad27ce31f85ebff935a83e553fac41b6189864e8660	72.34	92.39	59.44	0.00	0.00	0.00	85	7	58	0	0	5
20111207_www.we-dwoje.pl_236b1a486c6395f60ac9a1d2949131e949716add254e677ecff3eed1	96.63	98.95	94.41	0.00	0.00	0.00	473	5	28	0	0	7
20120102_www.biolog.pl_183e757bd483767ac212b27981d1402ba1ff5227c483a602136df269	90.36	91.34	89.40	0.00	0.00	0.00	253	24	30	0	0	10
20120106_wiadomosci.wp.pl_f166a5138ccf340a4739beb97132e4670fbd266945872dfb2a5f95f4	3.52	2.39	6.72	0.00	0.00	0.00	8	327	111	0	0	4
20120106_logistyka.wnp.pl_27ce173ae3fb549f83c2acdd9a5abbd7ecb7e4104837ba3ee99a3287	81.55	97.67	70.00	0.00	0.00	0.00	252	6	108	0	0	8
20120105_www.we-dwoje.pl_c8178c22e2659f9cda5210eb3439f5f78b92fd959a8645e57473286d	94.30	96.50	92.19	0.00	0.00	0.00	248	9	21	0	0	7
20111121_www.we-dwoje.pl_6d6817d20f82986c52426986c94ef4a1de0f35aa9c643662d32a2ca3	96.80	99.64	94.11	0.00	0.00	0.00	1119	4	70	0	0	29
20120106_katowice.gazeta.pl_53fe4054505be6ea6b40a7d967f278ae921093eb2b145f54b778f180	92.77	92.87	92.66	0.00	0.00	0.00	404	31	32	0	0	9
20120104_www.rmf24.pl_39c9c81d1e09f7d3628fac5e3cd02e18e3a5a414273b98a8966f1dba	87.36	89.30	85.51	0.00	0.00	0.00	242	29	41	0	0	7
20120104_gwizdek24.se.pl_a6bd37e3bc05b26de47f22e0ef08fb02f0d5e62e5e3558d15871d38a	2.89	1.92	5.83	0.00	0.00	0.00	6	306	97	0	0	7
20120102_www.biolog.pl_18fa987c4df0404a2a81a488b1c87144123c6f9aac96f4ab89ec37c0	95.21	97.40	93.12	0.00	0.00	0.00	487	13	36	0	0	13
20120105_zdrowie.gazeta.pl_464285b45a4d83afe4c38d1dbe170c5ab1eddb12dd4455477b761a0e	86.03	95.05	78.58	0.00	0.00	0.00	422	22	115	0	0	18
20111207_www.zdrowiutko.info_087d4f5b87f18f340f945c2381b1f770980d4e67243a71d8e30f1226	95.43	97.58	93.38	0.00	0.00	0.00	1411	35	100	0	0	40
20120104_www.rp.pl_81eee2d392ad20946df2eac3bac84b18c39296c0df3e4610526e6bcc	2.03	3.55	1.42	0.00	0.00	0.00	10	272	692	0	0	36
20111209_www.we-dwoje.pl_3adf2f38f4a791a5a4f584d2222f96df47bb04f572dc8355ad0f61fb	90.29	100.00	82.30	0.00	0.00	0.00	93	0	20	0	0	4
20111121_goodcontents.net_b620d443a4b5995eb339983e23c9b580085a5aac56bb25a65703c7c1	93.15	94.23	92.10	0.00	0.00	0.00	408	25	35	0	0	7
20111207_www.we-dwoje.pl_429d4b840ac7e41278d5111c96d47bf8a4db8e3cae971076400971ec	97.05	98.96	95.21	0.00	0.00	0.00	477	5	24	0	0	5
20120106_wiadomosci.gazeta.pl_4e987ff4700b94fe6e0827078d714af463a59af009733b25758ad781	94.64	97.64	91.82	0.00	0.00	0.00	539	13	48	0	0	14
20120104_www.wprost.pl_c053d2deaaf1c748b0f9bde19116651d0534fa64441c8637103a5e29	94.57	96.83	92.42	0.00	0.00	0.00	244	8	20	0	0	7
20120105_www.biolog.pl_18f25bfb9bb01f9fbf381bb9f11d90daa713d7739e8eb1475e750817	88.48	95.05	82.76	0.00	0.00	0.00	96	5	20	0	0	5
20120106_www.rmf24.pl_0ead2c203e6c19b561b33611f02c7d063f9ee982711b42c189ee379b	81.02	88.27	74.87	0.00	0.00	0.00	143	19	48	0	0	7
20111121_www.zdrowiutko.info_665904417a34e62564dd9d52ef582728b9f7655e1f5d8a4934115d6c	95.63	98.69	92.75	0.00	0.00	0.00	678	9	53	0	0	18
20120106_www.bankier.pl_332f048f36d15b41e2af00aee9259f25b613e541fe8d0be398ab7adf	87.60	91.13	84.33	0.00	0.00	0.00	113	11	21	0	0	4
20120105_www.zdrowiutko.info_5022f347590833960c9b8492bd7cbe47ced16b5e43fbf0a495c1a05b	88.03	95.42	81.70	0.00	0.00	0.00	250	12	56	0	0	8
20120106_wyborcza.pl_3dcaa2863c79ea77dcf61ac92e53b6e5b10631a8541e019a769d75f6	62.86	52.38	78.57	0.00	0.00	0.00	110	100	30	0	0	5
20111207_www.we-dwoje.pl_aadc8a9177b08dbda4327b28103e911dbf959368dee591196e2b8732	62.49	96.56	46.19	0.00	0.00	0.00	309	11	360	0	0	15
20120106_zdrowie.dziennik.pl_41a3b618e2860a726d88f90155cc12d3e22c36051851dbd398ebcecc	79.64	92.08	70.16	0.00	0.00	0.00	221	19	94	0	0	12
20120104_gornictwo.wnp.pl_e3e4ba3c5614b7d91bc4a20db20650a747ec27f7506e8bbf090f28b2	75.14	95.86	61.78	0.00	0.00	0.00	139	6	86	0	0	7
20111121_goodcontents.net_3bac60d11082c79c3c7691a22cf2e087f817faeb28420816ed7ef701	86.51	81.88	91.69	0.00	0.00	0.00	375	83	34	0	0	11
20120106_www.rmf24.pl_34a0ef2da5dcfb5d6d5a2d92d422be3a6790a18ad0d14da9fcf7ca92	87.13	93.62	81.48	0.00	0.00	0.00	176	12	40	0	0	9
20120106_wiadomosci.wp.pl_ede986dfb9ea0b055d421da8312cfe5c2cd21935ccb0240974bba0c4	1.41	1.32	1.52	0.00	0.00	0.00	6	450	388	0	0	11
20120106_wyborcza.pl_7863e2f7e4816822c9778bf9d0ba9b44390ca1b08506fed7bc2e32de	83.71	75.31	94.22	0.00	0.00	0.00	848	278	52	0	0	20
20120106_gornictwo.wnp.pl_df7191619c95661172c1fcb6f369d730675e1e367a48e9bc98dd93f9	73.90	99.65	58.73	0.00	0.00	0.00	286	1	201	0	0	14
20120106_waluty.wp.pl_15747fb12c1178c6aea602a0ef373e3734373d160f02618840647159	6.04	4.92	7.81	0.00	0.00	0.00	15	290	177	0	0	4
20111121_www.we-dwoje.pl_23e8eed1174fe689688251122a4acf4ece6619471fe85bc7bc656aa6	22.96	99.20	12.98	0.00	0.00	0.00	124	1	831	0	0	26
20111121_www.we-dwoje.pl_429187ccb9e87e6dfc4652d046e078c61e30166d483fe869fc19976e	91.45	91.70	91.20	0.00	0.00	0.00	508	46	49	0	0	14
20120106_www.rmf24.pl_7f5842e8e43fd5565317ab8861e87f8370174b9d947220c14baa9b2a	72.47	64.87	82.08	0.00	0.00	0.00	229	124	50	0	0	8
20111209_www.biolog.pl_0c40e93d3207fc5816cd35434625bd3e90d3c72be9e6c00b4b277958	91.71	96.51	87.37	0.00	0.00	0.00	166	6	24	0	0	4
20120106_tvp.info_ad39caa8103c89120e8be1fb5a1539a8530bc9e2b0729b24fcbdd3c5	89.28	84.17	95.05	0.00	0.00	0.00	1095	206	57	0	0	19
20120106_www.rmf24.pl_305c0f08634bf938ad15c3615190d4480b1c05adc84e3a4514676d8d	80.78	88.41	74.36	0.00	0.00	0.00	145	19	50	0	0	8
20111121_www.we-dwoje.pl_15d4a9a21844a96792bcbacd1aba7a58970b04e527ad8841c011f67a	91.79	92.78	90.81	0.00	0.00	0.00	257	20	26	0	0	6
20120105_www.we-dwoje.pl_01634c7ab98ae9b9bb9456c2192aab3060fcaf20f4dd23858cdbd4af	96.72	97.75	95.71	0.00	0.00	0.00	870	20	39	0	0	15
20111207_www.we-dwoje.pl_c5b6af8a7526c739d0640f6f3f4d1b0bf84adb7b6038ea12a64748ea	95.54	99.07	92.24	0.00	0.00	0.00	321	3	27	0	0	7
20120106_www.rp.pl_05d84e8ae6c6f836e60f9c9aae694c3c059d9bd3342257682c197cbe	93.09	94.34	91.86	0.00	0.00	0.00	350	21	31	0	0	9
20111121_www.we-dwoje.pl_02d0b364d35d6c4d5b9807d06b76c6d3836002574d4500e48c2dde5e	15.38	8.43	88.42	0.00	0.00	0.00	168	1826	22	0	0	5
20120105_www.we-dwoje.pl_7195230c656b26e5813543a90d1d5e427d347de4b3e0d10fb565ea17	93.68	96.14	91.33	0.00	0.00	0.00	274	11	26	0	0	9
20111121_www.we-dwoje.pl_f08067ff05f49986e34305118a44c027406df41da7f02f275dffeed5	88.47	84.95	92.30	0.00	0.00	0.00	587	104	49	0	0	17
20120106_www.sfora.pl_a4554ae8c5dffcd2c83f788834250250937b1775c2dc3ca3b439de98	1.33	0.81	3.90	0.00	0.00	0.00	6	739	148	0	0	9
20111121_www.we-dwoje.pl_ccfc5195c780b67e40760af089fa6c9bbcdeac2ed1b306dd7f2999df	95.77	96.92	94.64	0.00	0.00	0.00	882	28	50	0	0	19
20111121_www.biolog.pl_2ade212bc82e82a76476f5f29a512c058df6dc2e0b8ade7a83bc03b4	96.57	98.92	94.34	0.00	0.00	0.00	733	8	44	0	0	11
20111209_www.we-dwoje.pl_236b1a486c6395f60ac9a1d2949131e949716add254e677ecff3eed1	96.63	98.95	94.41	0.00	0.00	0.00	473	5	28	0	0	7
20120106_teleshow.pl_11d28ad75a870f97efd8f4295dae9d5c49669b061a0d9013cc993ce7	79.21	80.00	78.43	0.00	0.00	0.00	120	30	33	0	0	4
20120104_wyborcza.pl_a79c370fa57c75e6b73c6e1a9862802513afe9dce6a86a1a43e9be68	90.34	87.33	93.57	0.00	0.00	0.00	524	76	36	0	0	12
20120104_www.se.pl_3ee27ec46069a1837a8f6923ff91e7590131d1dc25dacbd1252ff86b	74.24	65.77	85.22	0.00	0.00	0.00	317	165	55	0	0	12
20120102_www.biolog.pl_a016490eff21b1267a3eac8194936de785fbeb75780cafa93f326a58	91.82	95.52	88.40	0.00	0.00	0.00	320	15	42	0	0	15
20111209_www.we-dwoje.pl_8f8c807ff49395090156aaad05fee467b41e8fb8350797aa9b3fb6ed	92.72	96.30	89.40	0.00	0.00	0.00	312	12	37	0	0	8
20120104_www.pb.pl_493c924d87c7b1606e49a203d6bce858ec5b6cdb399289c2ac8a6ec0	70.33	85.33	59.81	0.00	0.00	0.00	64	11	43	0	0	6
20120105_www.we-dwoje.pl_590d0ff1a3348d41b60c2d8ae00b1d46a73ff2d8f3e59b81231ae0f3	96.11	97.63	94.63	0.00	0.00	0.00	617	15	35	0	0	13
20120106_www.polskatimes.pl_31ac5f642b68c14138884effb214fb8a05fcf9f7c1603fe6ba164260	85.99	88.29	83.81	0.00	0.00	0.00	264	35	51	0	0	14
20111209_www.biolog.pl_a34af0858c881f84adc682b5e0d67b047251fa6fdb22c6129f13c21c	94.50	97.32	91.83	0.00	0.00	0.00	618	17	55	0	0	17
20120106_www.fakt.pl_67bb8036f1f11af246fafa2a3a8dc7773e06872328426b7d5f2d23eb	26.50	15.58	88.57	0.00	0.00	0.00	155	840	20	0	0	4
20120106_www.gs24.pl_f6b5c94c8ac16ff6a36cab4b7fa79e5bbce9af5cd76751d028932d40	91.18	95.26	87.44	0.00	0.00	0.00	362	18	52	0	0	12
20120105_www.biolog.pl_3a8e2192561c41a585e67a0d199b69f11532fcfc01c8d919219ae42f	90.86	96.02	86.22	0.00	0.00	0.00	169	7	27	0	0	7
20120105_www.biolog.pl_458dc323d6fecf12318de0d36bb9317f6bd756684cc50211fde2d884	92.24	96.40	88.43	0.00	0.00	0.00	214	8	28	0	0	8
20120105_zdrowie.gazeta.pl_807feadb4f7538020b02fffdd328dcf15ad7ffa9e2c99e909a6aea4c	88.58	85.97	91.35	0.00	0.00	0.00	190	31	18	0	0	6
20111209_www.we-dwoje.pl_cb0e6719f1d1da385317a9d3b45425c2f56d3a9df06eedc71973937c	92.34	97.38	87.80	0.00	0.00	0.00	223	6	31	0	0	9
20111121_www.we-dwoje.pl_590fe2663d5fb205f7b17d24b1ae2adfda99081a33566895def4fd99	51.08	100.00	34.30	0.00	0.00	0.00	130	0	249	0	0	14
20120105_www.biolog.pl_183e757bd483767ac212b27981d1402ba1ff5227c483a602136df269	89.49	89.17	89.82	0.00	0.00	0.00	247	30	28	0	0	9
20111207_www.we-dwoje.pl_1c0a491674db2d2724388d3fb0c5682dd6a80cdaa873938b214330d2	95.02	94.96	95.09	0.00	0.00	0.00	697	37	36	0	0	10
20120106_muzyka.wp.pl_27dde6b4ad8afb870a40611095ed96f784f86363b9a50884b6922a52	53.39	38.73	85.92	0.00	0.00	0.00	177	280	29	0	0	5
20111121_www.we-dwoje.pl_8c003eb18e2580bb67b442bf5aac95120358d8aabd18cd09bb741d02	95.45	98.53	92.56	0.00	0.00	0.00	336	5	27	0	0	7
20111121_www.we-dwoje.pl_c4714d77e4b5f4ddae2505af5f9f0ee5ded4f99e7eb1ada45f097140	89.88	90.24	89.52	0.00	0.00	0.00	222	24	26	0	0	6
20120105_www.we-dwoje.pl_be148ac5867ca8f33ed088894adddeb2497f7a8630b79a1ad7cf2953	44.19	97.16	28.60	0.00	0.00	0.00	137	4	342	0	0	16
20111121_www.we-dwoje.pl_90fd77bec50630920fd87cff4acd69ed5b7a1b8418e2c9faa241d4cb	97.16	99.03	95.35	0.00	0.00	0.00	513	5	25	0	0	6
20120106_www.wprost.pl_8f2e0afd09e476a387553b4151ec5a3c12d14fedc9fb609aa6eef169	65.92	72.43	60.48	0.00	0.00	0.00	176	67	115	0	0	6
20111209_www.zdrowiutko.info_56cc2f0896ce74cc99e8f5a7b15d4e21b4b7d65025a2cce6eadf5443	94.46	98.80	90.48	0.00	0.00	0.00	247	3	26	0	0	5
20120102_www.biolog.pl_458dc323d6fecf12318de0d36bb9317f6bd756684cc50211fde2d884	92.24	96.40	88.43	0.00	0.00	0.00	214	8	28	0	0	8
20120104_wiadomosci.gazeta.pl_b71863be9e1c75b555a9c2c18267fdbd0c823571ed41588f64e4c5dc	43.41	29.27	83.99	0.00	0.00	0.00	257	621	49	0	0	11
20111209_www.biolog.pl_039e473555c4ee6a818fbd7ac007c8edc8407155a9cd534dfb0abe80	89.97	98.67	82.68	0.00	0.00	0.00	148	2	31	0	0	7
20120106_wiadomosci.onet.pl_f7a4f95ac41015a650e31121847c66608eca9bdd8689a51acfbfc8ea	86.48	92.09	81.51	0.00	0.00	0.00	291	25	66	0	0	11
20120104_www.wprost.pl_bc697e337c7d1bab12e06506f0c6874c0606fb0326b89524755b75e1	59.53	60.00	59.07	0.00	0.00	0.00	114	76	79	0	0	5
20120105_www.biolog.pl_306b8101d03d29a1ee66c57786538a26ee98577075c873767a787a68	91.48	95.92	87.44	0.00	0.00	0.00	188	8	27	0	0	8
20120105_www.we-dwoje.pl_926ce8349054293493da8a61bd2041e0c36f2abac6d0751bb84d3d83	28.49	94.66	16.77	0.00	0.00	0.00	195	11	968	0	0	46
20120104_www.pb.pl_07becbe0b3d63b6f056fffa02e7fe4db5c61763678a4b67a2c6b719d	88.26	92.37	84.50	0.00	0.00	0.00	109	9	20	0	0	5
20120102_www.zdrowiutko.info_087d4f5b87f18f340f945c2381b1f770980d4e67243a71d8e30f1226	81.48	72.13	93.63	0.00	0.00	0.00	1043	403	71	0	0	29
20111121_www.we-dwoje.pl_b6ff475c3cc514dda41564996e90eaa2bd880fbb82d755202d6ecb39	92.12	91.19	93.08	0.00	0.00	0.00	538	52	40	0	0	14
20120106_wyborcza.pl_53936debf3d95b1bae6fa9d0582d577cd375b78b23bec85740562b1c	88.04	90.28	85.90	0.00	0.00	0.00	195	21	32	0	0	7
20111121_www.zdrowiutko.info_490a3e1ab669b249644690e80d69082a2e8c030f61a35f86f391f703	94.22	98.15	90.60	0.00	0.00	0.00	424	8	44	0	0	13
20111121_www.zdrowiutko.info_4af7429d6f7b3967f666b89eea7bef64cc89f5b13fb8a366a7b5fcf9	94.76	98.35	91.42	0.00	0.00	0.00	895	15	84	0	0	32
20111209_www.zdrowiutko.info_5022f347590833960c9b8492bd7cbe47ced16b5e43fbf0a495c1a05b	88.85	97.33	81.73	0.00	0.00	0.00	255	7	57	0	0	8
20120106_ciekawe.onet.pl_ef740fcf05217e94f758ffa23a6c948bbf7e87e08806511984269e97	1.21	2.21	0.83	0.00	0.00	0.00	16	709	1912	0	0	28
20120106_kopalniawiedzy.pl_1023c9de44b4a88f22a55a319d6ba60c2a113df5e16a0dcd010b4d9d	88.81	86.93	90.77	0.00	0.00	0.00	246	37	25	0	0	6
20120106_motoryzacja.wnp.pl_881044f7957fec3d197c866910329f871a5990c747c0cf9449ccd5f0	73.43	97.99	58.72	0.00	0.00	0.00	293	6	206	0	0	8
20111121_goodcontents.net_d3d973b9ef61722241c1895ccf3226ee946d67ce816ac725955be986	87.56	82.30	93.55	0.00	0.00	0.00	595	128	41	0	0	10
20120105_www.we-dwoje.pl_96e88944c28cde0f0eb1510e4cdc05e791b654764218ea3be75eb37e	3.79	3.10	4.88	0.00	0.00	0.00	14	438	273	0	0	10
20120102_goodcontents.net_d3d973b9ef61722241c1895ccf3226ee946d67ce816ac725955be986	93.07	93.78	92.37	0.00	0.00	0.00	678	45	56	0	0	10
20120106_www.ciazowy.pl_83b7eeec303b38a2be16a4513f6e3f636ce93803e6142e277ba754f1	96.09	97.53	94.69	0.00	0.00	0.00	909	23	51	0	0	19
20120106_polskalokalna.pl_86c2ead55c872cf0b66aeb8bffee343b89d3b711af4f7e47962f070a	91.18	92.31	90.07	0.00	0.00	0.00	372	31	41	0	0	12
20120104_tvp.info_dd3cfa5468145a9684b74a6ea50f26a82262a3925683d762ef6c80f1	90.76	89.70	91.85	0.00	0.00	0.00	383	44	34	0	0	14
20120106_www.wspolczesna.pl_46dbccbe6f49128ef90631b6b5592469df115e1061c9bcdbd799ba84	85.20	80.74	90.19	0.00	0.00	0.00	239	57	26	0	0	7
20120106_energetyka.wnp.pl_1188cb9039651e80fbb6a607a9cfc72ca038715ec4a3c2b41e480ff6	74.87	95.97	61.37	0.00	0.00	0.00	143	6	90	0	0	6
20120106_wiadomosci.wp.pl_10d2ae8b62b4ccbba64f1ce727d1fba53cdf94a88d4602540a5d24d9	84.62	85.16	84.08	0.00	0.00	0.00	132	23	25	0	0	5
20120106_gornictwo.wnp.pl_c5d8ae716181d8b9504fcfafb5e4785ea1b706b10602ccbbeec5c895	70.96	86.69	60.06	0.00	0.00	0.00	215	33	143	0	0	12
20120105_www.biolog.pl_7c3b047ae678cbf0aab0b7b7dfb357b3d41868b90f16f3b227a3c491	93.93	95.44	92.47	0.00	0.00	0.00	356	17	29	0	0	9
20120105_www.biolog.pl_dd87ecef89e13dc525faa303c9c91962e817146f1eab62bd4cbd49e7	93.54	96.83	90.46	0.00	0.00	0.00	275	9	29	0	0	8
20120106_www.forbes.pl_4ee7120f1153fb8937c2a438c29d6cda443f6fade1cdb63e257535ea	86.13	86.84	85.43	0.00	0.00	0.00	475	72	81	0	0	12
20120106_www.rp.pl_87b41a343a5891e3c9ba79f511476dd8a1a5859be4859218f996efb1	62.86	52.88	77.46	0.00	0.00	0.00	110	98	32	0	0	6
20120105_goodcontents.net_d3d973b9ef61722241c1895ccf3226ee946d67ce816ac725955be986	92.55	93.64	91.49	0.00	0.00	0.00	677	46	63	0	0	24
20120105_www.we-dwoje.pl_d44a3a11a11758e85d892e36c44fe469c34e7be625a1a9b2fe4b6990	97.06	97.92	96.22	0.00	0.00	0.00	942	20	37	0	0	12
20120106_www.polskatimes.pl_7522d308642ca799347bb161a9c9af13ba09c4f1bfd260545c4b1e19	88.42	88.79	88.05	0.00	0.00	0.00	420	53	57	0	0	13
20120106_www.wprost.pl_21e626fb65ed1a7fb963e34d155730c2ecec3dcf1e25e2ebbbabdf8b	62.47	66.85	58.62	0.00	0.00	0.00	119	59	84	0	0	5
20111207_www.we-dwoje.pl_2dbd88c25965ce110e89a01656f5be3b7ee126ebb4c05114f3b883ef	72.66	64.14	83.78	0.00	0.00	0.00	93	52	18	0	0	3
20120104_wiadomosci.onet.pl_1877e175d8d0a7e345a6b4f588b67b90fff4b2292caf722d35494241	92.31	94.74	90.00	0.00	0.00	0.00	558	31	62	0	0	25
20120104_www.wspolczesna.pl_cffe17a28ba0f985bc2c32ef16d1ef48e4df8c9e2b0fff915c203366	80.44	93.97	70.32	0.00	0.00	0.00	109	7	46	0	0	6
20120104_logistyka.wnp.pl_1a2b9317832fc29d27bf3def9869618269324b72112703262abb02b4	76.71	96.55	63.64	0.00	0.00	0.00	112	4	64	0	0	7
20120105_www.we-dwoje.pl_e625543235be76da7b1f4ff546b3aa4f3b23e6ae398fc4e90524e010	91.62	94.63	88.80	0.00	0.00	0.00	317	18	40	0	0	16
20120106_wiadomosci.gazeta.pl_6899fda4c15152d4c38a71a7397d69a4114203623746a1641c2f21b8	89.71	92.42	87.14	0.00	0.00	0.00	244	20	36	0	0	9
20120106_gornictwo.wnp.pl_ce7890f66595a7f70346d99ea27485f04690fc1ceba63aceeaf0b0ca	72.35	98.28	57.25	0.00	0.00	0.00	229	4	171	0	0	14
20120106_gornictwo.wnp.pl_82a7f7a8d7469fa202426c2e5395ce71e1938daf15ae4755ff773dde	82.59	98.78	70.97	0.00	0.00	0.00	242	3	99	0	0	12
20111121_www.we-dwoje.pl_5f8a356d92a7613cf2dd5ff4321157c618efbe8e001dd639eba48013	47.15	100.00	30.84	0.00	0.00	0.00	128	0	287	0	0	14
20120106_www.we-dwoje.pl_c1cd293ed6b5a6e720463363095aa9e0aff7aa62e933826d25cd4e37	44.76	96.30	29.16	0.00	0.00	0.00	156	6	379	0	0	16
20111121_www.we-dwoje.pl_ac186aa43766087c14f3a3f6c5ba25b926217085d643fa543350f4e2	95.15	97.62	92.80	0.00	0.00	0.00	451	11	35	0	0	11
20120104_gornictwo.wnp.pl_37159d1550c75d66da6fefdb813660d9959e5f3bd499136503deb46e	79.91	92.59	70.28	0.00	0.00	0.00	175	14	74	0	0	11
20120106_wyborcza.pl_d60ebe121aed534c1ab9d05f3642cc362b6d30d9bb4e8a3fcda6f486	92.22	94.67	89.88	0.00	0.00	0.00	231	13	26	0	0	5
20111207_goodcontents.net_310f39e4843b4e7c3cdb36545738f42ebb84cc4c5ebd835f68bca53a	93.96	94.19	93.73	0.00	0.00	0.00	389	24	26	0	0	7
20111207_www.biolog.pl_ef9b8411717de8736ad7510078f3a0285273aac75551e322241b0095	92.81	99.61	86.87	0.00	0.00	0.00	258	1	39	0	0	8
20120106_kopalniawiedzy.pl_b1d5f71565aa849df37f9338b777a0b0da57069f7b279ad5737ae8a7	85.36	82.30	88.66	0.00	0.00	0.00	172	37	22	0	0	5
20111121_www.zdrowiutko.info_5022f347590833960c9b8492bd7cbe47ced16b5e43fbf0a495c1a05b	93.24	97.33	89.47	0.00	0.00	0.00	255	7	30	0	0	7
20120106_www.kurierlubelski.pl_2e10c67cf479cbd84cd8b3ad9ea3fb502877d0db4b5df608652727c6	91.94	93.44	90.48	0.00	0.00	0.00	285	20	30	0	0	9
20111121_www.zdrowiutko.info_6248c1d028cdcd3796acd2207bee76fd2f0853e8cf1820e3fe05ca0f	95.89	98.67	93.26	0.00	0.00	0.00	968	13	70	0	0	25
20120102_www.biolog.pl_18f25bfb9bb01f9fbf381bb9f11d90daa713d7739e8eb1475e750817	88.79	94.06	84.07	0.00	0.00	0.00	95	6	18	0	0	4
20111209_www.biolog.pl_991a3c03c74eb82c37ecdcedda314229c91bb10f21b2377e9f721b70	96.20	97.87	94.58	0.00	0.00	0.00	873	19	50	0	0	17
20120102_www.zdrowiutko.info_5022f347590833960c9b8492bd7cbe47ced16b5e43fbf0a495c1a05b	93.11	95.42	90.91	0.00	0.00	0.00	250	12	25	0	0	7
20111121_www.we-dwoje.pl_044a8dca7caad27f7636a1e373a2f6147e8e763695f8479d5175b004	90.34	88.84	91.88	0.00	0.00	0.00	430	54	38	0	0	11
20120104_www.bankier.pl_e65cb23b8a30cd73869032b7cc17c15fdaf330ebe32d99951a249d2b	94.20	95.48	92.95	0.00	0.00	0.00	211	10	16	0	0	5
20111209_goodcontents.net_7af57d9c018b02e5565b5ea51c5c6646419294a8c1277fd047f0d5f5	93.30	93.55	93.05	0.00	0.00	0.00	348	24	26	0	0	7
20120106_www.fakt.pl_b9f73314fc4c780a0767a1acbc91f04022dcd00292ddd7376cc3e8c8	84.19	94.44	75.95	0.00	0.00	0.00	221	13	70	0	0	10
20120106_www.polityka.pl_a968e5c26adf05f5e02deb714aec4e100ab3a84c1ef6c301c9593c0f	57.79	83.36	44.23	0.00	0.00	0.00	456	91	575	0	0	19
20111121_www.we-dwoje.pl_e41d743ba9490728966087b2cfeac4a182f2d182626480668a64b914	96.14	99.28	93.20	0.00	0.00	0.00	411	3	30	0	0	9
20120102_www.biolog.pl_3a8e2192561c41a585e67a0d199b69f11532fcfc01c8d919219ae42f	90.86	96.02	86.22	0.00	0.00	0.00	169	7	27	0	0	7
20111121_www.biolog.pl_82cc54429b030e7848ea1e82dc4ad2466bb65b95e06564404e9e045a	95.00	98.59	91.65	0.00	0.00	0.00	560	8	51	0	0	17
20120102_www.zdrowiutko.info_e27d03de8919e03776148ffc1b103c76713a9d251993abc06963b75a	93.68	95.38	92.04	0.00	0.00	0.00	578	28	50	0	0	18
20120104_wiadomosci.wp.pl_da88d2c1f513ae7870711de4f2b0934b051274dcae86a84111f70eba	4.79	5.00	4.60	0.00	0.00	0.00	4	76	83	0	0	5
20120105_zdrowie.gazeta.pl_a05040639849ad92fa134645eed582bad1115aee5e2f8c68c1db28f5	88.89	89.66	88.14	0.00	0.00	0.00	260	30	35	0	0	11
20111209_www.we-dwoje.pl_10b733980c25f2a66e72829b7d261ddd42f4c3e67a5f7c5978612f6f	86.36	82.78	90.25	0.00	0.00	0.00	250	52	27	0	0	7
20111207_www.we-dwoje.pl_10563d87982bd7f87544fab5679f6b487fd4d6f203285f8e1a4453ca	92.80	95.52	90.23	0.00	0.00	0.00	277	13	30	0	0	5
20111121_www.we-dwoje.pl_21f717e183f110e349e1c9d9de7f8139686d52c9e9b7e2fde7c5a04a	94.67	95.81	93.57	0.00	0.00	0.00	320	14	22	0	0	5
20120104_wiadomosci.wp.pl_605a92da3da5da73756d869fdbcf056a167730c9ad96183932c2a9d6	82.09	93.62	73.09	0.00	0.00	0.00	220	15	81	0	0	12
20111209_www.we-dwoje.pl_7750fcbf097b086bffb815c87e01ec6d4bdce042f20e34c6a181abb2	63.13	81.75	51.41	0.00	0.00	0.00	309	69	292	0	0	20
20111207_www.we-dwoje.pl_cb0e6719f1d1da385317a9d3b45425c2f56d3a9df06eedc71973937c	92.59	98.25	87.55	0.00	0.00	0.00	225	4	32	0	0	9
20111121_www.zdrowiutko.info_f468b28dcbabeba53d25452eb69d90c23ee980993795c741cb1c9712	94.02	97.57	90.72	0.00	0.00	0.00	401	10	41	0	0	11
20111121_goodcontents.net_6e8a193b0d5e43883d5bcacdf49357313921e88663e9e4a66cc6eafc	93.83	94.80	92.87	0.00	0.00	0.00	456	25	35	0	0	6
20120104_www.se.pl_f45cbbd8935ea62a022a1fea46a892fcc4923d56a8b9de2b5cdf999d	80.82	72.44	91.39	0.00	0.00	0.00	552	210	52	0	0	22
20120104_www.wprost.pl_2c85ad6b928756f56f7083db5bc3c0d5906cb9df2198ed8f44b7807d	80.33	82.58	78.19	0.00	0.00	0.00	147	31	41	0	0	4
20120106_www.rp.pl_0a2fef2ce0fb91690f53b9cfd4b17f49954454fdc027a1564c221801	90.08	94.65	85.92	0.00	0.00	0.00	177	10	29	0	0	6
20120106_lodz.naszemiasto.pl_8c623e1486d7845763d6ad0d856381012195f7c9552d984bb9583f7c	83.68	85.62	81.82	0.00	0.00	0.00	405	68	90	0	0	11
20111209_www.we-dwoje.pl_d3302a5552a9f3c9e872d562d6d2e05e811aa756d2d469189a36dcf8	91.93	96.52	87.75	0.00	0.00	0.00	222	8	31	0	0	6
20120106_wiadomosci.gazeta.pl_493cd398b5ea890813c44472a69970eb16c9b256eb8c2649f63c8396	89.95	94.21	86.06	0.00	0.00	0.00	179	11	29	0	0	8
20111209_www.biolog.pl_694d8093af586fd66c79fe80e734d2de1ab064e2cbf3b75ae17b6969	95.55	99.80	91.65	0.00	0.00	0.00	505	1	46	0	0	12
20111207_www.we-dwoje.pl_8f8c807ff49395090156aaad05fee467b41e8fb8350797aa9b3fb6ed	94.04	96.77	91.46	0.00	0.00	0.00	300	10	28	0	0	7
20120104_wiadomosci.onet.pl_ff956ce026afdefc4000ad66b807bcea7073e26976b5dd167a1638aa	90.48	93.14	87.96	0.00	0.00	0.00	190	14	26	0	0	8
20111121_www.we-dwoje.pl_154a610a3383e8e01d82a83b0cf2197caa632d5489dbaa9f9c88cb79	79.73	69.82	92.91	0.00	0.00	0.00	236	102	18	0	0	3
20111209_www.we-dwoje.pl_e78b9867d6240e16f7d808d5133b5cbcd696f31779b9a3ecafecd363	88.87	94.78	83.66	0.00	0.00	0.00	563	31	110	0	0	18
20120106_www.se.pl_ea137bcaf50077a26f14a2542ce3dea20236f1a6c13d1ca328439174	36.00	23.60	75.90	0.00	0.00	0.00	63	204	20	0	0	4
20120105_zdrowie.gazeta.pl_39a78a2dff5da27e4ad3f839a255911073d4be569631638b997cd721	92.16	93.16	91.18	0.00	0.00	0.00	558	41	54	0	0	20
20120106_www.rp.pl_c812dbdc90f1f029ae5e996a2cf7b9a7fa33a63e209a2b0a6cf9c955	81.64	75.18	89.31	0.00	0.00	0.00	309	102	37	0	0	9
20111121_goodcontents.net_f164d2c180e17a39cfffdc428541f182be5cea501e3b1135c9bb2c8c	93.31	94.69	91.96	0.00	0.00	0.00	446	25	39	0	0	8
20120106_www.pomorska.pl_a89c9ff4011329947b20a479271a731b74d30d14360f2e3f4ffc007f	59.80	89.88	44.81	0.00	0.00	0.00	151	17	186	0	0	10
20120106_fakty.interia.pl_bf1e8b627d609dfccbc71a5f1c6e6863c33deaa04224c5b4813eb89a	76.31	77.27	75.37	0.00	0.00	0.00	153	45	50	0	0	8
20120105_www.biolog.pl_9940d454b979f8443862031fc3022a424ef673d3609b8652bf8f2e23	93.89	93.64	94.15	0.00	0.00	0.00	515	35	32	0	0	11
20111121_www.we-dwoje.pl_e5439019bb9a189ab8fb03a3c4b9a5ad05693637efa4306a572023e3	96.46	99.13	93.94	0.00	0.00	0.00	341	3	22	0	0	5
20120106_www.wprost.pl_67ce281183144b9f605b46162fea65fd79cc11b40e504fa06e4f4391	53.57	64.66	45.73	0.00	0.00	0.00	75	41	89	0	0	7
20120104_www.dziennikwschodni.pl_ad40f4f3a1266d2e52ccffe5152ed2cb028bffd13f63945b28482ad5	88.68	89.19	88.17	0.00	0.00	0.00	231	28	31	0	0	9
20120106_www.rp.pl_95c330562f009a62f447b6b55d22ae75f63ee25c158d7c62024f19e2	56.86	46.77	72.50	0.00	0.00	0.00	87	99	33	0	0	5
20120106_ulubiency.wp.pl_ff10d8bc20f4eae0d2c90e0937b586f1cb558ab3311839f1ff04451b	92.69	95.75	89.82	0.00	0.00	0.00	406	18	46	0	0	14
20120106_www.gazetalekarska.pl_da750cc1773a4b5b403d6d03bd5d64eece2a85660ac3ca9d9919f1d9	94.57	97.13	92.15	0.00	0.00	0.00	305	9	26	0	0	7
20120106_www.rp.pl_f54b890636c5700cecd8837c81bc5d4b092081a569a910f71f0b186a	93.09	94.34	91.86	0.00	0.00	0.00	350	21	31	0	0	9
20111207_www.we-dwoje.pl_10b733980c25f2a66e72829b7d261ddd42f4c3e67a5f7c5978612f6f	86.79	83.77	90.04	0.00	0.00	0.00	253	49	28	0	0	7
20120105_www.zdrowiutko.info_8fdeaf9b0d19545adf1ddf5ad311ad8674e16dd71661286e59b037da	96.56	98.01	95.14	0.00	0.00	0.00	1234	25	63	0	0	26
20111121_www.biolog.pl_9980d6f12306d6298998081e86bb04eda8871ee02475d66069bc48bc	93.62	97.73	89.84	0.00	0.00	0.00	345	8	39	0	0	11
20120104_wiadomosci.onet.pl_09f90e970b1afc6b46fa4fb381fe3ffcbe1ea5c03ebf50630e3fc524	74.59	64.79	87.90	0.00	0.00	0.00	138	75	19	0	0	5
20120104_www.rmf24.pl_f40528ee132a85ac611099332e36c80ca3b2303614499ebe1be999d8	74.64	78.63	71.03	0.00	0.00	0.00	103	28	42	0	0	7
20120106_www.nto.pl_0888d1dc0bf462de69f294c63c6d4d500252fdd703ec530bab861c25	95.59	96.27	94.91	0.00	0.00	0.00	2145	83	115	0	0	43
20120102_www.zdrowiutko.info_8fdeaf9b0d19545adf1ddf5ad311ad8674e16dd71661286e59b037da	95.18	98.01	92.50	0.00	0.00	0.00	1234	25	100	0	0	27
20120102_www.biolog.pl_9940d454b979f8443862031fc3022a424ef673d3609b8652bf8f2e23	94.30	94.73	93.87	0.00	0.00	0.00	521	29	34	0	0	12
20120104_gwizdek24.se.pl_ecae268e92fe0fee5e79271b090383e579f89a425aea905263a0c92e	34.32	21.80	80.62	0.00	0.00	0.00	104	373	25	0	0	6
20120106_budownictwo.wnp.pl_e48fea5393f630329b63ffba8785d4532879dab63384d8a32bd5d003	74.71	97.74	60.47	0.00	0.00	0.00	130	3	85	0	0	7
20120104_www.wprost.pl_a8aec2cd35e73ac6c25db4fcf20f1c69b06d31166f0594b86347b2ee	60.40	66.27	55.48	0.00	0.00	0.00	167	85	134	0	0	7
20120104_www.money.pl_8849f52a52f6e165cfa84fe7f3fadc3d75a2150204c19ca4fda57bfa	93.17	92.40	93.95	0.00	0.00	0.00	450	37	29	0	0	11
20111121_www.zdrowiutko.info_d6ef7934b7e61cb4db76438cc3e26017ef9e689b1541a1631aa8a4e1	95.87	98.66	93.24	0.00	0.00	0.00	883	12	64	0	0	20
20120105_www.biolog.pl_a016490eff21b1267a3eac8194936de785fbeb75780cafa93f326a58	91.82	95.52	88.40	0.00	0.00	0.00	320	15	42	0	0	15
20120104_www.wprost.pl_e403cda319e9ed5a44d52cb5ad972b9fe31025d491c0eb8a852e4c14	82.14	82.63	81.66	0.00	0.00	0.00	138	29	31	0	0	5
20120104_tvp.info_0f0f253c92891dee1263997673c8e910ae4dd5d59edc88884cfdf372	93.40	94.33	92.48	0.00	0.00	0.00	566	34	46	0	0	20
20111207_www.biolog.pl_191f9248fd9336f28ef6582143bf9768bb38b1d73a4ec0bdd1d8bd3f	95.04	97.55	92.65	0.00	0.00	0.00	517	13	41	0	0	10
20111209_www.we-dwoje.pl_10563d87982bd7f87544fab5679f6b487fd4d6f203285f8e1a4453ca	93.49	96.55	90.61	0.00	0.00	0.00	280	10	29	0	0	5
20120104_wiadomosci.onet.pl_9286ef9b1482d15641f6210db9e2f4e85fbbb64ba98941753c735585	93.23	94.87	91.64	0.00	0.00	0.00	592	32	54	0	0	22
20120105_www.we-dwoje.pl_237edd4512d0f575aa102193c6c5a79fa85feecaf1fdb795baf6ab8f	78.17	81.32	75.25	0.00	0.00	0.00	222	51	73	0	0	25
20111207_www.we-dwoje.pl_ab4552f2e110cd485bed759da10cfa9a6dc889949b176ca65eecf492	91.16	95.38	87.30	0.00	0.00	0.00	165	8	24	0	0	6
20120105_www.we-dwoje.pl_af63a20be0940f8248349028b7ffd1608d02ba40ddeb46de693903fd	95.56	97.33	93.85	0.00	0.00	0.00	656	18	43	0	0	16
20120105_www.we-dwoje.pl_c01670d8a62d698b25c176b409cc69b0d05056996f2b35bfd3b7738c	49.37	92.13	33.72	0.00	0.00	0.00	117	10	230	0	0	11
20120104_www.se.pl_150d37a1ae4d3cbf4e188b12ca6c3c5331d63cef665e32148a7adef8	80.89	71.19	93.65	0.00	0.00	0.00	546	221	37	0	0	15
20111121_www.we-dwoje.pl_9f7aacc1303f4dae00f6594fb8eb1a68d0fe8837de7656e3d51d9b2c	91.35	90.81	91.90	0.00	0.00	0.00	692	70	61	0	0	17
20120105_zdrowie.gazeta.pl_5ba6b4f0584451b718626dd5af8372ef000f9244559fe89aca9afb48	80.88	94.53	70.68	0.00	0.00	0.00	311	18	129	0	0	23
20111207_www.biolog.pl_119c0192ad52b2e4e1ba6fb0d06ca822cdb6be2052e7b05082fca401	92.44	92.96	91.93	0.00	0.00	0.00	581	44	51	0	0	15
20120104_konflikty.wp.pl_9a78872b1c09726ea2c9b2f6559dbb919f5b69bc9449cebe8c6b4b56	67.93	90.58	54.35	0.00	0.00	0.00	125	13	105	0	0	7
20111121_www.biolog.pl_ad43bdfd510235776032186fb8f9bb28045ad3cd3a2bd8e2013a4bf2	94.31	95.91	92.77	0.00	0.00	0.00	539	23	42	0	0	11
20111121_www.biolog.pl_6b358bbb56369b90368dd7020da2befdf64d1f5b30db7072c9427ece	93.36	95.98	90.87	0.00	0.00	0.00	239	10	24	0	0	6
20111209_www.we-dwoje.pl_ce69407d8288e0f333c38a101c20c6e9bf28b3e087ac1766d2db2263	50.57	60.27	43.56	0.00	0.00	0.00	44	29	57	0	0	3
20111121_www.we-dwoje.pl_012ae81383bf532a51947bbadd381c6ecd26f26034aedcd002eb0967	92.97	90.35	95.75	0.00	0.00	0.00	496	53	22	0	0	5
20120106_gornictwo.wnp.pl_e963ec4fb649971ea8b0e0c2eab6609caed629d3468ac5337714beff	84.93	95.88	76.23	0.00	0.00	0.00	93	4	29	0	0	5
20120104_www.wspolczesna.pl_09c9b146c47490b4107875a95643f0447db3a0691ef65958b0acecc7	94.13	95.42	92.87	0.00	0.00	0.00	417	20	32	0	0	13
20120106_www.kurierlubelski.pl_b56f33f49ca7f0a5e7890c8319613281f94d271e5a948c0845d2adb7	83.64	82.42	84.91	0.00	0.00	0.00	225	48	40	0	0	11
20111209_goodcontents.net_d3d973b9ef61722241c1895ccf3226ee946d67ce816ac725955be986	84.40	75.93	94.98	0.00	0.00	0.00	549	174	29	0	0	8
20111207_www.we-dwoje.pl_9a95f98c088783135f7b881838683e09b65061058a2cf5501bf4cdd7	44.44	100.00	28.57	0.00	0.00	0.00	152	0	380	0	0	22
20120106_www.forbes.pl_58df60840d8c74ec20e03b88639530d8556160a62964dc5cd1004d70	82.52	95.75	72.50	0.00	0.00	0.00	203	9	77	0	0	8
20120106_kobieta.interia.pl_227be13d2686c631aa0ed3682cc05eb5a91b1473955b61dca215a4ab	94.17	96.58	91.87	0.00	0.00	0.00	339	12	30	0	0	9
20120105_www.we-dwoje.pl_5ebb0c8564331903eff2bb1c226b925fe2c5c92d01ed2e8466a4ece6	59.84	73.08	50.67	0.00	0.00	0.00	38	14	37	0	0	4
20111209_www.biolog.pl_1217f2298aedb3f437a8ad8f951d4a5fd72f73453f3a1ad483247983	93.23	99.66	87.58	0.00	0.00	0.00	289	1	41	0	0	9
20111207_www.we-dwoje.pl_faee6f55ba1fccafd811d0bf81491218fbcfb65ae54da2684bb08b90	87.92	86.67	89.22	0.00	0.00	0.00	182	28	22	0	0	5
