file	F	P	R	F.tag	P.tag	R.tag	TP	FP	FN	TP.tag	FP.tag	FN.tag
20120117_www.newsland.ru_bd7d1f16cb84b2d48e25b3267cb90003d126ac55d3edded12edc4a84	16.98	9.33	94.48	50.00	38.10	72.73	325	3159	19	8	13	3
20120106_www.newsru.com_7acb8f34117eb77ac8b38d5a12bd86805f38657dc468f3c9e2f8ead8	13.51	7.31	88.89	63.16	66.67	60.00	280	3549	35	6	3	4
20120117_www.pr.ua_c7667f1e20086a484b35ddc27b70d4dbc0fd1ec238dddce3ad8104ea	37.68	23.57	93.94	0.00	0.00	0.00	791	2565	51	0	40	12
20111209_life.comments.ua_413445fcf5fda9b6746c9c34097c7995ec2b801d4d5d87762b8d5263	6.88	3.58	87.57	22.22	25.00	20.00	162	4365	23	1	3	4
20120117_www.aif.ru_5d224cab8e1ac20fc930d6d91078bb50cfd5305de854f58319a4c578	2.18	1.13	29.18	12.00	7.14	37.50	68	5939	165	3	39	5
20120117_www.aif.ru_ea29c469ec4c897bc00b0ce55763e97f3a54140a67185148ad734f32	2.45	1.24	82.95	25.00	14.63	85.71	73	5795	15	6	35	1
20120106_www.baikal-daily.ru_6910489e94427c1266f98aeca463a626f6f021962f27c14a9e01a3fc	10.19	5.40	90.08	0.00	0.00	0.00	318	5572	35	0	1	11
20120117_www.interfax-russia.ru_670981487d96852f39d08106a592133b64334e66abd0d562343ff313	9.30	4.91	88.28	54.55	75.00	42.86	128	2481	17	3	1	4
20120106_www.regnum.ru_30f1d0887d420e9e7632a8d76374ca3a37a01171affb1dc0c778783a	6.80	3.56	74.16	42.86	33.33	60.00	132	3571	46	3	6	2
20111209_mignews.com.ua_8136e68b329da9d717135f04cebc055074902a64563fc7ba12b5973a	8.82	4.65	85.25	61.54	50.00	80.00	156	3199	27	4	4	1
20111128_medportal.ru_5373dbb4efcf35c8e37ec4bb2acffbc1138e77d16d7f37bf40b7c967	14.22	7.74	87.19	31.25	19.23	83.33	177	2109	26	5	21	1
20120106_www.ria.ru_a5982ac8ba021466bd041955944d490b434084b4eb9b8736f9f594e0	8.25	4.38	71.52	23.81	17.24	38.46	319	6967	127	5	24	8
20120106_www.newsru.com_1a91a63e0072a3c2afba0eda3d830e458319c5849a3318af3066c419	25.98	15.06	94.68	82.35	87.50	77.78	587	3311	33	14	2	4
20120106_rus.ruvr.ru_af4fbf485bcc6a1679a23de857b2c1fced9fd1707cd13dbf38fd50e6	4.34	2.22	85.11	6.45	3.85	20.00	160	7032	28	1	25	4
20120117_top.rbc.ru_59910528942418ed94703b750a97876172bb51c6ca1c932e49fd65d0	14.85	8.04	97.05	72.73	66.67	80.00	427	4883	13	8	4	2
20120106_www.interfax.ru_355ba0d6cad5b55f60035c44bba3125d27faabe8e0fc232d024bfb4c	16.20	8.84	96.38	61.54	47.06	88.89	479	4939	18	8	9	1
20120106_www.newsru.com_ad086f34fd28d9c4e33cd4cc7c45200b406f465c6c99e0c6c03effc5	18.95	10.57	91.88	60.00	66.67	54.55	396	3352	35	6	3	5
20120117_www.pravda.ru_68888a68fa69fd0df677b92c50edce4f8d60e4dc4345546c908fedc8	8.70	4.58	87.76	0.00	0.00	0.00	172	3585	24	0	8	6
20120106_www.regnum.ru_d30724a07b0fb4f96a7f697425bd0f7e677342e983266d1690baee83	9.59	5.12	76.25	40.00	33.33	50.00	199	3690	62	3	6	3
20120106_www.rbc.ru_9de3f8c98565dbf813e1dc0ee7fe858058b486556e7632b7ae132691	15.52	8.74	69.37	0.00	0.00	0.00	394	4116	174	0	5	13
20111209_www.medicinform.net_385707b66bcc2eff8c627aa2c253de8023b356153ca318b57eca95ba	16.77	9.34	81.68	54.55	42.86	75.00	107	1038	24	3	4	1
20120117_www.tverlife.ru_931381a532cd08822c0b77d1ebf260b748bebc663b20cb85a73a7fd8	16.83	9.23	95.24	22.22	12.82	83.33	200	1967	10	5	34	1
20120106_www.vz.ru_0ed565e7b29814b0a7aa0e0cbb19f161ac17d063f7543dcb96939db3	7.65	4.02	81.25	30.77	28.57	33.33	169	4040	39	2	5	4
20120106_www.bbc.co.uk_0cff067af40961c028bfc292ccdcc29a984a6b692389e53b1dc96445	4.34	2.24	71.79	36.36	33.33	40.00	84	3669	33	2	4	3
20120106_www.regnum.ru_698ed2763766604d29a5d7cd114dcc5267a1de255f7ea6274a8f3ab0	14.30	7.80	85.63	50.00	40.00	66.67	298	3522	50	4	6	2
20111209_podrobnosti.ua_3c23469ada46556111db75f2bbf6b5c8d4ecd3c2d493cf50c02ae210	8.35	4.39	84.88	0.00	0.00	0.00	174	3791	31	0	7	5
20111128_www.novopol.ru_8bd7bb61aff1884e017871c981eb9ea01120a132627812a305c8b4b3	14.08	7.69	83.15	85.71	100.00	75.00	153	1837	31	6	0	2
20120106_podrobnosti.ua_ffd2d278eebbe5c243770afb049d2093e442f848a7ad58bb3f708cab	3.78	1.94	75.44	30.77	25.00	40.00	86	4354	28	2	6	3
20111128_www.1tv.ru_ffa20a7466a435c581a121aa817318144e71e83a49aac0307d016bad	13.45	7.27	89.80	45.45	32.26	76.92	414	5282	47	10	21	3
20120117_www.zabinfo.ru_a8e761fd4d1b7c2c194fa2771f16fed53ebff860edcf42a1ab46ee69	11.61	6.21	89.58	28.57	100.00	16.67	172	2599	20	1	0	5
20120106_vesti.kz_30d73cd8a4eb70ae8086f88ceff9fb842ae001cfecb076334b347e13	3.46	1.77	81.16	0.00	0.00	0.00	112	6229	26	0	0	4
20111209_www.unian.net_f6f26b11bb27fc071a97c6ebbba34c941b23a6d9a413fcbacdee6e42	8.55	4.49	86.93	0.00	0.00	0.00	173	3676	26	0	9	6
20120106_www.ntv.ru_9cd271d26e479370e5f13dc6a17e8e1e5ad76baef843f2d041f83cef	3.24	1.66	64.56	28.57	50.00	20.00	102	6035	56	1	1	4
20120106_newsru.co.il_563f6804e34cfc95a8b4fe9b134a0f9a496663a67f010ba3441a3580	19.70	11.05	90.80	66.67	70.00	63.64	306	2464	31	7	3	4
20111128_globalist.org.ua_5be549e96570e486891bf881eacbfddb2d6908f251c2d23bffe7e213	14.92	8.13	90.30	83.33	100.00	71.43	270	3051	29	5	0	2
20120117_www.ng.ru_9bf1d60cde49a368b4bc14dce2321eb37e63936df6079681d3dc661a	10.54	5.59	91.95	40.00	33.33	50.00	137	2314	12	1	2	1
20120106_www.ria.ru_ac49a3dbffee82ee7e279128b85cbeabaa404a678b12eac5e2fdcd26	7.56	3.97	78.06	20.51	13.79	40.00	242	5854	68	4	25	6
20120117_glavnoe.ua_41ac28886c5ea26376f4973656130c09bed726a1699f756516c4d3d0	7.36	3.85	86.53	4.65	2.94	11.11	167	4176	26	1	33	8
20120117_www.belnovosti.ru_d8dccb6a4fd4add76ec4356a85d54cd8edbd802b4fa7b563cd6b200d	17.07	9.39	93.60	63.16	50.00	85.71	161	1553	11	6	6	1
20120106_rus.delfi.ee_42f389d95f6d25a7104c706211b7df6a271bd42230d318a6a97fff70	9.66	5.10	91.15	60.00	60.00	60.00	175	3257	17	3	2	2
20111128_news.bcm.ru_612395c1206be9b438b4eb493abe4b9c4b436263f490185758c3073e	12.86	6.94	87.79	0.00	0.00	0.00	151	2026	21	0	0	5
20120117_www.isra.com_64bebeefa3bee1910ff84ab10ad7bbf33a6710618005775b7dff86ad	15.53	8.56	83.52	18.18	33.33	12.50	147	1570	29	1	2	7
20120106_rus.ruvr.ru_d88e33bdaa62f7aaccef077a0fef801ebca3ce7b150fb2bfae74faaf	5.45	2.81	86.70	0.00	0.00	0.00	202	6980	31	0	26	5
20120106_tengrinews.kz_ed77af7b4de973f4ac7f4470fbb98c2acab3723cfd23c5dc9349255b	4.24	2.18	84.73	33.33	100.00	20.00	111	4992	20	1	0	4
20120106_www.newsru.com_95fc96ababf91e7cfac75e20e8d3a074f3237ae538209f9d22d99eea	21.34	12.04	93.80	68.75	57.89	84.62	499	3646	33	11	8	2
20120106_saratov.kp.ru_b75c2de73f16547855914744f1c2f986075e0e98e1462b36cb68bb39	4.98	2.57	82.42	10.53	5.80	57.14	286	10855	61	4	65	3
20120117_www.amic.ru_eb2e69ba48065b9615fb25041258937cf0f5c3b61af7242a722286e3	6.53	3.39	88.17	12.50	8.33	25.00	164	4674	22	1	11	3
20120106_top.rbc.ru_33a7b32079a929ba92132315cd0c3e5ec1c15ebf88b3db82697fd583	5.67	2.94	79.12	66.67	54.55	85.71	144	4753	38	6	5	1
20111128_cxid.info_8457bff189418435d7f0412b105092467e24d4bc22c56c5f787cd65d	12.24	6.63	79.75	72.73	66.67	80.00	126	1774	32	4	2	1
20120106_polit.ru_7a6bdb692f9769ce270ebf54258f7a3ebe7eb571647b99f40ebcf94a	20.20	11.33	93.10	92.31	100.00	85.71	391	3060	29	6	0	1
20120106_www.nr2.ru_e4d7196ecdc3760ad5e14a283aedbc93f81a0f9ef0097b18d3bdd5ef	7.36	3.84	86.75	12.12	6.56	80.00	144	3603	22	4	57	1
20120106_www.regnum.ru_53f63cd23e619328bb173399e25f9e85969eabb6e3a0ea8dc56b3431	5.36	2.85	45.69	18.18	16.67	20.00	106	3617	126	2	10	8
20111128_www.likar.info_33b13a3a8fdf43147153ab6bdc9299502cc39aa92f14d4e01e55dc50	2.10	1.08	41.35	0.00	0.00	0.00	43	3946	61	0	1	4
20120106_www.nr2.ru_71e3ea912507bd41bba2cc41352cfafa45e1641fe1347594a3ed38df	2.34	1.24	20.28	0.00	0.00	0.00	44	3500	173	0	62	4
20111128_www.argumenti.ru_3856c6cacc27b32a352e85762bcfbc18a151c60fcfab034c8b6de39c	2.84	1.45	68.37	26.67	20.00	40.00	67	4546	31	2	8	3
20120106_rus.ruvr.ru_cabf961cc2bc8a3b1ec2bb8b3b6a8bb358c674a4d0e74beb37bfe536	9.65	5.11	87.90	0.00	0.00	0.00	385	7156	53	0	26	8
20111209_www.regnum.ru_5bc9ac4324d46c89b7a9fa7a32794ca6e21dcf231fc2962b9e4a938b	7.35	3.87	73.60	47.06	36.36	66.67	145	3602	52	4	7	2
20111209_www.regnum.ru_390fcad04260783ea96a5bed16a9f654777fee12ee6f1ce243163e31	7.16	3.74	86.55	15.38	10.00	33.33	148	3814	23	1	9	2
20120106_4geo.ru_da79c1f1b11cb8e4ecac8702ab9f754c2213abfa4b5b055b5fffb5a3	4.32	2.24	57.65	0.00	0.00	0.00	49	2135	36	0	2	3
20111128_www.argumenti.ru_d2d7845efedd98f5e11c23fb1c7d10bdb66f7b3002b2bcdddf040508	5.61	2.91	76.27	25.00	20.00	33.33	135	4500	42	2	8	4
20120117_www.argumenti.ru_da9cf21b1564b946eb14c4f6762c84c0daa3e93c341db2c1da63770e	3.39	1.73	74.49	14.29	11.11	20.00	73	4137	25	1	8	4
20120117_nversia.ru_125174415f4dd2156e09b2cce81d33116d051545290dd92cb9ad8940	2.78	1.41	92.16	66.67	60.00	75.00	141	9842	12	3	2	1
20120106_www.ria.ru_aba670002d5a45afa30f60f4e8dc663cbf7a2d26da9a70cdbbde7fae	3.32	1.70	80.34	19.35	11.11	75.00	94	5448	23	3	24	1
20120106_www.newsru.com_0f92b104917d16ba580468dc27ade9e65dd091e57a3c840b4852d816	13.75	7.42	93.23	72.73	61.54	88.89	289	3605	21	8	5	1
20120106_obkom.net.ua_5fad92a456b3cb06c5cd98a71dca892d6cf4301c6a058cc69f6e55d6	14.20	7.77	82.56	0.00	0.00	0.00	161	1911	34	0	0	7
20120106_www.ria.ru_7f29ab13be7012fa4d0697b37842464f5fab21a186d722cb6178d251	9.56	5.05	88.83	33.33	22.58	63.64	334	6278	42	7	24	4
20120106_www.rzn.info_dfa9de2dad8922187b79eca288b190f143d3a1fed26e0db8afd3db94	9.87	5.22	89.18	57.14	44.44	80.00	206	3738	25	4	5	1
20120106_rus.ruvr.ru_728f3d8ec0e6248172f881c63434592641f72a6d72d155c8e7e723f0	11.47	6.16	83.88	0.00	0.00	0.00	463	7056	89	0	26	16
20120106_www.mk.ru_925812eec2e8ead92b3d2d9769cf9f4cc3cf36c01542afcab76ff2bc	4.35	2.23	88.44	28.57	17.65	75.00	153	6704	20	3	14	1
20111128_www.argumenti.ru_be21cce9cc0c17a4811702603ad0cb82afcbdd32fe0d26093575449e	14.77	8.08	85.62	17.39	15.38	20.00	399	4538	67	2	11	8
20120106_www.19rus.info_0e04f91eba72b04f9b8e7c477e0ca01e2c1538aa21a4d184dc610e1f	9.50	5.06	77.22	0.00	0.00	0.00	122	2289	36	0	29	7
20120106_www.ria.ru_ae4b12e2d98ecf9ee39967c98157dab4bb0c79842d33006d588e12e1	6.04	3.19	58.21	30.77	20.00	66.67	195	5922	140	6	24	3
20120106_www.newsru.com_a16c69df4c571a188b4af39ff04d6dbc337cec15c51046b5cbeb91e3	24.76	14.31	91.86	66.67	80.00	57.14	553	3311	49	8	2	6
20120106_www.newsru.com_27fa8d3c7c979528c4b0eb4c04d88a4ef4e37642f27a347dc19e4130	45.20	29.59	95.69	80.95	79.07	82.93	1465	3486	66	34	9	7
20120106_www.regnum.ru_5ea350ca1731a56c9ec962530657c5a888a6b093b716e73ff9716bc2	6.72	3.57	56.90	20.00	18.18	22.22	136	3670	103	2	9	7
20120106_eco.ria.ru_4b866e458a65a8794d13e57bb8bb0a8d579f431df28c2d5697c65b21	7.50	3.92	85.61	35.00	22.58	77.78	226	5535	38	7	24	2
20120117_ura.dn.ua_4737640aa688991a3c0162213748af869eef11a9662ec38fb0b6e057	21.45	12.10	94.50	70.00	58.33	87.50	292	2121	17	7	5	1
20120106_informpskov.ru_5570171e07dc222858be5bc0f2e630e5532d4c43e3a24eb461c2b758	2.23	1.13	84.29	26.09	15.79	75.00	118	10335	22	3	16	1
20111209_glavcom.ua_da7ef7f7afd4283aa29b892498ada013ab33c6c87acc1d7c3662d9cc	8.63	4.55	84.24	42.86	33.33	60.00	155	3252	29	3	6	2
20120117_www.bel.ru_ee4c7876ee4f411e379e682ce60a5b669f7495edb7490a6f0c544e01	22.36	12.72	92.54	55.56	45.45	71.43	211	1448	17	5	6	2
20111128_www.medicusamicus.com_9e7f4aabccca4d02b620513399601bbb5572b04262ec078f810fd1df	35.21	21.55	96.19	88.89	100.00	80.00	454	1653	18	4	0	1
20120106_www.regnum.ru_b1d108a915c7e9f07f25f4388ae14f3fd60ebc499f71c5ccdba8f0be	8.89	4.70	81.57	40.00	33.33	50.00	177	3588	40	3	6	3
20120106_www.regnum.ru_023688a04c014bd6acf99b302eb738313df62a9496f5ee5f6bcabbbe	7.28	3.80	87.73	40.00	30.00	60.00	143	3624	20	3	7	2
20111128_top.rbc.ru_780223131eb3c6a04c95f782525de8c94814bfcd61e1a34d7d10cb31	9.38	4.93	94.09	80.00	80.00	80.00	239	4605	15	4	1	1
20120117_vechirka.kiev.ua_5e96086a62e756565a43ef700524f872888b149b8264cbd095605678	9.91	5.33	71.43	16.67	11.11	33.33	45	800	18	1	8	2
20120106_rus.ruvr.ru_7af3c3015646058a6271387cf6ceadd752248627dc6beafd18873a10	3.89	1.99	81.82	6.45	3.85	20.00	144	7075	32	1	25	4
20111128_www.ukrkonditer.kiev.ua_289093b207c36db1b5210506878a1ccf4fca6fbc7c5bd711f0173c1d	13.23	7.16	87.64	58.33	43.75	87.50	156	2024	22	7	9	1
20111128_www.pravda.ru_7ce5bfa2c3730b163a4c77382ede7c3303c2ea0228e0d74a8d7fa52f	13.01	7.08	80.82	0.00	0.00	0.00	257	3375	61	0	2	10
20120106_www.ntv.ru_902972a735c13e28e92e7b5780c450ba7f201e52780f41be74f0498d	10.16	5.49	68.32	0.00	0.00	0.00	358	6164	166	0	2	14
20120106_news.liga.net_bea4e3c07b0e369b410c4bce2657ccd027df9595b1640b320a8a870a	6.81	3.57	73.18	0.00	0.00	0.00	191	5156	70	0	0	10
20120106_www.nr2.ru_e8a7ab045ab0d623fb358028b6ffa3f30c521db5617b48fa30a13465	38.26	24.88	82.73	8.85	5.95	17.24	1231	3716	257	5	79	24
20120117_ivona.bigmir.net_fc26ebb4ff41057ed53e182316e70ff8422b166dd4e1f88488d94ece	4.99	2.57	85.57	36.36	100.00	22.22	172	6515	29	2	0	7
20120117_aifudm.net_5424ed1a898d3559a44c4b3fba83f978f0bb01e02faebaf4eaf9e2bf	12.80	6.93	82.83	32.00	21.05	66.67	164	2201	34	4	15	2
20111209_www.regnum.ru_39dbf385c056f5fac5095193a66768a641ffa44532cc29c5dca7ec0e	10.14	5.41	80.31	42.86	33.33	60.00	204	3567	50	3	6	2
20120106_inopressa.ru_5347f152e35fa50bdc5c7b71e91fdcab0ee924e147b6a77e00c4ab2f	5.38	2.80	68.89	44.44	50.00	40.00	62	2154	28	2	2	3
20111128_www.ca-news.org_efd1aaa1a79fbba3879315af1ca0a8354a00af3df26ca2323da8e789	13.12	7.09	87.39	85.71	85.71	85.71	201	2632	29	6	1	1
20120106_rus.ruvr.ru_b8c034fcc558534bd6db057a46ab31c5aaaa9f123e0c60e2368e4447	2.22	1.13	80.81	6.90	3.85	33.33	80	7031	19	1	25	2
20120106_news.samaratoday.ru_9474d4030e8ba3d2a943aa15a4628d64659de2b6780c74d911cbe458	9.32	4.92	88.98	0.00	0.00	0.00	226	4371	28	0	0	6
20120117_www.aif.ua_ba56626e454701098f0c2d7c287ba60b5e027dcff50189015b444379	6.91	3.59	90.09	3.17	1.82	12.50	209	5608	23	1	54	7
20120106_ivona.bigmir.net_e2b3b52c46918b33a21f0c2c6fd7c14df124641ec7962d2508567d89	5.78	3.00	79.11	0.00	0.00	0.00	178	5752	47	0	1	9
20120106_www.ria.ru_65d3cd8c47d4a2f9c4fdec98d51f7ad610295f9300072b909371a346	5.99	3.11	84.68	27.03	17.24	62.50	199	6209	36	5	24	3
20120106_www.health-ua.org_8ea8618c460350ff3b44f5a4ee2e0e1add6370e519925d6422189e90	18.04	10.36	69.62	59.26	57.14	61.54	259	2241	113	8	6	5
20120117_medicina.ua_be8c534c34dce9d78e68186d0a801c87ad4be2388e5045e05d58a7d0	6.63	3.44	88.24	42.86	30.00	75.00	105	2944	14	3	7	1
20111128_news.zn.ua_faa9be4c282731ea3549317a571cbf83e5b94a70bd94faecdc4cdb57	13.16	7.62	48.25	50.00	50.00	50.00	165	2000	177	4	4	4
20111128_top.rbc.ru_5c0edc0481444061258af4069db91fe6003a388f102b526776f6a15c	14.76	8.00	95.68	82.35	87.50	77.78	399	4589	18	7	1	2
20120106_newsru.co.il_3ad15acc5ce87890828835c3d4d299f8d03e47e2636c4930e548cf66	1.12	0.60	9.14	50.00	75.00	37.50	16	2667	159	3	1	5
20111209_www.profinews.com.ua_a6e507d0bc2a2d16425421b2edf86681f9ef1a3093c01b710f703d6a	27.59	16.57	82.29	60.00	75.00	50.00	237	1193	51	3	1	3
20120106_www.baikal-daily.ru_4d03f94d8fd5cdf97dd80e1e3bd661f57e3eb3d955156e9a6c38a552	6.93	3.61	83.17	0.00	0.00	0.00	173	4614	35	0	1	7
20120117_www.argumenti.ru_24d2793e8210bef73d9c5552b74f8f93cd50f14cc6ccd7798c77ba79	4.20	2.16	76.47	13.33	11.11	16.67	91	4127	28	1	8	5
20120106_rus.ruvr.ru_7ed22df2ffb6952d9e74611b212b0071c335df7ac1bb8924bb0231aa	10.64	5.63	94.68	6.67	3.85	25.00	427	7151	24	1	25	3
20111209_www.ameno.ru_094fe89eb4e510c238ac128f8bdd6efcf4727fa49453270a76370628	0.99	0.58	3.23	33.33	100.00	20.00	6	1023	180	1	0	4
20111209_www.from-ua.com_a167986f72fb86473423c8b36255f5d2c4bbc2e78bb8717180731b1a	9.98	5.30	84.40	0.00	0.00	0.00	184	3286	34	0	0	6
20111128_dozor.kharkov.ua_f3b980e81e058464fd3126929bfb11abd46f286d6747d07f2140f490	10.29	5.50	79.42	42.11	44.44	40.00	193	3315	50	4	5	6
20111128_www.pravda.ru_ca2831b2776caab499f7d4089b80813eeedac9bc1e8920068c8e4972	12.67	6.86	81.91	0.00	0.00	0.00	249	3379	55	0	2	9
20120117_www.regnum.ru_59ff197a55c3661cb75f16317be8420473852acaf7daae63508dd08c	8.27	4.34	89.44	50.00	42.86	60.00	144	3176	17	3	4	2
20111209_life.comments.ua_8daa4acb445758626aaaf6d146d4fb695d304f97e2610870f79ac1da	4.41	2.26	89.29	44.44	40.00	50.00	100	4327	12	2	3	2
20120106_rus.ruvr.ru_954487f51fe0cdd6c9fa51a2e31e0c5739e5e3915cabb7ee2607b9bb	5.30	2.73	86.73	0.00	0.00	0.00	196	6974	30	0	26	5
20111128_medportal.ru_ed026c43e1ffdc60af3ea9f370ef5a6da7bcf25094cdb0a4fddccc57	15.48	8.50	87.05	37.50	24.00	85.71	195	2100	29	6	19	1
20120106_rus.ruvr.ru_6995e691805cbfe865135607127fce8532f135e00c585a04e88d00ca	9.62	5.10	83.22	0.00	0.00	0.00	382	7103	77	0	26	17
20120106_www.regnum.ru_38e9fe16ded493f7d74c9e8174c99dc3454ed5247c6997865ded658d	4.33	2.26	52.20	35.29	30.00	42.86	83	3590	76	3	7	4
20120106_rus.ruvr.ru_ea8a312da029ade02837e74a53649ccfab6b23a4c931d63e7076b3ed	4.27	2.19	82.98	0.00	0.00	0.00	156	6967	32	0	27	6
20111128_russian-bazaar.com_6a49ccdcd2b1593e0d20b3a4f11ea91901744aef45355eaeb25c3c07	14.05	7.63	88.70	40.00	27.27	75.00	157	1901	20	3	8	1
20120117_novostimira.com_89caeb1d83e485e88e05b68ada2bfaacce54e8e5cea0e90556c30761	12.26	6.58	90.91	22.22	15.38	40.00	140	1989	14	2	11	3
20120106_motor.ru_741ecb27c192865fc4990c8509dd63244c4a5f5dc62e30945922cfba	5.42	2.80	85.34	12.77	6.98	75.00	99	3440	17	3	40	1
20111128_gorodlip.ru_d8a37399572148f53db84da1e4beb795915a508b97023d958cfeb983	8.73	4.61	83.10	60.00	50.00	75.00	177	3665	36	6	6	2
20111128_www.048.ua_b6c6487ab616bfdc9d7069a13013f96cfaf0173fbe41985e68b9413f	4.61	2.37	84.24	20.00	16.67	25.00	139	5723	26	1	5	3
20120106_www.nr2.ru_413d33998faf4052b4d53db62cd3294a3910c8b24dbf0bea894652b7	4.82	2.48	83.93	9.23	4.92	75.00	94	3696	18	3	58	1
20120106_www.regnum.ru_7b4866bab218668c095f650b361d06e16eab7fe26dfd5b97caa7f17d	15.29	8.34	91.02	25.00	16.67	50.00	375	4119	37	2	10	2
20120117_life.comments.ua_0c05c8ad98404601c2e4e4ec899c77060381efef6e2b18d9583d4bce	6.12	3.17	89.31	20.00	25.00	16.67	142	4336	17	1	3	5
20120106_rus.ruvr.ru_9c8301660644efef49fbaa51cee88e5e99a1368e147ca5d978151887	5.40	2.79	80.63	0.00	0.00	0.00	204	7099	49	0	26	7
20120106_tiras.ru_348ef5af5f140200b7ba83bcdd26e30cf3060de1552e9571c4ff531d	7.52	4.02	56.81	0.00	0.00	0.00	121	2886	92	0	4	6
20120117_news.vdv-s.ru_2f8de7cf4d3452ac2db6f37d13200fec986021f3336a8a7b8931c191	16.29	8.95	90.61	83.33	100.00	71.43	164	1668	17	5	0	2
20111128_www.newsmsk.com_d87d5ce9dbefe4d4faec580153f2df6079fa69407804be77d78c7f1f	11.72	6.30	83.20	0.00	0.00	0.00	203	3017	41	0	4	7
20120117_news.bigmir.net_1f362ee6b4ce672737d86be6c69bb293fe8ee05513a7e572142402ce	3.51	1.79	78.29	36.36	66.67	25.00	119	6516	33	2	1	6
20120117_www.aif.ua_d7f2ac2cb9fa37bb13b15ed44d54e10918a3ab4f0029c619f296fe2b	4.90	2.52	92.31	10.00	5.45	60.00	144	5576	12	3	52	2
20120106_www.ria.ru_34361154a23f529006256a654692cc256ca859a19dc0f6f018a076f7	8.78	4.72	62.45	30.19	22.86	44.44	291	5870	175	8	27	10
20120106_rus.ruvr.ru_d60b58d8921206220b592de79852b10eb5c8a3a01cd90e91c5760107	4.97	2.56	87.08	0.00	0.00	0.00	182	6940	27	0	26	4
20120117_www.newsland.ru_9d8872900e435c2a95ec7866931810a6119460049a3a04b93c652d75	16.28	8.89	96.77	54.84	40.48	85.00	419	4296	14	17	25	3
20120106_rus.ruvr.ru_cbf5c80b8489db267e531a296f5cdddba82bc5d93ce48d2f69b9e3d6	8.83	4.65	87.89	0.00	0.00	0.00	334	6854	46	0	27	9
20111128_news.bcm.ru_51f1c8d6e09c4ed03027a7d14443c92eb9cb506bce82a6a9c45ccd04	23.72	13.63	91.33	0.00	0.00	0.00	316	2002	30	0	0	8
20120106_rus.ruvr.ru_a6dd099050e32e54018a737dc6ebd189a7516bb4de909eea014f2057	8.72	4.60	85.64	0.00	0.00	0.00	346	7182	58	0	26	12
20111128_www.interfax-russia.ru_d56227e509a79a573b9e30c4342652e1dff21dffef5ee6bc036d73fc	8.35	4.39	86.26	66.67	60.00	75.00	113	2463	18	3	2	1
20111128_veved.ru_e6b94e8edabcfb9236cf7032cab266b1b2078c644a54d1a02bf4db8b	28.62	17.09	87.82	0.00	0.00	0.00	447	2168	62	0	12	14
20111209_www.health-ua.org_80162b2dcb8fd58a6f9ba5efdfb917ff0989788db273617db83808dd	19.66	11.53	66.82	50.00	42.86	60.00	292	2241	145	6	8	4
20120117_www.rg.ru_425ebb7e3028b9d4ff8157a6ff47c62cc723822de0b5f40976d38471	14.42	7.79	96.09	92.31	100.00	85.71	221	2615	9	6	0	1
20111128_www.from-ua.com_ace40a3654c2a925138e46a10cf05a27ea5cf9fccbb7858ef6405b64	15.29	8.38	87.08	0.00	0.00	0.00	310	3388	46	0	0	9
20120106_polit.ru_6425ba354b23dad3aca264e5f0ae4c571faecafe5741e37da0064987	7.60	3.99	80.38	90.91	100.00	83.33	127	3057	31	5	0	1
20111128_www.pravda.ru_27bffe1b5efb7f55921254f786a83f2d2856be99f278bd9c8bf0896a	12.25	6.62	81.66	0.00	0.00	0.00	236	3327	53	0	2	8
20120106_rus.ruvr.ru_d0936b32f4dfcfd8d4933b5807394621f9a2c55096176a4e6f7dd4c9	3.57	1.82	84.97	6.67	3.85	25.00	130	7006	23	1	25	3
20111209_www.pravda.ru_708959c113d06281226c407dfdb5849683673dab9e9e7e0b4f6aab3b	13.70	7.45	85.64	0.00	0.00	0.00	316	3927	53	0	8	8
20111209_kurskweb.ru_89d2fbdb45d0d08892f5a2c4b69fab7487e22b6e9d97a41f7a8cbd5e	19.83	11.20	86.63	13.33	12.50	14.29	175	1388	27	1	7	6
20120117_www.ria.ru_1c44109cedff9b8a5e054dd489303bbc028febd6611050a4b315ae2d	8.09	4.23	94.30	25.53	15.79	66.67	248	5620	15	6	32	3
20120106_www.objectiv.tv_1876c342c825d0d55a82f91bb831095b8bd91b8e4260191a188245cb	9.41	4.97	87.98	27.91	16.67	85.71	205	3919	28	6	30	1
20111209_medportal.ru_0468ef9dd22197e37bbfa27d019c37f591209f25e553699e379a191c	15.33	8.40	87.50	27.03	16.67	71.43	189	2060	27	5	25	2
20120106_fedpress.ru_f481b7b1343b76e5ec11312aab609cb5e9a2878435f70f86fe7b7bda	3.20	1.63	79.81	0.00	0.00	0.00	170	10243	43	0	13	6
20111128_news.bcm.ru_f1419d22979d6c691f2531742718e2144783b692018049d5f54a0f9c	23.11	13.23	91.54	0.00	0.00	0.00	303	1988	28	0	0	8
20120117_www.ukrinform.ua_a895bfeea3493522cbfcc0d265d9e92dbffc4488ec57be734a973a18	7.86	4.10	94.08	16.13	8.93	83.33	143	3345	9	5	51	1
20111209_www.regnum.ru_799bdf6955e6b3414bcf437052ee6b7edc25d61bb152b8abaa49fb4e	7.92	4.18	77.29	36.36	25.00	66.67	160	3671	47	2	6	1
20120117_omsk-times.ru_7a0a159e051a7d83f83c718ab0e6784197a74ce14c0991fa43327c37	43.02	28.95	83.70	40.00	100.00	25.00	77	189	15	1	0	3
20111209_kurskweb.ru_0cbd3006d5c3cf6a44e59909e6bb93a78ef3596c0cf4bf23ea3c79c6	19.19	10.84	83.72	0.00	0.00	0.00	180	1481	35	0	8	7
20120117_www.medikforum.ru_5641402348c024f1ee710c27302194e49a514ed542fc7d44fcb9459a	9.64	5.12	83.71	6.78	4.35	15.38	262	4858	51	2	44	11
20111128_ubr.ua_ed8680ca9497c6e01814b8be69009bb9d4613a38c2a36a533ef27933	3.04	1.55	73.81	12.50	9.09	20.00	93	5898	33	1	10	4
20120117_www.likar.info_a6a8acfd786f7f623fccc595395d1fddb203c450d15ae2b56e989c7d	5.49	2.83	91.13	40.00	100.00	25.00	113	3880	11	1	0	3
20111128_krasnoturinsk.info_5a3bfe4c4a2968237c0aaee00b904f9d78a311ee826c1913c7b15bc0	12.03	6.42	96.50	45.45	33.33	71.43	358	5222	13	5	10	2
20111128_www.54rus.org_d4ca4851d04858822d336639f9f929d2534bb775a234b77e87a46db1	24.12	14.20	79.87	15.38	16.67	14.29	123	743	31	1	5	6
20111209_society.lb.ua_5f0b3d3553cb6625647110bb7636d9e3b099445dbd61a081a5398e66	10.18	5.40	87.91	54.55	50.00	60.00	160	2802	22	3	3	2
20120106_rus.ruvr.ru_10482b7b0a197fc54a4eb42f4ccbbbac8334cd53c182dfb63ebb8157	6.25	3.24	88.06	0.00	0.00	0.00	236	7046	32	0	26	6
20111128_www.1news.az_9bd2b46a12104cd121d8cbb677b1708a235a8f0e0c250d961ebbd3f7	5.71	2.96	81.13	90.91	83.33	100.00	129	4229	30	5	1	0
20111128_www.regnum.ru_4193600271bbf74b999e2448e397b3193cb90e0ca5404121d305a0d0	7.47	3.90	89.29	60.00	42.86	100.00	125	3080	15	3	4	0
20120106_www.ria.ru_4cab1c82f7b6a455f9da3f7ce098677d4359a3ef9f462ea46524fb7b	7.93	4.16	85.99	30.77	20.00	66.67	270	6222	44	6	24	3
20120106_primamedia.ru_77eca7ca6623ca1ac72b78ec2ed0961fb32970d01a0b014229e00ab0	11.20	5.99	85.89	12.77	7.32	50.00	274	4298	45	3	38	3
20120117_podrobnosti.ua_4493a21ef66dd94e0ed46ded15d0472d097d24273bf72a3798b6bfc2	4.21	2.16	86.07	44.44	50.00	40.00	105	4766	17	2	2	3
20120117_saratov-times.ru_6a4d4ac1088bedc1a7e769ac2e70dcc1f2238360c574ea6a9f8cd4ca	62.05	47.48	89.50	0.00	0.00	0.00	179	198	21	0	1	5
20120106_www.aif.ru_47f630ae70a185204c0848a1b5c565182c07b0f8afcb874c5866fe48	2.63	1.34	55.22	4.17	2.27	25.00	148	10856	120	2	86	6
20111128_www.eurolab.ua_265d038a62e38e494a1ff402790d8f5d92fbffdada6bbd7c83ee5354	5.08	2.62	84.46	0.00	0.00	0.00	163	6067	30	0	1	7
20111128_www.rg.ru_8ec829733ea6b6e5d210f3c576505b8d8537febec29da1a74ace7dec	18.57	10.38	88.12	77.78	77.78	77.78	304	2625	41	7	2	2
20111128_www.aif.ru_252b43f4faece558ef50829e48585bf4bf29dcc45a9b11e2657f7e73	5.48	2.83	85.51	15.38	8.70	66.67	177	6081	30	4	42	2
20120106_www.ria.ru_ecab1113d544619f44e1b612b5946015a224e818817918184b42e821	2.11	1.08	48.99	12.12	7.41	33.33	73	6685	76	2	25	4
20120106_www.baltic-course.com_23d594bb1390d2a5680eb3bdd8abff0afda52ac950deec2a30de081b	13.46	7.37	77.52	0.00	0.00	0.00	169	2125	49	0	36	6
20120117_news.bigmir.net_435a7d809723a5eadd129d775236a1e87ba3c761ef6a6232f959398f	4.19	2.15	82.97	22.22	100.00	12.50	151	6876	31	1	0	7
20120106_www.newsland.ru_fb2e3d028833efa4361034bfb98483eee9663dbb967d54b7907a6e86	11.33	6.04	91.06	25.81	16.00	66.67	275	4279	27	4	21	2
20120106_www.newsru.com_621a1d59e85615519ae66e37f01d82a1db6298ec0ca37d1d17512fb3	13.88	7.51	90.91	76.19	80.00	72.73	270	3323	27	8	2	3
20120106_www.nr2.ru_aa88fcfd8b0404b65293ae484be79ab8b8124e91f4fd450784164b8d	2.83	1.49	29.02	0.00	0.00	0.00	56	3710	137	0	66	3
20111128_news.argumenti.ru_f26d5091e52476e091e13cdddb38a1c010fdc3f8ecb1ba6395a30fc6	10.95	5.84	88.46	23.53	20.00	28.57	230	3710	30	2	8	5
20111209_www.health-ua.org_5d82207438f000749355eaa8c87b2fefc218564a361b005d725a679f	21.07	12.41	69.69	56.00	58.33	53.85	315	2223	137	7	5	6
20111128_news.day.az_5fa888d244ce8a22ea48c2a0a008a6e255a0f2608b56526e19afe423	7.65	4.01	81.11	0.00	0.00	0.00	176	4211	41	0	36	8
20120117_komi.kp.ru_421b4ef726437ef475bbd3ab6848f1ffedd2499ade10dd1a4a14573a	4.64	2.38	87.23	38.10	26.67	66.67	123	5042	18	4	11	2
20120106_www.newsru.com_972d7ff809b13d7a617f1d3f52416749ccd28522c84575c2bf5ff9df	26.34	15.28	95.55	81.48	84.62	78.57	622	3449	29	11	2	3
20111128_www.ukrinform.ua_60654a90458430dc5ecb5eb331c54e1b359f9f36c3aec5d5e322553c	33.33	20.50	89.15	0.00	0.00	0.00	230	892	28	0	0	5
20120117_www.argumenti.ru_e4dcced69d2c19877925b98606ff41d2c6b3a40ceba73b59c9190b51	19.35	10.83	90.53	38.89	31.82	50.00	497	4091	52	7	15	7
20120106_www.newsru.com_94162a1c8fb6eca8312611a627f86b252c38fbd7149dd213934036e7	7.59	4.03	66.82	26.67	22.22	33.33	147	3505	73	2	7	4
20111128_www.utro.ru_6f87a77ee82ea8623b44ea3d6fc0b5991f47c2234d520a29f5140096	15.34	8.51	77.89	0.00	0.00	0.00	472	5074	134	0	16	27
20120106_www.newsru.com_3cc03dc13c51c45cc005192493d338f9ec23e0cfa5cfc78721e89f28	12.52	6.86	72.16	23.08	20.00	27.27	254	3450	98	3	12	8
20120117_www.aif.ru_bb2d7753ead60383ec06cb6bcf3493dd7d85d65ffb79b6507fc9b2c8	4.47	2.29	91.03	13.04	7.32	60.00	142	6050	14	3	38	2
20120106_rus.ruvr.ru_2c27d04d251b4d73039acc34e424b755e057a4bd0832f98b0906f893	5.79	3.00	84.01	0.00	0.00	0.00	226	7316	43	0	26	7
20111128_www.health-ua.org_32f4fc9c9ac1b6310bb65c65e4d053b0159cff2bd4e53e3cf14f3b0a	18.75	10.49	88.02	57.14	47.06	72.73	316	2696	43	8	9	3
20120117_top.rbc.ru_66d4dca562d4ca8eb538796c004900749feb4fe9bc56618a59920852	11.21	5.95	96.92	92.31	100.00	85.71	283	4472	9	6	0	1
20120106_rus.ruvr.ru_f1e26404dc319826c41ffee88eb68506945a93e162364331ffdd61eb	6.65	3.46	86.01	0.00	0.00	0.00	252	7039	41	0	27	8
20111128_www.regnum.ru_2fa9d5942fcceffd25ca1213414b453701bf63d7acaaf43c1501577e	11.14	5.96	86.30	54.55	50.00	60.00	189	2984	30	3	3	2
20111128_www.aif.ru_8615176c4de88091217e66433b654d812ceb3aa888504cc5c65da372	5.52	2.85	85.65	15.69	8.89	66.67	179	6093	30	4	41	2
20120117_www.vestipk.ru_e0ef3cfa9d6b29677e20a75acadebff2a7d04cec7ac0f07ebef001de	32.50	19.81	90.34	0.00	0.00	0.00	505	2044	54	0	1	16
20120106_top.rbc.ru_bdcfcf7fa9284b22c4acef40b34661b2a0d9034e9d272a692d0c9a8b	5.24	2.70	88.08	66.67	55.56	83.33	133	4796	18	5	4	1
20120106_www.objectiv.tv_f1450364e8b6799a16d25d27e8d4d20c03c6582a542fbb5522222efc	6.39	3.32	83.54	24.39	14.29	83.33	132	3843	26	5	30	1
20120117_www.krsk.kp.ru_efe952742da53e9095a25ee3e25e361f703ec489b91417eb93d607c6	5.70	2.95	86.60	48.00	37.50	66.67	181	5957	28	6	10	3
20111209_life.comments.ua_4229a5c93d87864b9e6e262fb654b76e316bf45d1fdabfb1f1d98f95	8.40	4.42	85.53	16.67	25.00	12.50	201	4349	34	1	3	7
20120106_news.liga.net_a35ece8fbd5af8c7f07c5f1e63d0d5c422edeea53feefc664ab35582	4.61	2.37	81.46	88.89	80.00	100.00	123	5058	28	4	1	0
20111128_www.gazeta.ru_6c0acb5d065e76f57a212807e5dc2c1c9fa84ced5d212e2826b68bba	1.96	0.99	72.16	16.67	9.09	100.00	70	6990	27	2	20	0
20120106_www.vz.ru_574f47be259cb32afcdea3b4a616ad67b52deeb0ce356f617b5c4e5b	8.29	4.37	81.20	40.00	37.50	42.86	190	4161	44	3	5	4
20120106_www.ria.ru_dae988a9974d99898ea7607c52c81c903dc469acbdd0ab1110f52c02	4.26	2.22	52.72	15.00	10.34	27.27	155	6820	139	3	26	8
20120106_rus.ruvr.ru_201874024c9e7296d4e68008f4d3604533cc1751335aadc6f598d91a	2.54	1.29	75.41	6.45	3.85	20.00	92	7039	30	1	25	4
20111128_www.newsland.ru_deca5850da6e13d3afaba5a733ba630dfc85e0446c1024e58f74bdc9	9.11	4.83	80.71	18.18	12.50	33.33	159	3134	38	2	14	4
20120106_www.fergananews.com_3107dd7419e68cfa31a4242d97450f271ed51e4d56be9e971047fe29	13.10	7.08	87.39	21.05	12.50	66.67	104	1365	15	2	14	1
20111128_prm.ru_1e627e2f5da52271de697836d25f7e848085d516e2d4982ac7863973	10.90	6.06	53.94	12.50	9.09	20.00	171	2649	146	1	10	4
20111128_www.radiomayak.ru_8ad67e417e7dda07308001996b87066591849749c42006aa649e710f	6.61	3.51	56.52	33.33	100.00	20.00	65	1786	50	1	0	4
20120106_glavred.info_df52a83b8d33b1793ec8a3f17de4a163c70f16ad52d42bc8d53b9ece	6.71	3.50	80.25	40.00	33.33	50.00	191	5267	47	4	8	4
20120106_www.regnum.ru_7e0f85b355f6099930e5edc2852f70f051239c50aa9314304cca365b	18.76	10.46	90.54	42.86	31.58	66.67	469	4013	49	6	13	3
20120117_www.amur.info_6443a3c4f43e909a0b1be0663d859d2851e9580b73ef791bf728e71f	17.28	9.51	94.46	0.00	0.00	0.00	392	3730	23	0	0	6
20111128_www.1tv.ru_5af4c17fcfdecef58f591577f57941711ffc6b4d16e9eddf99a2c1ad	6.51	3.38	87.08	20.69	13.04	50.00	182	5199	27	3	20	3
20120117_www.9111.ru_e2e47b234353771176e7da60db97f5417e13ecd58f7d6cef61553432	5.72	2.96	85.81	60.00	75.00	50.00	127	4162	21	3	1	3
20120117_ul.kp.ru_6b3f9e1650f839620e1f3fdb7b9773429960182789a6a929b7526f95	10.13	5.38	88.29	53.85	41.18	77.78	294	5175	39	7	10	2
20120117_www.regnum.ru_5e974f524a73b85fcc3d8971b53a898b8ea81bd560ce7f4e89e5134e	10.83	5.76	89.74	57.14	57.14	57.14	175	2862	20	4	3	3
20120117_pln-pskov.ru_ca3e20f824a77c1599d707340ec6f89a171f8ffc689af27627dc2968	7.70	4.02	88.99	60.00	75.00	50.00	97	2314	12	3	1	3
20120106_fedpress.ru_73f28aa90c78276cdc79ec3ef8c1b76d0a4597fc758a0937095617da	1.55	0.80	21.91	0.00	0.00	0.00	55	6790	196	0	13	6
20111209_www.news.nashbryansk.ru_6368eecacdbef694fd68e4d3ba2d9e28127f1fe0ddd95e728f0f3e34	32.45	19.64	93.32	70.59	75.00	66.67	461	1886	33	6	2	3
20111128_www.argumenti.ru_f74174bdeb5d196c3a233801519124ca13a961cc3d4cb6f7f30e4c54	4.15	2.13	83.76	15.38	10.00	33.33	98	4504	19	1	9	2
20120106_www.nr2.ru_a8610aa505f2155383c46706587bda61b57e4f476c7094a8c4341940	10.13	5.35	93.40	11.43	6.15	80.00	198	3500	14	4	61	1
20120106_www.rbc.ru_50e41f72faa6539e1469cf3198778e7e711db329eaa811423e0d7dad	10.40	5.69	60.24	0.00	0.00	0.00	250	4144	165	0	5	10
20120106_www.rbc.ru_1ab78a77169231ecf2987dcde3559f5cf50d75d1ec92f85d65363a6b	4.96	2.62	48.26	0.00	0.00	0.00	111	4132	119	0	5	5
20120106_www.kapital-rus.ru_9bb641315c0eb883e411d4d2607d462edf915890a8f0e1e17fb9c117	6.04	3.21	51.63	0.00	0.00	0.00	79	2384	74	0	0	7
20120106_www.ria.ru_d823459ea362c7f815da99cea5b603e9e220bcfae58b185f041b494d	4.90	2.55	59.70	17.65	11.11	42.86	160	6109	108	3	24	4
20120106_www.ria.ru_b90e01b4804a1ce2954ffbc6d1681ce209a8c6c36dfefada4fa09cdc	10.17	5.37	94.63	38.10	25.00	80.00	335	5901	19	8	24	2
20120106_www.regnum.ru_0499069aa430b9e9d88c8f172c978ef70745d000686903a15254f16d	31.21	18.74	93.32	65.00	54.17	81.25	922	3998	66	13	11	3
20120106_tiras.ru_a8ac1a3f8f25605853e24d4efcd409bc412fdc50beb8af6794b871cc	6.27	3.26	80.87	25.00	25.00	25.00	93	2760	22	1	3	3
20111209_www.segodnya.ua_ea3e48bceea0c24d659c7f8d91ad963250c97e8d0e02b3ff918feac0	14.51	7.87	92.21	0.00	0.00	0.00	379	4435	32	0	7	6
20120117_nbnews.com.ua_bb83a1f2b55e7079b746f573cc6d8b3ff782d414c67d5c45791ff0da	2.36	1.20	83.96	0.00	0.00	0.00	89	7354	17	0	23	5
20120117_www.aif.ru_dce59edee65574969667311668737fed5eaccd473430301530a88e32	6.44	3.34	92.99	20.41	11.90	71.43	199	5765	15	5	37	2
20120117_www.ng.ru_44331160a2aba639b795d593773c5eef34aa1cf67b8b040b718453e5	12.74	6.83	93.44	40.00	33.33	50.00	171	2331	12	1	2	1
20120117_top.rbc.ru_b286c1bc8bf5127ea5de05134cabef3fada83e7cdd8517ef6123ef32	11.92	6.35	97.12	85.71	85.71	85.71	304	4483	9	6	1	1
20120106_www.newsru.com_0b070cc4e82ec1acce4fea201186feaa70c969ca0e8d22ac363e868a	35.59	21.88	95.25	82.35	84.00	80.77	983	3509	49	21	4	5
20120117_top.rbc.ru_8fc49681dc7b3805b395f0c5114a2bb597635b97fbc3a74744c60c8e	12.66	6.77	97.32	90.91	100.00	83.33	327	4504	9	5	0	1
20120106_www.newsru.com_455bfb523f2fdfe301c9a5b734ed388576980d3ca213b922e708115a	18.61	10.36	91.23	69.23	81.82	60.00	416	3599	40	9	2	6
20120106_www.ria.ru_20f18ab50b99825191bb0198434800d93ed7499840be42f83e1ddc8a	5.37	2.78	77.06	22.22	14.29	50.00	168	5870	50	4	24	4
20111128_www.aif.ru_e13c5b66cd08c237b420a5a4012f76a6d8a830a19a279a35ee6571b6	2.03	1.03	75.00	8.16	4.35	66.67	66	6342	22	2	44	1
20120106_www.regnum.ru_02400c41d43238808fe9c3a5ea56f4f3ee7282fe71f00ef881b22e4e	14.85	8.10	89.46	47.06	36.36	66.67	331	3756	39	4	7	2
20120106_www.ria.ru_3bd41a95753e1381dcf18287aae31e25a823e33a19e206ddebd5ea9f	16.08	9.17	65.27	56.34	43.48	80.00	671	6648	357	20	26	5
20120117_amur.kp.ru_db49177b09dc18c652d8e00a07ebce62115931394d912c94a825ba43	4.51	2.32	88.89	50.00	35.71	83.33	120	5063	15	5	9	1
20120106_www.ria.ru_029cdb94cdadb2cda796721f98aa1c854725855fe56297ef7a719622	5.16	2.68	70.89	12.12	7.69	28.57	168	6110	69	2	24	5
20111128_ufa.kp.ru_5c499e9fd289c38074c0e5d85a8c08df8c0d6891bb39682d27d98ea6	4.42	2.27	79.86	37.50	25.00	75.00	111	4771	28	3	9	1
20120106_www.nr2.ru_7d0cc61b526813d7fd9e38de4e7f86c3c505e47061e61e59a8bd0c1a	3.94	2.02	84.09	9.38	5.00	75.00	74	3597	14	3	57	1
20120106_www.regnum.ru_9626940719b75df8347ca84a3a33aaf73617eed5c65fe6820065566a	16.85	9.34	85.99	36.36	30.00	46.15	399	3874	65	6	14	7
20120106_tengrinews.kz_a17beb36e3cb8762cb9adf72dd4e3ca25691bd44e9b13451f94c8a9a	5.09	2.62	87.90	33.33	100.00	20.00	138	5126	19	1	0	4
20111209_medportal.ru_18002c24dc3501baaa52622e2a0dbeefea06b2d30179f7937d7a5b6c	12.09	6.49	87.06	20.51	11.76	80.00	148	2131	22	4	30	1
20111128_www.argumenti.ru_cdafa92c8e21a65094c97379581e6aa23b675ce928564cbad43a8f6a	4.86	2.51	76.32	23.53	18.18	33.33	116	4509	36	2	9	4
20120106_vrn.kp.ru_4481fbbd10a3bec5ba28c38dd1d251d519ccfd1d175cca17e149b764	3.88	1.98	90.11	12.63	6.82	85.71	237	11723	26	6	82	1
20111128_www.argumenti.ru_e6cfe32f454066b47a2cc18825563f7d1fce16a3d4f4d496d07f9cb7	14.12	7.70	84.75	0.00	0.00	0.00	378	4529	68	0	11	13
20111209_www.utro.ru_64966d8a81c1e36b7f5924157c935c59845398e72f17a793746986f4	11.30	6.11	75.22	0.00	0.00	0.00	422	6483	139	0	15	15
20120117_www.aif.ru_a7a2b954a2707bdba78a221747044782454c7e7c29ea9ac74797aa01	4.22	2.16	92.51	17.14	9.68	75.00	210	9517	17	6	56	2
20120117_ivona.bigmir.net_0cb32453003aafa4953d364771f630637f59cf3eb9b733e9ee477fff	4.46	2.29	82.16	50.00	80.00	36.36	152	6474	33	4	1	7
20120117_www.1obl.ru_03ca2223d78152f5467d1027c818e8271becb68ab4e62f49445456fd	6.64	3.46	84.33	0.00	0.00	0.00	113	3156	21	0	91	5
20120117_www.regnum.ru_44d1177e6d6669aea0144a3fc575cd9880cbe2a2b142043cd0be4f93	13.84	7.49	91.41	50.00	50.00	50.00	234	2891	22	4	4	4
20120117_www.bankfax.ru_4f20a65dd86ac9a4f42b058fc4e24a90d011f3a8814bab4f4cf940ec	5.43	2.81	83.33	40.00	100.00	25.00	70	2424	14	1	0	3
20120117_ivona.bigmir.net_b28687a47406c8e9f07bc02733c7d72d30362c16d3cf0cd260cc5c57	5.65	2.93	83.26	34.78	36.36	33.33	199	6602	40	4	7	8
20120106_glavred.info_4d4c81eaf0f69f9624666acf9a0fd977b6fdd522dd33c415f89eaf9a	4.92	2.54	77.84	40.00	28.57	66.67	137	5252	39	4	10	2
20111209_www.kleo.ru_01f4205128c9fd41669466012d3659ec55d784ba06a1f5cef6627144	13.33	7.20	89.27	44.44	36.36	57.14	283	3645	34	4	7	3
20120106_rus.ruvr.ru_0cd8ed7b9610ff92162910a392661d11004b66181a96e8dd1dd8ccbe	2.84	1.45	72.54	6.67	3.85	25.00	103	7011	39	1	25	3
20120106_www.ria.ru_c82a4fd390143702a94960f7d2146a45fe7dd8a32727936439be6d96	2.36	1.20	72.45	19.35	11.54	60.00	71	5840	27	3	23	2
20120106_www.nr2.ru_e411c27e03a56c423624eb693a1d7431a2eb0c9a8a38f2d457474efc	16.97	9.37	90.11	17.07	9.72	70.00	419	4055	46	7	65	3
