file	F	P	R	F.tag	P.tag	R.tag	TP	FP	FN	TP.tag	FP.tag	FN.tag
20120112_www.nownews.com_eb45d1946b6c142b49ee085e191d2fe389bbd6d71ffe5e55bd88c8eb	0.66	0.33	31.03	58.82	71.43	50.00	9	2708	20	5	2	5
20120117_news.163.com_0d1a6453522f125c7b37f7d058f0cf6b9934ed859b6dc81ef49b0687	0.82	0.42	46.51	78.57	91.67	68.75	20	4792	23	11	1	5
20120112_tj.city.ifeng.com_eacd6662fcb791a31d1e77086fe2c8f25b27970758849a0fec4a380c	0.30	0.15	39.13	76.92	71.43	83.33	9	5959	14	5	2	1
20120112_www.chinanews.com_ef36a14b64d4ea5e682eec23bd10cf2763a1bd71efe89fee0b52132e	1.30	0.66	52.00	83.33	100.00	71.43	13	1963	12	5	0	2
20120112_www.chinanews.com_6207629cafc417d54bd1822bf064edef11155c2ed09c7f09ace45030	1.21	0.61	54.55	80.00	100.00	66.67	12	1950	10	4	0	2
20111215_go.rss.sina.com.cn_aafeeba11e45e7ebb2aed4383820f37e750b7379b36d54da6348307d	0.71	0.36	44.44	57.14	50.00	66.67	12	3352	15	6	6	3
20120112_www.awakeningtw.com_2fbe31afa40df01777b0eb38f9645a3656d8131b0cc91eb4a4fd27ef	1.39	0.71	42.11	66.67	57.14	80.00	8	1121	11	4	3	1
20120117_n.yam.com_537b19fc060daa878b99e7e69b8cf5c517bb73261ec8f431b514f0d2	0.67	0.34	40.91	51.85	35.00	100.00	9	2661	13	7	13	0
20120117_udn.com_e0ca1d746473cc2eb539db7aafbcc11d2ad0d87046e7f3e6f7cee2b3	0.50	0.25	25.71	12.50	14.29	11.11	9	3580	26	1	6	8
20120112_www.uho.com.tw_32bc40bd0bc9d207c376626e243ff012c92cac2f3ea4a4380385d583	1.16	0.59	40.00	91.67	100.00	84.62	14	2357	21	11	0	2
20120117_ent.ifeng.com_e791c1ba0648c993c02531c486dabccf6e263924d8370834f3728432	1.18	0.60	53.25	72.34	56.67	100.00	41	6813	36	34	26	0
20120112_news.163.com_071f8254e4e07bc153e281b906f0b2ab98338096b5766aacfbe1ace7	1.03	0.52	59.52	82.35	77.78	87.50	25	4766	17	14	4	2
20111209_www.cs.com.cn_7adc9e75b601e8da425dfefe17c6186067649864300c433fb9bb3e4d	0.63	0.32	36.84	38.46	23.81	100.00	7	2207	12	5	16	0
20120112_news.163.com_972ac77d9dbee30d44fdafd1cc3af17f165f4ecf3d7eed587b7e719c	0.49	0.25	48.00	66.67	62.50	71.43	12	4814	13	5	3	2
20120117_finance.huanqiu.com_371ddd8330897220bf1b9a60531e512d1a81f0bc6dbdeb6027d16736	2.32	1.19	50.00	57.89	44.00	84.62	18	1499	18	11	14	2
20120112_money.163.com_da3bc160cddd146f1ef435af92a61f401958ac081308d8ca4d3417ba	0.45	0.23	18.18	18.18	10.42	71.43	12	5198	54	5	43	2
20111215_news.163.com_778b3953af2c6d68f2cf653d3672caeba692c3335b0771cc4584f3d8	0.18	0.09	27.78	0.00	0.00	0.00	5	5610	13	0	3	3
20120112_tech.hexun.com_1e16b8da098834d41def313b729f5d2a66e32b713234b5392434da3b	0.80	0.40	36.36	31.58	23.08	50.00	8	1974	14	3	10	3
20120117_news.southcn.com_04699069dcb197048aeeeccc0ea9e8215bb0af0aa07a3ea025db9fee	1.85	0.94	57.14	90.32	93.33	87.50	24	2531	18	14	1	2
20120117_news.xinmin.cn_2cb0611a8b127e6691ecf5e74bd678122ffceabd2f9bfced1609dc8f	0.30	0.15	37.50	27.27	16.67	75.00	6	4043	10	3	15	1
20120112_n.yam.com_8f3cfbc3814427718278ea4562d3b3ab2ae4c3cd03e2ef402f7d2276	0.61	0.30	42.11	66.67	75.00	60.00	8	2616	11	3	1	2
20120117_member.nownews.com_df1f0f17386babc017d972da4b1ec6df43a8f23d63e99ba2912d4465	0.73	0.37	34.78	28.57	28.57	28.57	8	2167	15	2	5	5
20120117_news.sina.com.tw_a5daf201b17abd9921e8fcabe388b2646434bec3b4bf2a2ced09d5bd	6.11	3.17	85.29	83.08	75.00	93.10	58	1771	10	27	9	2
20120112_www.ntdtv.com_0da8aef9415d9156c1fcb1a9f8f18dd145acbf72a17c0c4fc5a09755	0.06	0.03	2.86	0.00	0.00	0.00	1	3443	34	0	0	10
20120117_mobile.zol.com.cn_10484cc04adb40a124682ed2b4195ca1e8df834140423ed40b843e87	0.44	0.22	17.24	22.22	25.00	20.00	5	2258	24	1	3	4
20120112_go.rss.sina.com.cn_68ce56ded0f11275e7b9282381c1ae730abbb464a33bc1c288d3effa	4.76	2.46	78.05	97.09	94.34	100.00	96	3813	27	50	3	0
20111215_finance.ifeng.com_96c4a559d7ef5f9357153996249f7626c36c313c032be42415659f9e	0.80	0.40	66.67	35.48	21.57	100.00	26	6447	13	11	40	0
20120117_finance.ifeng.com_72a1d43e9fe5bc73075f815184974e258af7222c0069bbf6f1d2e018	2.98	1.52	78.03	61.54	44.44	100.00	103	6670	29	36	45	0
20111209_finance.ce.cn_3d5502a97074009069edc19ec55e81c69c63cd2f8d07142b7229888f	0.36	0.18	10.00	25.00	100.00	14.29	3	1640	27	1	0	6
20120117_finance.qq.com_a445e3a4018f1a4760397b78787d22a99a2515b77871a55532cc2f27	0.16	0.08	20.83	36.36	50.00	28.57	5	6304	19	2	2	5
20120117_www.nownews.com_5f1738258a3871f732d65cc0cf470e4a9842d95f569fcf82d58dfb14	0.77	0.39	43.48	30.77	28.57	33.33	10	2573	13	2	5	4
20120117_news.cnyes.com_c580070bd60454f069cb44793979feda83c24cd9abe8f548d9fcc047	0.84	0.42	54.84	53.33	42.11	72.73	17	4002	14	8	11	3
20120117_www.uho.com.tw_74078be6d2cc8bb9d2ee47d03d877c4c7b659075c840c2336cb3ee7a	0.67	0.34	36.36	80.00	100.00	66.67	8	2365	14	4	0	2
20120117_gansu.gansudaily.com.cn_41587f7d47c92be43f75a02127d43c026a6594fbb1f1e7c810158281	8.18	4.44	52.46	95.65	100.00	91.67	32	689	29	22	0	2
20120117_iservice.libertytimes.com.tw_53c9c02e9aaa773c4f5cbfc36ea0e04b2140bb0be2b375de8a6cd20d	2.14	1.15	16.67	0.00	0.00	0.00	4	345	20	0	0	7
20120117_tech.qq.com_6c0927d372ff073d73475cb08a337d1710c79e73b96517bec98c70ad	0.19	0.10	11.76	33.33	100.00	20.00	6	6164	45	4	0	16
20120112_biz.caixun.com_44f113af12f514217bc1106fb2a3bca051899b1969229cd8f8aeef92	1.28	0.66	18.03	34.29	40.00	30.00	11	1649	50	6	9	14
20120117_www.worldjournal.com_ec606962b3e49717db72a7e6b56cd1fc02c39207c7a69abebea3178b	1.08	0.55	36.67	80.00	100.00	66.67	11	1999	19	6	0	3
20111215_finance.ifeng.com_c0f165a436f45895615d48be9b4d5678f953716f69941703566676da	1.19	0.60	68.63	41.18	25.93	100.00	35	5774	16	14	40	0
20120112_www.chinanews.com_03727cff74eb145266ad1e5bd91887772b3626d30038e1b4e03b92ae	0.54	0.27	28.57	0.00	0.00	0.00	6	2191	15	0	4	3
20120112_member.nownews.com_173e8ed8c3f20713718f29378fa11ac1cce47824077069f268920ec2	0.78	0.39	39.13	30.77	28.57	33.33	9	2276	14	2	5	4
20111209_tech.sina.com.cn_0fa41e8e44da0e347e00b35c8bca43b2eea9d8ec4cfb184f4b5a1be9	1.57	0.80	52.54	60.47	65.00	56.52	31	3864	28	13	7	10
20120117_tech.sina.com.cn_4b3e1627f928b5f9e1a076dfd6aa6b2fb9ea85bab63eee5ce5220847	0.53	0.27	40.74	28.57	18.18	66.67	11	4110	16	4	18	2
20120112_udn.com_181df04bd2a9bc02cd0fb7b0c434dc9417d32f2602f0841fd53b77cb	0.56	0.28	33.33	62.50	71.43	55.56	10	3559	20	5	2	4
20120117_www.ttv.com.tw_6b216dea3dac1ec23f71da42f3c1b1f9c3fa7239dc68bd2661225a8a	0.40	0.20	21.88	22.22	100.00	12.50	7	3433	25	1	0	7
20120117_news.cnyes.com_592b2511397aa55e4c84db224fac54a34cf5e5edc17c36ffcd043e05	1.38	0.69	70.00	58.06	45.00	81.82	28	4002	12	9	11	2
20120117_international.caixun.com_3fc603e537ba39c62e8b40234e20f2ae49e2e6f8d913bc3829db6b55	1.15	0.59	26.32	24.00	20.00	30.00	10	1692	28	3	12	7
20120112_mnc.people.com.cn_8c642d4bc2cce3bf8d8018e18851cdd5bdae940ab1da9f1a9e93214d	0.66	0.34	14.29	40.00	100.00	25.00	6	1784	36	4	0	12
20120117_www.china.com.cn_ac8037241a0626714878920aca605bdc2c911931adbaa83d35632ebc	1.28	0.65	42.11	66.67	75.00	60.00	8	1227	11	3	1	2
20111215_ent.xinmin.cn_177dcc6c9439f6f67decc8cf948b7ab891a1e9abd32fa4ceaaad3d32	0.39	0.19	42.11	27.27	16.67	75.00	8	4098	11	3	15	1
20111215_news.163.com_5194a8b3cb9b07f87c5bad393f14312f3e7b7b87d974e67fd4429f0b	0.57	0.29	57.14	73.68	70.00	77.78	16	5597	12	7	3	2
20120117_www.libertytimes.com.tw_9765d08b2688faf175a10de09cc08c9594f0862c9eba888b7d42e4c2	1.60	0.81	42.11	75.00	100.00	60.00	8	974	11	3	0	2
20120117_www.china.com.cn_91da541ce0539d9d3723b4ab72c41b25d2b45797989a0007a4806a51	6.08	3.77	15.69	27.91	100.00	16.22	40	1020	215	18	0	93
20120112_finance.sina.com.cn_500d9ad8476f99fd94a4d87b21004e29fc8ab5e801e66de9e0fb85b1	0.55	0.27	45.00	54.55	42.86	75.00	9	3268	11	3	4	1
20120117_finance.china.com.cn_8e0709ca02bc51379a22839e464be316eace735684ffd784f6364743	3.19	1.64	62.22	81.25	76.47	86.67	28	1681	17	13	4	2
20120112_www.hinews.cn_39afff3b049fd8f723cdc7d861cbe0f501acb5fc28852854b1227018	1.76	0.89	51.28	80.00	100.00	66.67	20	2216	19	6	0	3
20120112_www.ttv.com.tw_983095b98ad1f1640af15f0eca1df77a26dbe9bb965a5a0df9c8d043	0.44	0.22	24.14	22.22	100.00	12.50	7	3144	22	1	0	7
20120112_finance.ifeng.com_92c26f9b6856a7da58e16c21ea9cb5064dfe32e9372d9a9fd8aeec1a	2.56	1.31	56.94	93.85	93.85	93.85	82	6170	62	61	4	4
20111215_news.hexun.com_58269337f0d6202b935a82bb76f86eac43ea68b47a6403503f7c5753	0.75	0.38	42.86	58.82	45.45	83.33	9	2361	12	5	6	1
20120117_finance.ynet.com_660acfc31310c59631135a660b50de3a4abf75a443e1faa519783369	2.88	1.48	50.00	66.67	54.55	85.71	20	1327	20	12	10	2
20111215_forex.cnfol.com_528b6e2f1de2c8cd914b514349d4c628e6223216acc0c41bca9f1385	0.42	0.22	12.00	0.00	0.00	0.00	3	1386	22	0	0	8
20120112_big5.xinhuanet.com_5dbb5d39faa08e4112616e86402fc5447f8d072228bab45dc8e7d005	1.11	0.57	19.35	0.00	0.00	0.00	6	1042	25	0	5	7
20120117_n.yam.com_628e192ea8224722b0282d8e47fa0f8c0e1bfc807a299633710850fd	0.74	0.37	41.67	50.00	35.29	85.71	10	2661	14	6	11	1
20120112_www.jfdaily.com_a163a9d32674060a78c2e5f3d85a3d99f946b95ac151cb04cc8ceaf3	0.12	0.06	3.70	0.00	0.00	0.00	1	1702	26	0	0	8
20120112_news.qq.com_f11d06395aec6a2c1b7aac04b2ffc1064a35563d2da49f6c011548ee	0.19	0.10	17.65	47.06	100.00	30.77	6	6197	28	4	0	9
20120112_iservice.libertytimes.com.tw_7c67349bdc47840732a1e335662bf8d62d64001f1c9c7ff19d7baac8	5.71	3.09	37.93	0.00	0.00	0.00	11	345	18	0	0	6
20120112_big5.chinabroadcast.cn_97ce5c1e5e2afdcf25e922656dc9cee09adfcd438b870ff75ce8eb0c	0.81	0.42	15.38	0.00	0.00	0.00	10	2381	55	0	23	23
20120112_news.dayoo.com_53bc99dd6fc29717781dec556d511b31c4c23a530eca83e69b032945	0.40	0.20	35.00	4.76	2.70	20.00	7	3487	13	1	36	4
20120117_udn.com_6b64985d86dd97aee7289e88e86b399700bd9c64f3b604ff77460df9	0.35	0.17	30.00	60.00	60.00	60.00	6	3443	14	3	2	2
20120112_www.chinanews.com_565a8c91af8d9eaeb3f47a3cea8b705679c4da28e0667abf805ec4b8	0.23	0.12	29.17	36.36	33.33	40.00	7	6050	17	2	4	3
20120112_news.sina.com.hk_ff2be5ebee5593f31aedccde2d5b9b8bbb9275a71f42f20e889892cd	0.73	0.37	32.00	76.92	100.00	62.50	8	2146	17	5	0	3
20120112_news.sina.com.cn_985473722068f399bc3b5adb437f217d40671b91dae183a15fa2f1fb	0.51	0.26	40.00	54.55	50.00	60.00	8	3125	12	3	3	2
20120112_ent.xinmin.cn_0db9b967d94c7f550ccfa1dd403bb59a1e1de84fb15693e363e59a77	0.89	0.45	69.23	54.55	37.50	100.00	18	3997	8	9	15	0
20120112_news.ifeng.com_e107198ed5bf2ff31ad85d3ffa2cffeb77da255a877aca1d08cd6e19	2.02	1.03	43.21	83.82	95.00	75.00	70	6696	92	57	3	19
20120112_money.gucheng.com_b5a9f9b57ba46d4456e8ae6d2fbf78fa9cfdf38a6dda636ac0a0fbb2	0.57	0.32	3.03	0.00	0.00	0.00	1	314	32	0	3	12
20120117_www.uho.com.tw_dfb71b0c92300bd92a7976301d83411f11c47411a0c2be0e9560a149	0.42	0.21	29.41	75.00	100.00	60.00	5	2358	12	3	0	2
20120112_tw.nextmedia.com_ce8da1bf1707bd9a2bae0a90b532cf9a29479ad2d3e0b49eda2387c4	0.47	0.24	17.65	0.00	0.00	0.00	3	1252	14	0	2	5
20120112_news.chinatimes.com_e998ec0102accd2f573ca7998f029576a3cd7d1e09ad10d5df3b6d61	1.40	0.71	37.50	80.00	100.00	66.67	9	1255	15	4	0	2
20120117_finance.ifeng.com_bfbda7e2bf460fd444df776deb9badefb6521a57fd200068b7d9cc13	0.23	0.11	40.00	18.52	10.20	100.00	8	7079	12	5	44	0
20120117_news.sina.com.hk_e7c77b54e900491cc397c797762539575283fca2e828e2a88853390f	0.46	0.23	22.73	36.36	40.00	33.33	5	2139	17	2	3	4
20120117_it.21cn.com_a994928202b96f7f47e6ece7541eee09640e904c1b6fd0a988f33a22	0.38	0.19	28.57	36.36	25.00	66.67	4	2078	10	2	6	1
20120112_life.chinatimes.com_8167f3a10d4334a46d0afd693aba4a18dbfab0af043d3ba475f87737	2.55	1.31	44.44	55.56	45.45	71.43	12	903	15	5	6	2
20120112_www.uho.com.tw_2c3f2218e0d32345df28403deb9d491893b7900ddc7fb0dfdd9580af	0.50	0.25	35.29	75.00	100.00	60.00	6	2358	11	3	0	2
20111215_www.northnews.cn_e23d84fd6338f8d3e35a344776e9f9e58be611317970b0ad18e9cb61	0.35	0.17	20.00	80.00	100.00	66.67	5	2867	20	4	0	2
20120112_big5.xinhuanet.com_a1ee8ab4c6279970f32f5e4825bc820071dea2bdf5e69cee3e8d49a7	4.92	2.70	27.91	50.00	100.00	33.33	12	433	31	5	0	10
20120117_sc.stock.cnfol.com_eb09b9dda4357696c2efa7577836886128522dc59f1e17344849f1e3	0.18	0.09	12.50	0.00	0.00	0.00	2	2244	14	0	0	3
20120117_www.northnews.cn_ceabbfa0ed09a62b70a8ecf079381576c2f06f1f6f438fdc88f945f8	1.57	0.80	46.67	37.74	23.26	100.00	14	1738	16	10	33	0
20120112_finance.ifeng.com_2fac790edf3ac633a0f9670ee3580ff38cd1beea9154e3e8f8adfdf9	2.68	1.36	88.54	47.73	31.34	100.00	85	6167	11	21	46	0
20120117_stocks.caixun.com_5d551fc56ba4ef2dfaf84e04c9f2cd838f03bee389fe18fe774995d9	1.08	0.55	34.62	20.00	13.33	40.00	9	1625	17	2	13	3
20120112_finance.chinanews.com_789fa38ec0832ab08ea096ae4da27027348b03cdce07947139a976c4	2.09	1.07	60.00	91.67	100.00	84.62	21	1949	14	11	0	2
20111215_www.chinanews.com_4a69b3607283e2eb5cf8abc98563d0266f359540aca03384b7ba03e3	0.99	0.50	53.85	85.71	100.00	75.00	14	2796	12	6	0	2
20120117_member.nownews.com_ae24ab73102138c3868b8a6d0e7bbeb9f1695f3bffa641675874a7a5	0.73	0.37	32.00	26.67	28.57	25.00	8	2171	17	2	5	6
20120117_www.fx168.com_0854665d1f6704cee1be6a4d3389d65dccdcd40213fa265f64879684	0.69	0.35	32.14	75.00	100.00	60.00	9	2560	19	3	0	2
20120112_industry.caijing.com.cn_00b39c750cde8f4cb7a5e827367afd0294bbaa46d3b0549e38089721	0.10	0.05	5.00	0.00	0.00	0.00	1	1979	19	0	2	5
20120117_money.163.com_bdfd8f24bfa1e0b6d3e6331a324692fb0bbb3cf5e33e7a7ab9ce2fcb	0.54	0.27	60.87	66.67	57.14	80.00	14	5113	9	4	3	1
20120117_news.sina.com.tw_d829eed38bcf5880d349f8c9daa43d5c58a8c69f0aec02e5ecb9ee75	0.93	0.47	44.44	28.57	20.00	50.00	8	1700	10	2	8	2
20120117_www.libertytimes.com.tw_d8c54d2324d46e202fb86e4656e45b7e6aa76e33964f6e048ade555c	2.82	1.44	61.90	90.91	100.00	83.33	13	889	8	5	0	1
20111215_news.etnet.com.cn_7c8c00b9febecbb1f29402571c450185719940aa68a604409f8fd775	0.12	0.06	4.55	0.00	0.00	0.00	1	1683	21	0	0	7
20120117_news.xinmin.cn_14ecfdc14c8464a220897fa1ee0cffebb7410cae512d1d0c584014df	0.50	0.25	55.56	34.78	21.05	100.00	10	3997	8	4	15	0
20120117_tech.ifeng.com_1b63250195f04b37d6cb7bdf605d08b18667aade5a4fe7c2600be902	0.76	0.38	50.00	41.18	25.93	100.00	20	5228	20	14	40	0
20120112_china.huanqiu.com_1c09bdbbd795ff67a2471bf5a68e0d75af6914ee434bb5746ee6ca30	0.12	0.06	4.00	0.00	0.00	0.00	1	1648	24	0	21	7
20120117_roll.sohu.com_893bd21ab2410a42e88b5c5d49a761e5676741f05173eed7fd8868cf	1.13	0.58	37.50	80.00	66.67	100.00	9	1556	15	6	3	0
20120112_udn.com_667ae621ca8e0138deaf6a18e9b93f69e8ae5a89d94d3c4fa25417bd	0.37	0.19	28.57	54.55	60.00	50.00	6	3196	15	3	2	3
20120117_finance.qq.com_2935eae00fc5cdd02c9a342a6afc52e12511dc42186f0a2232c9d1b2	2.36	1.20	75.82	92.31	87.80	97.30	69	5694	22	36	5	1
20120112_finance.qq.com_cebeae44e4d82c4f875375da5bf65ca9239235c9247538399a7901e9	0.21	0.10	30.00	80.00	100.00	66.67	6	5794	14	4	0	2
20120112_big5.xinhuanet.com_db34279c128eb37aa42d87061ac37c707a90c005bad6d4c88ba084ee	1.36	0.69	54.55	80.00	92.31	70.59	24	3450	20	12	1	5
20111215_tech.qq.com_efe7ac9c9cfe2aa78816e6c49d1395fbb9de569a16e9cab50762df79	0.15	0.08	15.00	40.00	100.00	25.00	6	7867	34	4	0	12
20120117_news.cnyes.com_687bfd5631497272143e69a02a89a336ac337462e250949279792a31	0.74	0.37	53.57	46.15	35.29	66.67	15	3989	13	6	11	3
20120117_house.hexun.com_1ebd10e947e17430454e0cc2e99af431befb2b657a2adda011e4b338	1.27	0.65	45.83	40.00	30.77	57.14	11	1691	13	4	9	3
20120117_news.sina.com.tw_1d492def559d6387a4424dcc81a419e351a8145449893a38e6778431	3.34	1.71	71.43	42.11	30.77	66.67	30	1722	12	4	9	2
20120117_finance.ifeng.com_e44f1d7de7e7f21e41c306894c5ef89534a77638dc7f3e9b1c535583	0.39	0.19	50.00	21.05	11.76	100.00	12	6175	12	6	45	0
20120117_finance.ifeng.com_fd2de5210a20b4bf91dd55c2dc6596c2dcf6dccc3cdda4479450e265	0.64	0.32	62.50	29.03	16.98	100.00	20	6155	12	9	44	0
20120112_news.chinatimes.com_2c6830cb4ef222e390a9c10458cd2d16bda63ff3ad77bce0a44e2f48	1.17	0.59	33.33	75.00	100.00	60.00	7	1172	14	3	0	2
20120112_www.bltv.tv_d2056bef300fcb6673039b47862a7a042ccfe27d52d14c907fa491f9	0.16	0.08	8.33	0.00	0.00	0.00	2	2486	22	0	0	7
20120112_www.chinanews.com_590467e35d1cbc5bc66cf381c9200ec839e23bbed9592a39f8d04de1	3.25	1.66	71.74	94.44	100.00	89.47	33	1951	13	17	0	2
20120117_news.chinatimes.com_019037f54f0e9495931c7ebf094b7a4d2224f70a2aedf34be8b7a935	3.05	1.58	45.45	87.50	100.00	77.78	15	934	18	7	0	2
20120112_sh.sina.com.cn_aa60052c00b6476a029313e13275721feb3d03010187fd12fcebd989	1.33	0.67	59.26	80.00	85.71	75.00	16	2369	11	6	1	2
20120112_udn.com_7ea3bdf1c581a97fc0bb4cb65238ee8654d8e686ecfe3b3f6fc72fd9	0.23	0.12	22.22	25.00	25.00	25.00	4	3452	14	1	3	3
20120112_udn.com_292fa15844d51a70a348b7678e2ef3d2141768f4a725972815388cb2	0.34	0.17	27.27	54.55	60.00	50.00	6	3453	16	3	2	3
20120112_udn.com_2f4215a549c484488ce970fc6f05c65eb80623068a7ad607e48c3fe9	0.28	0.14	15.15	9.52	10.00	9.09	5	3565	28	1	9	10
20120112_xm.city.ifeng.com_132b367e56a650b9d106ecce3fea7c9db7d416c6195f748d11df32dd	0.29	0.14	30.43	72.73	66.67	80.00	7	4827	16	4	2	1
20120117_www.qianhuaweb.com_eb20190231e819e4b36175e1e47cdb60926962bb571b553262c79fda	3.13	1.61	57.69	66.67	100.00	50.00	15	917	11	2	0	2
20120112_ent.ifeng.com_3757306393115444b85eae5266985f584050c0c1cde9435316f39d4c	0.43	0.22	48.39	32.84	19.64	100.00	15	6872	16	11	45	0
20120117_member.nownews.com_459ef99970ffd92d262efdc9aded538182e7dd4e2cb6a3cc29cd3882	0.65	0.33	31.03	35.29	42.86	30.00	9	2749	20	3	4	7
20120117_tech.ifeng.com_410bbc50ba9655f4391db15ceefb56c5ad5e180b6bf5ac840396d915	0.42	0.21	44.00	7.27	4.00	40.00	11	5225	14	2	48	3
20120112_culture.022china.com_6dc46fba547cc3704402818ca1ab2ea4b6a4afcd444229231bf37c49	0.30	0.15	4.30	0.00	0.00	0.00	4	2578	89	0	37	39
20120117_tw.nextmedia.com_d7b95352135fc19234715bfe4e778efa2afdcbe95f2d96be334f2faa	0.56	0.29	16.13	46.15	100.00	30.00	5	1735	26	3	0	7
20111215_finance.sina.com.cn_b4281b0d135bb57d6480175f6415fa439f03ea5d6c397992f3a75b93	2.27	1.15	79.17	82.35	73.68	93.33	38	3268	10	14	5	1
20120117_news.ifeng.com_444da3f500caa44e693e0076ef2b9d5f8676448336409c004ec96a5a	0.60	0.30	57.14	36.62	22.41	100.00	20	6638	15	13	45	0
20111215_www.voanews.com_fc0ebc63d318b8f334a6714e41438b84cda4caa8791b608a6f2b26d3	0.04	0.02	4.76	0.00	0.00	0.00	1	4589	20	0	3	7
20120117_www.chinanews.com_d9eaa2170bd09b9271425a86c1b2e5fdd1b6df7bad81a4704e67b2fe	2.17	1.11	63.89	68.97	58.82	83.33	23	2056	13	10	7	2
20120117_news.sina.com.hk_d6cd3fe9f4068683084de1736089283335131103b6b763f3230f6c1e	0.44	0.23	8.20	6.67	20.00	4.00	5	2206	56	1	4	24
20120112_www.awakeningtw.com_0b1e6c842ec963e36932ad7c3647482950c67973d63676bd93f497ae	1.73	0.88	41.67	75.00	75.00	75.00	10	1123	14	6	2	2
20120112_news.sina.com.hk_e4caac45faf32a1dda0e0ac0c6de6ef76bf0d84bb56c6297f7daaf4d	0.74	0.37	32.00	76.92	100.00	62.50	8	2138	17	5	0	3
20111215_finance.ifeng.com_10ac0c855e0f68a99362430f6d018d74220af2e3b4aa78861d946f5c	0.21	0.10	30.00	7.84	4.35	40.00	6	5784	14	2	44	3
20120117_news.pts.org.tw_8933d3de91a4a342a463b01867371b3551c774354b0a1ec014d30387	0.48	0.24	18.75	0.00	0.00	0.00	3	1244	13	0	0	4
20120112_big5.xinhuanet.com_774599098d724d50297cf3aef5aa2640c541f45fb1e7fe2c7bb7732a	1.10	0.56	20.59	0.00	0.00	0.00	7	1235	27	0	29	7
20120112_udn.com_4a1ec2485ee3b365756d6ef54d7fc48da269424e034fc32110ccd782	0.43	0.22	22.58	8.33	6.67	11.11	7	3230	24	1	14	8
20120112_life.chinatimes.com_c0fc96426bb21cbd0588106515a43317642542769e3a815532e3cf33	3.22	1.67	46.88	66.67	58.33	77.78	15	885	17	7	5	2
20120112_it.chinabyte.com_78d7301170c8c45fb4baaa371667b803d76fe6bf2aad1684b4340aff	1.27	0.66	18.57	6.90	6.06	8.00	13	1962	57	2	31	23
20120117_ent.sina.com.cn_70b17ec98774a59e77dee47dd75998a9c77ff92485088cd466bc6ef6	0.58	0.29	50.00	75.00	66.67	85.71	11	3785	11	6	3	1
20120112_www.iask.ca_6460accad12386398b45755d87f69b0ef2117458dd51b2951bc9d7d9	5.47	2.85	67.21	48.65	34.62	81.82	41	1398	20	9	17	2
20120112_udn.com_069a6404d761f9512dc9c792ce276edb5f5a70395c6cdde5ffe03ca8	0.56	0.28	50.00	80.00	80.00	80.00	10	3543	10	4	1	1
20120112_it.21cn.com_47bb405693c7f694106d7802194a6b60f74c191de8edb731fdd0832e	0.38	0.19	28.57	36.36	25.00	66.67	4	2082	10	2	6	1
20111215_news.ifeng.com_d46f06142186d10fbda3eff5239636ace95cd43549f80e36f6be622e	0.76	0.38	71.88	36.36	22.22	100.00	23	6025	9	12	42	0
20120117_member.nownews.com_b84c2ed3df1d06646107d38bc32fb999e4ed93a2456070b53c3d7eae	0.71	0.36	43.48	71.43	71.43	71.43	10	2780	13	5	2	2
20120112_life.chinatimes.com_942e9ba4feb71e04eab736c48700f353c1bf0a49e1250f1ec7b01797	1.97	1.01	39.13	53.33	44.44	66.67	9	882	14	4	5	2
20120117_www.uho.com.tw_b3b5f387a6aa24d56a043c6785a6dba3868003f010b674edac2eec94	0.58	0.29	36.84	92.31	85.71	100.00	7	2373	12	6	1	0
20120112_life.chinatimes.com_5375b75269ebe534bfb781bcbb5de122298e963b53fd9f39f1c5ce9b	3.33	1.72	51.61	57.14	46.15	75.00	16	915	15	6	7	2
20120112_www.awakeningtw.com_7937da7a6f55d79cc32b10aa955312382e916de58793df417bcfe62d	1.90	0.97	45.83	82.35	77.78	87.50	11	1124	13	7	2	1
20120117_news.rednet.cn_2089bd1b0ee41a34164fa81e88f4cf1269cddd03ae5d34bfaad082d4	0.94	0.49	10.71	0.00	0.00	0.00	3	609	25	0	5	6
20111209_news.e23.cn_158cf8fb40270cfb38a237073326f0ea613cfe41d0ca91f53c9dd0e2	1.82	0.93	33.33	83.33	100.00	71.43	8	848	16	5	0	2
20120117_member.nownews.com_8b313d63e3a357cdec583583c724bc007c4560e1344ce51650e57781	0.54	0.27	23.08	25.00	28.57	22.22	6	2185	20	2	5	7
20120112_finance.ifeng.com_0fb286aeefcd53cedbd2bae294c11e62107a4eeabd3742e5774739ba	0.80	0.40	67.57	28.57	16.67	100.00	25	6176	12	9	45	0
20120112_finance.ifeng.com_f010ebf42fdd1cfefb5d406ea60a0b04b13e0e7dd6d712a3913f8525	0.35	0.18	47.83	21.05	11.76	100.00	11	6164	12	6	45	0
20120117_news.syd.com.cn_54b6565dec0be896168aa7b9d4154eca84d20e625b3cb2da4b2fb2a7	1.72	0.88	46.15	66.67	100.00	50.00	12	1355	14	2	0	2
20120112_big5.xinhuanet.com_067c5a9f23f01e3574177e7f0493b101be13b4aa46555c1fc72431a0	1.09	0.56	16.98	0.00	0.00	0.00	9	1594	44	0	2	12
20120117_member.nownews.com_c9839dcbd569ee62e4b53733c378a957c3e2d01475405e1f389f6320	0.58	0.29	32.00	26.67	28.57	25.00	8	2724	17	2	5	6
20120117_news.sina.com.hk_00274cccff0282d0019f27b24a08c81f809aa9c849dce9b9e470d38a	0.57	0.29	35.29	60.00	50.00	75.00	6	2099	11	3	3	1
20120117_news.sina.com.hk_8dfd14b1d7bac5b02f7bfc6e97b861eabf459c2c2717daa54901ce82	0.83	0.42	34.62	76.92	100.00	62.50	9	2146	17	5	0	3
20120112_www.chinanews.com_9a5f53492be2b3103f3c8bc570ebf714d8c94acb2965d5fa75666f77	2.28	1.17	44.23	72.73	100.00	57.14	23	1943	29	12	0	9
20120117_tech.sina.com.cn_f1f63b817263016dc00795e1741809e6bee2a7c5fc776ebd259e2987	0.94	0.47	59.38	59.26	50.00	72.73	19	3988	13	8	8	3
20120112_big5.xinhuanet.com_d246f0bbe881fd063baa310219b8c1107b1021523ee4a05448c682cf	1.22	0.62	71.88	86.96	90.91	83.33	23	3702	9	10	1	2
20120117_tech.qq.com_068baaa8e2bb2882b2158b9f35dc062f3c10d96c6290a16525817d0c	0.64	0.32	41.67	16.67	25.00	12.50	20	6164	28	1	3	7
20120112_news.cnyes.com_5ff56ea0081038337137ea72becd107f698876575c825d86de9ed65c	0.25	0.12	27.78	19.05	12.50	40.00	5	4030	13	2	14	3
20120112_news.xinhuanet.com_11d60eb69d695ea88e4b397e538217b97d29c9a492113ccfd0975f81	0.69	0.35	40.00	62.07	50.00	81.82	12	3418	18	9	9	2
20120117_news.sina.com.hk_9aaf9ed057ae4c81df250394985dfd4da15b34550c192395782c2b15	0.63	0.32	16.67	45.45	100.00	29.41	7	2169	35	5	0	12
20120117_news.pconline.com.cn_19d5f4b455807797ce881988e9bef6016c30ec90848482f641cf8b52	5.41	2.82	67.35	95.24	95.24	95.24	33	1139	16	20	1	1
20120117_udn.com_ca400f53ef4129056c8fbdec3ea6ebd3d557a336c25c88ccf7891015	0.46	0.23	36.36	60.00	60.00	60.00	8	3443	14	3	2	2
20111209_health.gansudaily.com.cn_b4a2b4f9fb57b14640abc255cec98ec7181910d192a09f395381ba5b	6.33	3.36	55.56	88.24	100.00	78.95	30	864	24	15	0	4
20120112_world.huanqiu.com_4fe7de24e1aa854c60d16002f0f300ac9ea3e841f524ecf76c494884	1.16	0.59	33.33	35.71	25.00	62.50	10	1682	20	5	15	3
20120117_www.bcc.com.tw_1adf7f2fd9d20102a2abfe045d6bc4bc2890a43554caea3b81ab0787	0.86	0.44	14.29	0.00	0.00	0.00	3	674	18	0	0	5
20120112_tech.hexun.com_231edef93acd0248eb06acf775ef87ab5c3d35a4ab5ba14b356a71d7	1.07	0.54	39.13	54.55	42.86	75.00	9	1656	14	6	8	2
20120112_tech.ifeng.com_09424b1981850aa5874a0a55ca065ff09e5040330d414f6f1ef816bf	1.46	0.74	67.24	49.44	32.84	100.00	39	5232	19	22	45	0
20120117_jiangxi.jxnews.com.cn_751d65a6c83df16f9e746344b3746a59579f6e3c402a9e783d472c83	1.65	0.84	46.34	92.86	100.00	86.67	19	2248	22	13	0	2
20120112_economy.caixun.com_7f99d65e9adbb8080db17e47a1c10d424d5484a86b17fad5c4662cb7	1.73	0.88	41.67	81.48	73.33	91.67	15	1682	21	11	4	1
20120117_big5.xinhuanet.com_cffc5fc21749735fd1057d7ba462c92d432b4b1a0b77ae24af739d78	0.62	0.31	41.38	84.21	88.89	80.00	12	3833	17	8	1	2
20120117_tech.southcn.com_d7a2be41a68936577adac81d23f51dfa0c7de5cc8c5a4b6b793638b9	1.13	0.57	54.55	72.73	80.00	66.67	12	2083	10	4	1	2
20120117_news.sznews.com_4e8043185f3957ad40a7e1c1e138e25e079997b8c0851214d3dcef10	2.56	1.31	52.17	50.00	100.00	33.33	12	901	11	1	0	2
20120117_news.zol.com.cn_55b9a9468b63ee326f20ef18684864c4bd7f8cc5ecb25c4fee6af478	4.43	2.33	42.86	25.00	50.00	16.67	18	753	24	1	1	5
20120112_stock.caijing.com.cn_b3cde78193e760df33f1f9854d7d9a58d8cb691bb0e954357c6471ed	0.10	0.05	3.85	0.00	0.00	0.00	1	2036	25	0	7	8
20111209_www.cnstock.com_4d57ba998dd48bc7aadfc3eba1cd5f0527c436e9e20f020d208858cb	1.76	0.90	50.00	80.00	66.67	100.00	9	994	9	4	2	0
20120112_finance.qianlong.com_c4af251ce5239b5a8f0b97482cf14ff0b43c6e7f4e79bc5a3c05f1a6	2.72	1.42	32.14	0.00	0.00	0.00	27	1874	57	0	22	25
20111209_www.northnews.cn_6d7157bb05c044fdf69969f5642639279ae52011260b30030242959c	1.16	0.59	47.62	23.81	13.51	100.00	10	1696	11	5	32	0
20120112_news.sina.com.hk_5d903fe6b11fe2ff4c202763cd7f7b4204c90413b970e18db2c44cdf	0.56	0.28	37.50	66.67	50.00	100.00	6	2124	10	3	3	0
20120112_www.nownews.com_bc1bd14d807d8cd9400833fab9f4353de5affae799096d1764c77f47	0.59	0.30	28.57	25.00	28.57	22.22	8	2681	20	2	5	7
20111209_china.newssc.org_bb91803c879e0a146538fb1b6b079f8fdca25df183232451a9bd80dc	8.81	4.69	71.83	96.15	100.00	92.59	51	1036	20	25	0	2
20120112_collection.sina.com.cn_03adbcbf326ce5719cc2e580c846b1e241266711ecdde3b8996488ff	1.36	0.69	50.00	88.89	100.00	80.00	15	2163	15	8	0	2
20120112_life.chinatimes.com_573cd3fd8488fd31e9ed6e8fc96baf075e34cb230dd81ae539a3dc19	2.41	1.24	42.31	58.82	50.00	71.43	11	877	15	5	5	2
20120112_tech.xinmin.cn_3d25465f6d11ad836b4d7b758d4a4cec2e21242459f86dee8513c3d1	0.73	0.37	51.72	54.55	37.50	100.00	15	4090	14	9	15	0
20120112_www.chinanews.com_71032e2b0e0e3725fe0ccb8f8291dcb16fa857d7cc55a2051cf1bfb3	2.35	1.20	64.86	92.31	100.00	85.71	24	1984	13	12	0	2
20111209_economy.caixun.com_61cdc75b74d7e62c67f6faaad2358df69f4181058fd11bfb5731fbc6	0.76	0.40	8.33	15.38	100.00	8.33	3	752	33	1	0	11
20120117_www.uho.com.tw_193667c6b6dad84cf5715ae7c05f66934fce45abc074b83b72abd4fd	0.42	0.21	29.41	75.00	100.00	60.00	5	2365	12	3	0	2
20120117_life.chinatimes.com_20018caa23570dc26c974e083d189bf664b6ceb36399df5528f9053f	4.91	2.57	54.29	76.19	66.67	88.89	19	720	16	8	4	1
20120117_go.rss.sina.com.cn_c40fba71784df419d444374400da23b694abdbeba3bd83e7a0ee7e31	0.36	0.18	33.33	20.00	16.67	25.00	6	3320	12	1	5	3
20120112_scitech.people.com.cn_a847bc0018ca7dace04537569f26bfb5d1541212c3fcc5ee4413cf6a	0.74	0.38	22.22	66.67	100.00	50.00	6	1586	21	4	0	4
20120117_life.chinatimes.com_644b74abd8e2eff01dea16d9dc987b5ed3b5bf45013c359aa52df2a7	3.21	1.66	46.88	66.67	58.33	77.78	15	889	17	7	5	2
20120117_news.cnyes.com_2db0d93e96d90ddb1b1238032fe326cca2807410ba42bb6ea6417b58	0.74	0.37	55.56	50.00	36.84	77.78	15	4000	12	7	12	2
20120112_big5.xinhuanet.com_702859ad6bf0a69bdfff5c3117290986e4c73027706ee2f1c7eaa2fb	1.46	0.76	20.59	0.00	0.00	0.00	7	917	27	0	6	8
20120112_www.chinanews.com_0d42564bf0e1f05cd8f867ce4d5c8eeb7efb50a1814840d3e4f53f86	1.40	0.71	56.00	85.71	100.00	75.00	14	1955	11	6	0	2
20120117_www.nownews.com_4c19f342c4b5e1bec4b471dbe45ae17290caf0a96e00a34ae3a87d8f	0.91	0.46	38.71	82.35	100.00	70.00	12	2598	19	7	0	3
20120117_finance.qq.com_445b422fb229f096cd52dfd1aaccfbd80b667fa213cff0a45a980121	0.14	0.07	23.53	25.00	25.00	25.00	4	5858	13	1	3	3
20111215_news.163.com_634ff7bfbf47a37fd55afa0aa6594ff1dd6af6e50f3dda71c2e7f7ea	0.25	0.12	41.18	44.44	40.00	50.00	7	5614	10	2	3	2
20120112_news.qq.com_7187e5e8ebf46651e2b9f14d9ebaa6fd95b863fc72bf34f9ccf27de5	0.21	0.11	26.92	66.67	100.00	50.00	7	6577	19	4	0	4
20111215_sports.people.com.cn_3d1672665c9c9ccb6c358cfe0a31d6c9715478ad3b717c6489e1a301	0.69	0.35	17.14	50.00	100.00	33.33	6	1703	29	4	0	8
20120112_udn.com_ddb412eba81e24176c36777e9c88dbe3f19360bb49a1e4e0eed7ae1b	0.39	0.19	17.95	9.52	11.11	8.33	7	3584	32	1	8	11
20120112_news.sina.com.tw_47ba97ae364f70cd1f160b3ac3f4e56ce0280891459d93c21f389ecf	2.05	1.04	64.29	58.33	46.67	77.78	18	1708	10	7	8	2
20120117_news.xinmin.cn_9ceb3bd584b4ca824a4260fc341981e514ea86b7998a45704fcb7ec1	1.18	0.60	70.59	61.54	44.44	100.00	24	4002	10	12	15	0
20120112_big5.xinhuanet.com_28822805df60a88e4f7fea9bd8eb6ac872ea6fc8a1bc3292815b7aef	0.99	0.50	65.38	80.00	85.71	75.00	17	3395	9	6	1	2
20120112_mag.udn.com_942deb63b7b6a47114f706960db7f2185d75dbea40451a5de26b882c	0.06	0.03	5.00	0.00	0.00	0.00	1	3318	19	0	7	5
20111209_finance.huanqiu.com_4a4563251d29e0fb793c562a5cccf947c4b26a8b5537c7877dfd1dc3	1.69	0.86	52.00	41.38	28.57	75.00	13	1498	12	6	15	2
20120117_news.chinatimes.com_441bb75958d83ac50592f10d74f9ffe6cec666b944738f32a67e3177	3.07	1.58	48.00	50.00	40.00	66.67	12	746	13	4	6	2
20120117_opinion.xinmin.cn_b41f51e1699a2f2dfb3263e7186acad56a54050a727892f7dda4a15a	0.91	0.46	73.08	52.94	36.00	100.00	19	4116	7	9	16	0
20120112_www.uho.com.tw_4ff841a922d4400a718c51078f658d11ea542a468d15539ef4b7afc9	0.50	0.25	35.29	100.00	100.00	100.00	6	2369	11	5	0	0
20120117_life.chinatimes.com_f0be4c6348ef44ecc27be106d40f9ae9852fe7787cb2c507c1992342	2.98	1.54	51.85	66.67	54.55	85.71	14	898	13	6	5	1
20120117_www.google.com_7714f0380b251f633643eb1c3a695affc578e6248d29cd076109c3f0	9.24	4.95	68.75	88.89	100.00	80.00	22	422	10	8	0	2
20120112_news.163.com_423dcc6f1890ea97207f595d3bef884f4cadab6ab9d9b59b4de51503	0.76	0.38	64.29	66.67	62.50	71.43	18	4712	10	5	3	2
20120117_big5.xinhuanet.com_6b134d37a1efd0307394a6ddb519b6802a33cfbdb0384e4d94bec07a	1.03	0.54	11.32	0.00	0.00	0.00	6	1102	47	0	13	15
20120117_big5.xinhuanet.com_98c2623199ad80aa98fb1304f7ab1466c76791d19d538611826722fd	2.11	1.09	32.76	51.35	95.00	35.19	38	3452	78	19	1	35
20120117_news.163.com_6683566a8a715e40fcaf4fd3724fdec9be9bb591dbfb19f99c2794a0	0.38	0.19	50.00	54.55	42.86	75.00	9	4766	9	3	4	1
20111209_china.huanqiu.com_1a3c15007326d6345369af9fdc8eeba42081db2adf4fd22b1cc48ad5	0.89	0.45	30.43	33.33	22.22	66.67	7	1542	16	4	14	2
20120112_caicai98.tom.com_9db27db386bacbbd583df2fb224d14dd6ad0efb97c1173c4aa1364e9	2.76	1.49	18.03	45.16	100.00	29.17	11	726	50	7	0	17
20120117_www.ttv.com.tw_cb231cb6f6db1271a5f66aa008f84aaff22148d7ca6bbaab2ef49725	0.66	0.33	45.83	0.00	0.00	0.00	11	3296	13	0	1	3
20120112_www.uho.com.tw_1098a52efc2bec3700f7398b558346a672f7c67cb542143856a705d8	0.59	0.30	33.33	83.33	100.00	71.43	7	2365	14	5	0	2
20120112_hn.rednet.cn_a74ac5a036bb33f3b19664fdf309300cce611e25bc6e34d456b326ef	0.96	0.50	10.71	0.00	0.00	0.00	3	593	25	0	5	7
20120112_qy.gansudaily.com.cn_b0e63f3f6a1c5048ed2e4dd54df1064dc8251de07d7125c6a814797f	9.60	5.10	81.82	97.14	100.00	94.44	36	670	8	17	0	1
20120117_news.sina.com.hk_ce85f208a65c745a73a15f8be1662e52f3664e1d21ac51e0f758fd8c	1.00	0.51	40.74	61.54	66.67	57.14	11	2153	16	4	2	3
20120117_finance.ifeng.com_4310b3265d50be19b94e7d33b6e9fdec832e6ed8bc0e03ee314d2bf1	0.36	0.18	55.00	18.18	10.00	100.00	11	6166	9	5	45	0
20120117_kuaixun.stcn.com_e171c405a53272cc5ce2cf64d04f5dddc8c820eaa4741a0d6edb121f	3.36	1.72	62.86	85.71	100.00	75.00	22	1254	13	9	0	3
20120112_www.uho.com.tw_4a1dec4063a44b31257fc298a0eda039272d5c2bcbfb25d118ca2b9d	0.84	0.42	45.45	83.33	100.00	71.43	10	2359	12	5	0	2
20120112_nd.fjsen.com_56ddc4bcc3576b5fbed8a13a1032a2996658ab7ae49d7228ce4e9eea	1.05	0.54	17.14	30.77	100.00	18.18	6	1100	29	2	0	9
20120112_xw.baixingjd.com_1b084b21108a6197246f8828c5c5f6290ddbbe78c6baeee0bc2b9c72	7.10	3.77	61.54	67.69	53.66	91.67	40	1022	25	22	19	2
20120117_ent.qq.com_499d3cc481c433bd99f321bd063476be6f33b1237c9a7d6bf05853c9	0.14	0.07	19.35	53.33	100.00	36.36	6	8791	25	4	0	7
20111215_ent.xinmin.cn_1cd6050e9f77f3314a3f98deeabc518c80418a2de36b12044ad4f6b2	0.29	0.15	40.00	28.57	16.67	100.00	6	4047	9	3	15	0
20120117_life.chinatimes.com_a8681d0dabbdf768413103efe7c911342b7f8fb928cb0839b6affa7c	2.93	1.51	50.00	50.00	38.46	71.43	14	914	14	5	8	2
20120117_news.sina.com.cn_6a8048c439cb1aef53909a39d207aa8b359cdac657260385da57c2e6	1.88	0.95	79.55	84.21	80.00	88.89	35	3654	9	16	4	2
20111215_finance.ifeng.com_ee2528b86e102e1bb26c614aa3f4864d0839736820165d31c3b9ca62	0.21	0.10	40.00	12.24	6.52	100.00	6	5711	9	3	43	0
20120117_news.163.com_300ad2e8125f507a72224340a21c1d685526143de29ae9d8707f966c	0.04	0.02	4.35	0.00	0.00	0.00	1	5040	22	0	4	7
20120117_news.sina.com.tw_7c24ea1f4271c89d52c4b2eb9d391596942e0627a1fd7f660f7cdd51	1.84	0.93	61.54	44.44	33.33	66.67	16	1697	10	4	8	2
20120112_taiwan.huanqiu.com_ced409ff55b7c2a6cbecf1bba333bcc06214c90e2555d26cac4d3d8a	1.28	0.65	40.00	41.67	27.78	83.33	10	1525	15	5	13	1
20120117_news.sohu.com_71b0d2b363838a6477905ac1b9c0292065a1491d6a5b87276480f325	0.57	0.29	47.06	78.79	65.00	100.00	16	5524	18	13	7	0
20111215_finance.ifeng.com_7d04f1d2e8c9b8fbbb881f9a1ddc87c70f62f7447519c98c8237cc37	0.72	0.36	27.63	48.00	40.00	60.00	21	5755	55	18	27	12
20120112_www.rthk.org.hk_3fa6ba24ddf21038c806243d9250f7dd65e956c44bb0d66b38df515f	29.36	17.61	88.19	33.33	50.00	25.00	112	524	15	1	1	3
20120117_news.sina.com.hk_9991c167586e783988fe63566bea957ed525434f3dce3db6ef1906c0	0.76	0.39	10.47	27.27	100.00	15.79	9	2286	77	6	0	32
20120112_news-hzrb.hangzhou.com.cn_2718a32fa63a93254cd7bdf9abaf1ba2d7efef50de79d58230fca45e	1.06	0.53	57.58	38.60	24.44	91.67	19	3547	14	11	34	1
20120112_www.jfdaily.com_f40aa67c767b23182efd033042919b7070cbcf942925fac6db90f7f2	0.68	0.35	17.14	0.00	0.00	0.00	6	1720	29	0	0	10
20120112_big5.chinabroadcast.cn_d17554b6c2b18170b7efdf3c9763b9fd2653ce11801431d1a36d1616	0.91	0.46	27.50	0.00	0.00	0.00	11	2360	29	0	11	10
20120112_udn.com_fb74df5a62b4e056ba2d21248bd592d4d42a86cde5e55f7c9c4235fb	0.29	0.14	25.00	50.00	66.67	40.00	5	3450	15	2	1	3
20120112_t.cntv.cn_6b23666e15d96eef23f0ae8456a7c25e86a1a3f3a9a18d300b73eaa6	1.57	0.80	38.46	26.67	15.38	100.00	5	620	8	2	11	0
20120112_tw.nextmedia.com_0325774ab83ee2346d2c02e051bab3380c0a2457a528b50d9231cba7	1.43	0.74	20.00	7.41	25.00	4.35	14	1870	56	1	3	22
20120117_news.xinhuanet.com_0bf8ad24afbb0f472aa167f14f9e54dbbb39afeca0e08ad4e9fffe4b	2.60	1.32	81.03	95.00	100.00	90.48	47	3507	11	19	0	2
20120117_news.enorth.com.cn_6ee7f983f05db784a462d56145f367a4bb5f6f7eafc97b770d311aae	1.42	0.72	55.56	80.00	85.71	75.00	15	2068	12	6	1	2
20120112_life.chinatimes.com_f2b03064413fb3f29ec544284a4c37e176b9779b924a3eb0e7f9bbc8	4.34	2.26	53.12	54.55	42.86	75.00	17	735	15	6	8	2
20120117_big5.xinhuanet.com_f5374f5f3558e312499e2d566889a4ce37bf85d7dc4c5883503aa5fd	1.41	0.74	12.73	0.00	0.00	0.00	7	933	48	0	14	15
20120112_iservice.libertytimes.com.tw_1d19345493551784a2a545a98143ad993978b561330caeb20f0a6c65	2.17	1.16	18.18	0.00	0.00	0.00	4	342	18	0	0	6
20120117_finance.qq.com_260568c255fdb20b4f0f17f9b5e812591ddccc2cafdc2fcc013d62db	0.20	0.10	28.57	80.00	100.00	66.67	6	5849	15	4	0	2
20120117_www.cnwnews.com_6e9c8a6ddd6a34dde0cfe01bba63d2b9ce126a0458783549570a94ff	2.86	1.47	53.85	71.43	71.43	71.43	14	940	12	5	2	2
20120117_iservice.libertytimes.com.tw_fd9a7a9a17524b4a448abf58f786aaeab64b0db47ceb9e75b14662aa	1.65	0.88	14.29	0.00	0.00	0.00	3	339	18	0	0	6
20120117_life.chinatimes.com_adc607deb576b46bf665951c973f4cb12efedb5affa9a8b0ed5d2e1b	3.73	1.93	52.94	60.87	50.00	77.78	18	913	16	7	7	2
20120112_tw.nextmedia.com_29e421c116f30e792e026307f51b9edad9528edafd87b290d0274d39	0.68	0.35	23.08	72.73	100.00	57.14	6	1729	20	4	0	3
20120112_news.sina.com.hk_61c22616d643454ee46af79eb6feff8de6a9a4f5c965129bf7e2c7b9	1.09	0.55	41.38	45.45	35.71	62.50	12	2164	17	5	9	3
20111215_news.sznews.com_665c65550e50d3160d0f99a19a870b354d409f8d8fa78d8e4cf3b18b	1.75	0.90	27.59	22.22	100.00	12.50	8	877	21	1	0	7
20120112_sports.163.com_f5f6edfa4f16d8e7a88c191c86ec99f253eb43d169d3633ebb4e71c2	0.93	0.47	59.57	50.98	37.14	81.25	28	5919	19	13	22	3
20120112_news.hexun.com_fa183956e8d619ed3a371634cc06e0609927cc3456a272a071f45ac4	0.93	0.47	35.48	76.19	72.73	80.00	11	2316	20	8	3	2
20120117_udn.com_7d22e82f0dbbcbdf642725ba5ec289c39418f60d5c123c28f6298e61	0.23	0.12	36.36	80.00	66.67	100.00	4	3438	7	2	1	0
20120112_www.nownews.com_0c2832265b4c9990bcc1f9f12e94255e1f8d13e1dae64663a668a6ff	0.80	0.41	31.43	55.56	71.43	45.45	11	2705	24	5	2	6
20120117_news.gxnews.com.cn_557ec750d00913f6aff0bcc9ec0ac885ecc095d1eb663cc8fb3168f3	2.18	1.11	58.06	87.50	100.00	77.78	18	1601	13	7	0	2
20120117_www.uho.com.tw_8e1bf0b010cf550e76e89ad1c65a2cbb2df903d47059f5628a66c902	0.50	0.25	31.58	33.33	50.00	25.00	6	2363	13	1	1	3
20120117_news.sina.com.tw_775530076d9434f5dc3ccdf1c2cd82631bc11945a7b954e4ec0c1970	0.87	0.44	32.00	66.67	62.50	71.43	8	1805	17	5	3	2
20120112_big5.xinhuanet.com_5584e3ab8837cc2d75d9325758de4c43c98ef03ac3ba525d2537d08f	0.68	0.34	59.09	76.92	83.33	71.43	13	3811	9	5	1	2
20120112_she.21cn.com_fe4eb44b6fdfce19f998a1cc14ff55371153c3f0b44b3c80a9b3f8bc	2.05	1.04	60.61	80.00	76.92	83.33	20	1900	13	10	3	2
20120112_www.uho.com.tw_a6e901f3ccc667ea6026c3946bb9b4cc2bc10bc4c3aeb48b67dbcdef	0.42	0.21	29.41	75.00	100.00	60.00	5	2359	12	3	0	2
20120117_news.sina.com.cn_4d78576145fc3459c5c760665f5413f1ed72a0a537d1ab4308aaef75	1.95	0.99	82.22	66.67	53.33	88.89	37	3713	8	8	7	1
20120117_big5.xinhuanet.com_2c2fb8d2e9a862f7dceccbfec8c756c8e53058e5557107298ec1d4d1	0.70	0.36	19.18	30.77	85.71	18.75	14	3897	59	6	1	26
20120117_news.163.com_d3112a324723bcc03f7bec52d5e53c3dab4dadb8f36aad32b1612fbd	0.70	0.35	22.67	37.84	87.50	24.14	17	4794	58	7	1	22
20120112_www.uho.com.tw_ab1276d228c7ad9e99da0b3d13f967e8bd3d4cdb99c945a8068d57cf	0.59	0.30	41.18	75.00	100.00	60.00	7	2358	10	3	0	2
20120117_digital.sina.com.hk_d58be09cd51f01199937278c7301fe362a58d5408a160e28d2a12646	2.95	1.50	80.85	60.00	50.00	75.00	38	2492	9	6	6	2
20120117_chinese.medicaldaily.com_0f446819acec6a23ca968d7a7947db13135cf9a27f98a573cb6cc57d	0.20	0.10	4.17	0.00	0.00	0.00	1	955	23	0	5	7
20120112_www.chinadaily.com.cn_a6404cb46631f3114342cf74d11451648540f08c114f7d4ad7f77be9	19.85	11.50	72.50	96.64	97.30	96.00	116	893	44	72	2	3
20120117_udr.chinatimes.com_ac0a77b9d7e6a46bdf448753b26bee24f61e4ad7f38eb5ab3ff4db58	4.23	2.18	72.50	94.74	100.00	90.00	29	1302	11	9	0	1
20120117_big5.soundofhope.org_ef3857eced591d92246d03d63f780a456d36c2550eb462531fae353c	1.03	0.53	30.43	54.55	60.00	50.00	7	1326	16	3	2	3
20120112_tech.sina.com.cn_e2bf9cedc479cba9756647e582bcc76c644d487478698a7317aac016	3.24	1.65	83.33	77.42	64.86	96.00	65	3874	13	24	13	1
20111209_entertainment.dbw.cn_8fa5bdab49279054df3545634ea584e90ce02a9639ff58106cb9f2ca	0.68	0.34	40.74	71.43	71.43	71.43	11	3180	16	5	2	2
20120117_news.sina.com.tw_314ab855cf4425d1ac968aa711206af7bd9bd04117ed184e4328463b	0.50	0.25	21.74	14.29	12.50	16.67	5	1968	18	1	7	5
20120112_www.chinanews.com_18767c5838f6b170dafaea3cfb06386585f28dd2206542e329630503	1.81	0.92	60.00	88.89	100.00	80.00	18	1939	12	8	0	2
20111215_news.163.com_be39e43bfc00972faf58aaa02c4f652b6540e14bcabf53d55f5c6227	0.28	0.14	42.11	44.44	40.00	50.00	8	5593	11	2	3	2
20120112_udn.com_33554e0a5a336d4826c34ab169ab18c7270b96bdd917d51981201243	0.29	0.14	26.32	44.44	50.00	40.00	5	3449	14	2	2	3
20120117_udn.com_324143b9afb5267398990731f2b42a9ec644579e81e2723a47bcbcda	0.27	0.14	20.00	44.44	66.67	33.33	5	3642	20	2	1	4
20120117_tech.sina.com.cn_6e87a74d529396125ddc762bc507b933bdd0c5105f79987823ecba21	0.80	0.40	61.54	58.33	46.67	77.78	16	3981	10	7	8	2
20120117_n.yam.com_f0b07bc7f9eadb005eb2ffc3b0a8f46eed6651b304b5f5a82bffc5bf	0.64	0.32	45.00	54.55	50.00	60.00	9	2766	11	3	3	2
20120112_news.nen.com.cn_a94a3937aff804851d251ace9f067ff0de5cb44a4eba3d13a788cd20	0.87	0.44	23.53	0.00	0.00	0.00	8	1804	26	0	4	8
20120112_member.nownews.com_9bff5ff13f74a1c27c48a85959e71238f5904b846dfbb775edf7de78	0.69	0.35	33.33	47.06	57.14	40.00	10	2850	20	4	3	6
20111209_news.xinhuanet.com_2cde90ef0eb59736062411a8eb78b772a0aa6b60eb06d0cbd6bb0f32	0.66	0.33	52.00	60.00	75.00	50.00	13	3925	12	3	1	3
20120112_www.bcc.com.tw_ae852d2e26054a082748579cc114cf2522304746d8f4ad481fd0bf08	1.43	0.74	20.00	0.00	0.00	0.00	5	671	20	0	0	6
20120112_news.xinhuanet.com_837cbc235780ca5add4abd2b058ac13303187b5d326f95609d9564c3	5.76	3.08	45.59	95.45	100.00	91.30	31	977	37	21	0	2
20120112_hk.news.yahoo.com_46c8f3836fbaf68c82325edae096d12f37a6423974c59ec4b63f6ac1	0.72	0.36	43.48	66.67	50.00	100.00	10	2753	13	7	7	0
20120112_tw.nextmedia.com_bd0f48b98a8263bc8a10e1549c2084270e050ec9b24957ae3d762173	0.57	0.29	13.51	0.00	0.00	0.00	5	1725	32	0	4	8
20120112_ent.newssc.org_1d9c93f4f9836d160e4c33b6836b40caba1a3dfb00c6eb5961cf7907	5.36	2.78	75.56	86.67	86.67	86.67	34	1189	11	13	2	2
20120117_www.chinanews.com_827420b264cbf97b94be529b699e91847f495a478b68e8112d642670	1.44	0.73	57.69	54.55	42.86	75.00	15	2039	11	6	8	2
20120112_www.chinareviewnews.com_8274e9ccd1eb2b59aafac6fa530126b4d00065d5e6b925a4e2ddce49	0.39	0.21	2.94	0.00	0.00	0.00	1	484	33	0	0	9
20120117_news.chinatimes.com_c537e4c0c509e59740846a095b68fb82ec72cd637650eeec792cfc1d	4.94	2.58	55.26	42.11	28.57	80.00	21	792	17	8	20	2
20120117_www.rthk.org.hk_759b2539f69b42beee6bbfd7f5be90674f70dc5ba2e33c7dd8435b26	36.14	22.58	90.56	66.67	100.00	50.00	163	559	17	3	0	3
20120117_www.info.gov.hk_a73df9451f7379846888b850e59c98ac882841da8dad078d971b2e9d	3.92	2.21	17.24	30.77	100.00	18.18	5	221	24	2	0	9
20120117_news.sina.com.hk_00a7714e472a3934246059e19084581fbd2c234828311ed7174948d4	0.53	0.27	10.71	21.43	60.00	13.04	6	2195	50	3	2	20
20120117_udn.com_6ae7f1bf7a111bc65f38c474117aba09cf35d3318e6a76302096a1f9	0.31	0.16	38.46	85.71	75.00	100.00	5	3195	8	3	1	0
20120117_news.pts.org.tw_9c1ca2e19c056671c36d88c0abcffff6a4852595718c9cf99b40b099	1.39	0.71	32.14	0.00	0.00	0.00	9	1254	19	0	0	7
20120117_www.chinanews.com_fa5f49ddf2a5dfc59db6d0b7cb9993d36e9fd25a95ca996db629dc57	1.14	0.58	54.55	44.44	33.33	66.67	12	2074	10	4	8	2
20111209_www.chinanews.com_c33212fef73852f32ce70eecbf6d1082f0704f6999ab1284e9713049	0.54	0.27	33.33	66.67	100.00	50.00	8	2916	16	3	0	3
20111209_www.jjckb.cn_809057d35be62051c6ef1809e0074d58c5103d12311d6dd262b627f3	1.93	1.01	24.14	0.00	0.00	0.00	7	689	22	0	0	8
20120117_finance.ifeng.com_973184e40ce00aa1aebf62f752d3feff2d1a0d1eb7a3615213edb345	1.62	0.82	83.61	50.55	33.82	100.00	51	6181	10	23	45	0
20120112_www.rthk.org.hk_1d0f07542811e6c4acff6729aa98dfceb74433676bdbe28f45e120c4	38.77	24.69	90.18	0.00	0.00	0.00	202	616	22	0	7	5
20120117_www.rthk.org.hk_33ab20898cb0ae8757794a9daf9b75f0a22e01f72657b03d61593f4e	41.70	26.95	92.16	0.00	0.00	0.00	235	637	20	0	3	6
20120117_news.sina.com.tw_71c27ff5fc7556b3e9ef1eaeb6c89cefe691960e7f5da2c9e9561000	7.73	4.05	86.21	87.80	81.82	94.74	75	1778	12	36	8	2
20120112_news.sina.com.tw_a93cb0df09f78a2fdc8ab8e09275bb397f35103a5d516b989b79633f	1.00	0.50	40.91	25.00	18.18	40.00	9	1777	13	2	9	3
20120112_big5.xinhuanet.com_69906130d31fd7f86a699304b77148ac6439bc1f974bec6d7613d609	1.75	0.91	21.28	0.00	0.00	0.00	10	1086	37	0	10	11
20111215_www.legaldaily.com.cn_69bd3a917f9bdd84ae8ec85a2ed8c7cf5fffcad2b76e59423922d6f5	4.37	2.25	75.44	95.45	100.00	91.30	43	1866	14	21	0	2
20120112_udn.com_effeaf198a54aa7965cdb2c92d02c8070e2aab996bb16d6e84965118	0.34	0.17	20.69	8.00	6.25	11.11	6	3547	23	1	15	8
20120112_life.chinatimes.com_0148a12fbfcffbd8d771db826b6af164de5dc687acd71d624aa4842a	2.11	1.08	40.00	66.67	54.55	85.71	10	913	15	6	5	1
20120117_society.huanqiu.com_bc66fe6937721f23f8fc1d57e7c77e118339bd5a120df66987053553	1.31	0.66	43.48	38.46	26.32	71.43	10	1494	13	5	14	2
20120117_www.uho.com.tw_0639020b3d2e9af949978be2d7e737c007a0d1162131e64ebbabf7ee	0.50	0.25	27.27	20.00	20.00	20.00	6	2376	16	1	4	4
20120112_www.libertytimes.com.tw_4c7bb261254fe02139c605c4de4442f869687028369d86bd684e1ba5	2.51	1.29	46.15	85.71	100.00	75.00	12	920	14	6	0	2
20120112_n.yam.com_f92fdced5e4be2139b8e897c025b35de76fabdb18ac87ac5dd593557	0.82	0.41	39.29	48.28	35.00	77.78	11	2641	17	7	13	2
20120112_industry.caijing.com.cn_92548ce32a4b27815643c3b2d44914094f0ae87d6f0b232595fcd5c6	0.10	0.05	3.85	0.00	0.00	0.00	1	1991	25	0	5	8
20120117_china.huanqiu.com_d2c777d242ace89d839acfe793a33878692328a4796064c8e1e15ab4	3.56	1.84	53.45	63.83	51.72	83.33	31	1651	27	15	14	3
20120117_news.163.com_0882117e03052b98c766bd4e15d2e6aa988aabf88d7fd1f0e1f9738a	0.75	0.38	62.07	76.19	66.67	88.89	18	4779	11	8	4	1
20111215_sports.xinmin.cn_9ab32765396b09f5409700d4aff5ac3bd96909d2a9e79c1fba5883ad	0.64	0.32	59.09	37.04	23.81	83.33	13	4040	9	5	16	1
20120117_n.yam.com_153aa61a85bc1593276f261c3704979326153808634829de701afc4b	0.59	0.30	33.33	41.67	29.41	71.43	8	2658	16	5	12	2
20120112_stocks.caixun.com_17be7dec823cea22fc087950e03b71a2288517df011f26dc1e362510	4.87	2.60	38.21	71.43	100.00	55.56	47	1759	76	15	0	12
20120117_member.nownews.com_da91518f33c9dcc7c7d3a3b2a502aa5945877e098fd55ec1fc05643f	0.63	0.32	31.82	26.67	25.00	28.57	7	2178	15	2	6	5
20120117_news.sina.com.hk_b60b4a19ac1fa1d17c371df7472e42d1d756622ea1a175eed692cd00	0.66	0.33	35.00	60.00	60.00	60.00	7	2108	13	3	2	2
20111215_china.huanqiu.com_a3352f652d9341b71040c08ca26452b2aba1713d07a02b30a4ca435c	1.05	0.53	36.36	26.09	17.65	50.00	8	1499	14	3	14	3
20120112_news.sina.com.tw_3fe60cd97548054df21ce1df8ccc3a71d95b8ce1e32e835e81e9c603	0.88	0.44	33.33	66.67	62.50	71.43	8	1796	16	5	3	2
20111215_finance.21cn.com_72492fd2416003138515bf1b35a2ca68beb6acacad5d32e8d60c6099	0.49	0.25	25.00	30.77	22.22	50.00	4	1623	12	2	7	2
20120112_finance.ifeng.com_e3e6688c1292a48438cee7d7a34fc6e01f442b6c78c14025fc412c03	0.26	0.13	47.06	15.09	8.16	100.00	8	6162	9	4	45	0
20120117_www.chinanews.com_f8eed4bedbc707cab2fe2d6714584d20d152a65baa8c45ece84a0e47	1.91	0.97	62.50	61.54	50.00	80.00	20	2047	12	8	8	2
20120112_www.rthk.org.hk_bf78a78db3d2d312349005b14c3c87b311ad0a976bd9002dc7b7f5e9	31.09	19.01	85.23	0.00	0.00	0.00	127	541	22	0	2	5
20120117_news.sina.com.hk_e96aad2b52dc3cf359b0049ed030ef564f7c51776b9e6ebd577aaf00	0.36	0.18	25.00	13.33	11.11	16.67	5	2732	15	1	8	5
20120117_www.winandmac.com_6096fd61610c8bd5f2ffa671489d1ae524cb4e24d961344266d19581	3.09	1.60	45.95	44.44	36.36	57.14	17	1047	20	4	7	3
20120112_news.chinatimes.com_ed7743675e4bd1dc79f05b251c3a15f87958d281604c63cc9d579c08	2.41	1.24	43.33	80.00	85.71	75.00	13	1038	17	6	1	2
20120112_news.xinmin.cn_a53cab479e553d746ee031a5d874e46ef1232886022643910a4fbc98	0.45	0.23	52.94	34.78	21.05	100.00	9	3990	8	4	15	0
20111209_finance.ifeng.com_ee015223b5a354efa9a52ca00f0482e8b0f3cff28e4435fb8b74075f	0.35	0.18	43.48	11.32	6.38	50.00	10	5702	13	3	44	3
20120112_tech.sina.com.cn_146a5009d5c95b6295de0134a65ccf1fa0b06579957e54d0694d7485	1.16	0.59	61.54	74.29	65.00	86.67	24	4077	15	13	7	2
20120117_news.jxnews.com.cn_d8ba8999084aa79635fa8cde2cb7a4e9598e98e83da123c7b8e8d144	3.90	2.02	58.73	91.67	91.67	91.67	37	1799	26	22	2	2
20120112_www.bcc.com.tw_b135ef130c1b6ce1e9ea796f6c5c31fc660b7f37fc8d5b4918ff18e3	1.95	1.01	26.92	0.00	0.00	0.00	7	685	19	0	0	6
20120112_big5.xinhuanet.com_3b15b7f406057721838871fb6a127b5f56d2919ae1e20fe93ad06bea	0.42	0.21	10.00	0.00	0.00	0.00	2	938	18	0	0	6
20111215_www.21cbh.com_ab4ae925bcdda1732314dc4d99fcd0a7115d7516a7db76038cbfe6a8	1.81	0.92	65.71	62.50	50.00	83.33	23	2483	12	10	10	2
20111215_www.chinanews.com_5a397f8750f8eea12ad5875fd3310e3f506467f21d410db8d5d1e59b	1.05	0.53	55.56	87.50	100.00	77.78	15	2821	12	7	0	2
20120117_go.rss.sina.com.cn_9e328a74722880866c153b9b8d0ffb55c54534cb0a55bcaa962756f2	0.95	0.48	55.17	66.67	60.00	75.00	16	3328	13	6	4	2
20120117_web.pts.org.tw_2f8947293f33ea7d57721cc2a765e78fbeda048197cea8aa753b5262	0.31	0.16	8.33	0.00	0.00	0.00	2	1284	22	0	0	7
20120117_paper.wenweipo.com_e47d996999e780b9e1f702e30eb7a8090cbf7202527d89ba8b6c7984	0.15	0.07	4.76	0.00	0.00	0.00	1	1343	20	0	0	6
20120112_society.people.com.cn_f96bef8dd8dd83e4e7db554f4e3b1ab4c75e7bfe5bdd672fe588e6d6	0.48	0.24	14.81	15.38	20.00	12.50	4	1640	23	1	4	7
20120112_sh.sina.com.cn_500d5839bd615b23f11654f9800eae2aa3007dd98ac2bb58cc91155b	0.83	0.42	47.62	66.67	75.00	60.00	10	2369	11	3	1	2
20120117_tech.huanqiu.com_9a13ba6b51f6db7ad5fd0eb1e765d9cb673eaae1012a9724a6c075b2	1.62	0.83	37.93	30.77	21.05	57.14	11	1320	18	4	15	3
20120112_hk.stockstar.com_ea996c90b2fc7abd1594d169e5f58eed15430250f995a064cf7bd5f0	6.00	3.14	69.09	87.80	85.71	90.00	38	1173	17	18	3	2
20120117_www.chinanews.com_a91fffbb9064276890163e5a6635c446acda226eb2b4c70c7945d7b6	1.17	0.59	50.00	50.00	38.46	71.43	12	2010	12	5	8	2
20120112_overseas.caijing.com.cn_a7959a724a66aa4c9997998b18eda96fb3170fed4543358332e813a8	0.10	0.05	2.33	0.00	0.00	0.00	1	2026	42	0	13	16
20120112_udn.com_342af737e175ff055fc4e886b5f7b268eb8e120f7669eda3a72a4413	0.61	0.31	50.00	66.67	60.00	75.00	11	3591	11	3	2	1
20120117_udn.com_7b8a37aa35f6669dccf62fe78b9dd9e74c191a4b0700c0a16e225be9	0.28	0.14	17.24	12.50	14.29	11.11	5	3557	24	1	6	8
20120112_finance.huanqiu.com_753bdcca6dc18f7c5320b960ff2d473f6600aef62a5eed3872c32087	0.78	0.39	33.33	30.00	18.75	75.00	6	1515	12	3	13	1
20120117_mil.news.sina.com.cn_29ccce1a9b85d5c1731ddb4207e256632393ebf717dd28b406de3bcc	0.47	0.24	44.44	60.00	60.00	60.00	8	3378	10	3	2	2
20120117_life.chinatimes.com_8a01bbd5e7d9594f79e16c057d7cbbe09cdcfa8a08cc386949cf88b1	1.54	0.78	35.00	46.15	37.50	60.00	7	885	13	3	5	2
20111215_news.ifeng.com_5d3d22d1931a75a38e71fa61a01a484f05d7ff277044135ed275be6f	0.69	0.35	70.00	33.85	20.37	100.00	21	6027	9	11	43	0
20111215_society.people.com.cn_a3f27fa4f6cf875f8d31a1cdbab3eedb48a2d8b6e427dff44e9b5f7b	0.46	0.23	19.05	18.18	20.00	16.67	4	1710	17	1	4	5
20120112_udn.com_bb4aa33edfb58ac14b7346dc6d590191952f272f1777b72f5829a991	0.30	0.15	18.52	15.38	20.00	12.50	5	3269	22	1	4	7
20120112_iservice.libertytimes.com.tw_0f107ba8a3770009b396467af3db198d4cad0c5af95eae06b8476bf6	2.18	1.16	18.18	0.00	0.00	0.00	4	341	18	0	0	6
20111215_news.sina.com.cn_bd3178e4a4feb52e7a282159e577f26e60a3a69f15b5b3138666e738	1.61	0.81	73.81	81.25	76.47	86.67	31	3789	11	13	4	2
20120112_news.hexun.com_3e9a936bbc721ebc707456dff07a5af4ffd11188b4b3d5000cc56db9	1.10	0.56	38.24	56.00	58.33	53.85	13	2326	21	7	5	6
20111215_finance.sina.com.cn_72e244ae284a4d40ac52c926f406812dd72eadc02f12deafd566313d	0.48	0.24	38.10	42.86	37.50	50.00	8	3339	13	3	5	3
20111215_finance.ifeng.com_2ebe785ae70cc924e6d78a61cfb3bbe9e418d8ee1ccfbb9f29585e03	0.38	0.19	47.83	22.64	12.77	100.00	11	5727	12	6	41	0
20120112_www.chinareviewnews.com_c0125aaa65fa2cf1adba344e87534632bb6b92924fbc80df4155519c	0.43	0.23	4.55	0.00	0.00	0.00	1	443	21	0	0	5
20120112_finance.ifeng.com_48b602dcda8a8a6edf2ab84f49bf249b2dbb9175a5306619cc2ac0fb	0.51	0.26	61.54	25.40	14.55	100.00	16	6188	10	8	47	0
20120117_news.cbbn.net_a9bcfb35dbd073372d9dbb5f02c02a7831b6724fb881842cee1dbc10	0.20	0.10	17.39	0.00	0.00	0.00	4	4072	19	0	4	5
20120112_big5.xinhuanet.com_bd86ea16c5a40581dec6eea9b83b9b26c31cadb60caa30f6095f0973	0.67	0.36	4.69	0.00	0.00	0.00	6	1654	122	0	39	38
20111209_www.jmnews.com.cn_836a5cff9afc4bc08470ed278a5313ecd25063f349690f5b7587e10d	0.35	0.19	3.12	0.00	0.00	0.00	4	2147	124	0	1	58
20120117_big5.xinhuanet.com_5f7f9444353f95b6c7518ad991509ade97d04238e499aad869ac29b4	0.36	0.18	35.00	72.73	80.00	66.67	7	3826	13	4	1	2
20120117_biz.caixun.com_e46b253d9da640fe10b2f18e29ba668ab7a914d9d5f9e4d093d492f9	2.06	1.10	17.82	51.72	100.00	34.88	18	1625	83	15	0	28
20120112_gz.city.ifeng.com_5faabba85385732ce21176a59737a212aee171dc95486c8ae6befade	0.35	0.18	34.38	75.00	75.00	75.00	11	6176	21	6	2	2
20120112_udn.com_70202d9eb7946cbfed2a44bfd38c0e94503cfb8198d97aabd5f331fe	0.29	0.14	26.32	33.33	50.00	25.00	5	3449	14	1	1	3
20111215_news.21cn.com_e4a6beeca1324dd8e853a96e74e8f6078839ebeed10de8a77ced7f7f	0.33	0.17	23.53	33.33	25.00	50.00	4	2387	13	2	6	2
20120117_news.sina.com.tw_b08eb50adfa2a38385c59530a682e8240f9cc41d6abe821bb4cc0d55	0.66	0.33	20.69	11.76	12.50	11.11	6	1787	23	1	7	8
20120117_finance.ifeng.com_386f66390ee01316f741ebe4543a73a6577606c8a00ddf55bac98b32	0.32	0.16	45.45	14.29	8.00	66.67	10	6168	12	4	46	2
20120117_forex.stockstar.com_e1e7aacd608484bdc815aa4366f24bf40d84f35a91150765ec9e8a9c	1.89	0.96	55.81	85.71	90.00	81.82	24	2478	19	9	1	2
20120117_digital.sina.com.hk_1df37807f0775706ffaa5c7b5eaadcc0962f3e67c2dc81470726ae0e	3.10	1.58	81.48	63.16	54.55	75.00	44	2744	10	6	5	2
20120112_big5.xinhuanet.com_4b5e6093c823955f949c53fe36a955fa50430bd1fd663e1282d19712	1.75	0.89	50.82	77.27	94.44	65.38	31	3446	30	17	1	9
20120112_www.northnews.cn_4d6498d17ea6776c3c041f724f7b6d94afb1dbac1dc2d6ce8d7fb622	1.76	0.90	50.00	47.06	30.77	100.00	16	1770	16	12	27	0
20120112_go.rss.sina.com.cn_24ddac9a1bfef9be8eafccf633693a7180fec542d76c4bc5971c7aac	0.54	0.27	37.50	57.14	57.14	57.14	9	3316	15	4	3	3
20120112_news.sina.com.tw_f607170bdf5349c339bbdd6f0bea41e4d20a1cfa5e2c5b4cc8f16aa0	1.14	0.58	35.71	77.78	77.78	77.78	10	1716	18	7	2	2
20120112_life.chinatimes.com_b1c2bc1336c0d3e26111481b968a74d9fa660cd9baabde79592b2741	2.39	1.23	42.31	58.82	50.00	71.43	11	883	15	5	5	2
20120112_www.nownews.com_8f2e4fb1cab5d1c4a13d026fb497f69cb8d6e32bd6fcf4c80fe4588d	0.66	0.33	32.14	37.50	42.86	33.33	9	2703	19	3	4	6
20120117_www.northnews.cn_1e4b87745be2353d3ce97a3a676ff9f337516ade647419ebce48c466	1.43	0.73	39.39	35.56	22.22	88.89	13	1769	20	8	28	1
20120112_news.qq.com_d62600bd16c4754fc47829b7da1e38b868f06cf3a897e14dae2b08a8	0.21	0.10	14.58	36.36	100.00	22.22	7	6667	41	4	0	14
20120112_life.caixun.com_6af116fbdd9c0872367f466773fbb3d070fb51c6ec6178ff9ea8cdb8	0.95	0.48	28.57	38.46	26.32	71.43	8	1654	20	5	14	2
20120112_news.shangdu.com_6c39601ba44884a73584cedc0b1c1d6f83a5bf44c64e025f38892e76	0.67	0.34	10.94	0.00	0.00	0.00	7	2031	57	0	16	20
20120117_china.huanqiu.com_b95510ca596d0af60513e740cb914ebd7f27411e0fde1407b7cbab54	1.57	0.80	50.00	33.33	22.22	66.67	12	1492	12	4	14	2
20120112_finance.ifeng.com_e984685acc19b80005c103b26c17f296c5e0d63a6f86259fa732655e	1.53	0.77	80.00	44.44	28.57	100.00	48	6174	12	18	45	0
20120117_news.sina.com.tw_cdae9ea7d9d69b31c2189a800f96d0ce218b727414c4eaf954be01f4	1.83	0.93	59.26	54.55	42.86	75.00	16	1709	11	6	8	2
20120112_xm.city.ifeng.com_5f671f7411c33595861ba67e4a1522d8881c9f675adc9236c862867e	0.33	0.17	29.63	71.43	71.43	71.43	8	4831	19	5	2	2
20120112_beijing.jinghua.cn_6c89df3d832cd46b1f18a4338bc5dc841bb430c98e8ac05e9affbd5f	0.44	0.22	10.53	6.67	5.26	9.09	4	1795	34	1	18	10
20120112_ent.sina.com.cn_c5a153225f665536f613ad25dc18aecca8b0d00a31c8e22d8f883e00	1.14	0.58	61.11	83.87	76.47	92.86	22	3794	14	13	4	1
20120112_news.dayoo.com_c093de289ad8f3a38e5898ec1aa75c421ee6df4982f1184468aa81a8	1.02	0.52	66.67	26.42	15.91	77.78	18	3471	9	7	37	2
20120117_life.chinatimes.com_0aba93f6b00d18cb3c6ce60071348201fe56c72eb2e68fde0857c741	3.97	2.07	51.35	69.57	61.54	80.00	19	900	18	8	5	2
20120117_n.yam.com_07c4072b11126ec3051010ae747e938b03f58b06391b6afe9e8a84a2	1.62	0.83	52.27	60.00	46.15	85.71	23	2764	21	12	14	2
20120112_www.taiwannews.com.tw_222ee4d72d4236e52af11bfa89c4fa15ff2d8759b2c31c9a594b2006	0.41	0.21	36.36	66.67	62.50	71.43	8	3885	14	5	3	2
20120112_www.tianjinwe.com_a9207f4334843b9204613520c5799b21be5dd04d6366277440d53c91	1.99	1.01	51.43	62.50	50.00	83.33	18	1759	17	10	10	2
20120112_news.chinatimes.com_27ca59a4fdc618b9374f9c71f486e9f9e4138647c4171c8e8b6d4b3d	4.48	2.35	48.72	90.00	100.00	81.82	19	791	20	9	0	2
