file	F	P	R	F.tag	P.tag	R.tag	TP	FP	FN	TP.tag	FP.tag	FN.tag
20120102_www.biolog.pl_183e757bd483767ac212b27981d1402ba1ff5227c483a602136df269	25.46	14.86	88.69	41.18	29.17	70.00	251	1438	32	7	17	3
20120104_www.dziennikwschodni.pl_ad40f4f3a1266d2e52ccffe5152ed2cb028bffd13f63945b28482ad5	6.27	3.26	83.59	2.44	1.37	11.11	219	6506	43	1	72	8
20111207_www.we-dwoje.pl_aadc8a9177b08dbda4327b28103e911dbf959368dee591196e2b8732	15.26	9.23	43.95	11.76	50.00	6.67	294	2891	375	1	1	14
20120106_www.rp.pl_0a2fef2ce0fb91690f53b9cfd4b17f49954454fdc027a1564c221801	6.86	3.56	92.72	66.67	66.67	66.67	191	5172	15	4	2	2
20120105_zdrowie.gazeta.pl_807feadb4f7538020b02fffdd328dcf15ad7ffa9e2c99e909a6aea4c	10.27	5.45	89.90	0.00	0.00	0.00	187	3246	21	0	5	6
20111121_www.we-dwoje.pl_9f7aacc1303f4dae00f6594fb8eb1a68d0fe8837de7656e3d51d9b2c	29.36	17.92	81.14	10.00	33.33	5.88	611	2798	142	1	2	16
20120106_fakty.interia.pl_bf1e8b627d609dfccbc71a5f1c6e6863c33deaa04224c5b4813eb89a	4.54	2.34	81.28	44.44	31.58	75.00	165	6900	38	6	13	2
20111121_www.we-dwoje.pl_8c003eb18e2580bb67b442bf5aac95120358d8aabd18cd09bb741d02	18.64	10.44	86.78	36.36	50.00	28.57	315	2701	48	2	2	5
20111207_www.we-dwoje.pl_ab4552f2e110cd485bed759da10cfa9a6dc889949b176ca65eecf492	9.48	5.03	82.01	44.44	66.67	33.33	155	2926	34	2	1	4
20111121_www.we-dwoje.pl_15d4a9a21844a96792bcbacd1aba7a58970b04e527ad8841c011f67a	15.52	8.54	84.81	83.33	83.33	83.33	240	2570	43	5	1	1
20111121_www.we-dwoje.pl_ac186aa43766087c14f3a3f6c5ba25b926217085d643fa543350f4e2	22.91	13.20	86.42	85.71	90.00	81.82	420	2761	66	9	1	2
20120106_www.se.pl_ea137bcaf50077a26f14a2542ce3dea20236f1a6c13d1ca328439174	3.70	1.90	77.11	36.36	28.57	50.00	64	3309	19	2	5	2
20120105_zdrowie.gazeta.pl_a05040639849ad92fa134645eed582bad1115aee5e2f8c68c1db28f5	13.61	7.37	88.14	0.00	0.00	0.00	260	3267	35	0	5	11
20120104_wiadomosci.onet.pl_59ec17750f853eea42b7b600e45955002f5be09edb7748048e1824fc	25.37	14.80	88.69	0.00	0.00	0.00	196	1128	25	0	7	8
20111207_www.we-dwoje.pl_cb0e6719f1d1da385317a9d3b45425c2f56d3a9df06eedc71973937c	13.97	7.65	80.54	26.67	33.33	22.22	207	2500	50	2	4	7
20120106_logistyka.wnp.pl_27ce173ae3fb549f83c2acdd9a5abbd7ecb7e4104837ba3ee99a3287	14.05	7.63	88.89	0.00	0.00	0.00	320	3876	40	0	71	8
20111209_www.we-dwoje.pl_ce69407d8288e0f333c38a101c20c6e9bf28b3e087ac1766d2db2263	5.74	2.98	77.23	50.00	100.00	33.33	78	2540	23	1	0	2
20111121_www.zdrowiutko.info_5022f347590833960c9b8492bd7cbe47ced16b5e43fbf0a495c1a05b	18.16	10.46	68.77	0.00	0.00	0.00	196	1678	89	0	7	7
20120106_gornictwo.wnp.pl_df7191619c95661172c1fcb6f369d730675e1e367a48e9bc98dd93f9	8.03	4.24	77.41	0.00	0.00	0.00	377	8523	110	0	103	14
20120104_www.wprost.pl_bc697e337c7d1bab12e06506f0c6874c0606fb0326b89524755b75e1	4.42	2.26	91.19	22.22	25.00	20.00	176	7598	17	1	3	4
20111121_www.zdrowiutko.info_6248c1d028cdcd3796acd2207bee76fd2f0853e8cf1820e3fe05ca0f	47.49	33.04	84.39	5.88	11.11	4.00	876	1775	162	1	8	24
20120106_www.rp.pl_f54b890636c5700cecd8837c81bc5d4b092081a569a910f71f0b186a	12.65	6.78	94.75	77.78	77.78	77.78	361	4966	20	7	2	2
20120105_www.we-dwoje.pl_590d0ff1a3348d41b60c2d8ae00b1d46a73ff2d8f3e59b81231ae0f3	30.68	18.48	90.34	75.00	81.82	69.23	589	2599	63	9	2	4
20120106_www.sfora.pl_a4554ae8c5dffcd2c83f788834250250937b1775c2dc3ca3b439de98	8.86	4.69	79.87	42.11	40.00	44.44	123	2501	31	4	6	5
20111121_goodcontents.net_6e8a193b0d5e43883d5bcacdf49357313921e88663e9e4a66cc6eafc	10.48	5.56	90.43	13.33	11.11	16.67	444	7537	47	1	8	5
20120102_www.biolog.pl_306b8101d03d29a1ee66c57786538a26ee98577075c873767a787a68	19.01	10.75	81.86	0.00	0.00	0.00	176	1461	39	0	18	8
20120106_ciekawe.onet.pl_ef740fcf05217e94f758ffa23a6c948bbf7e87e08806511984269e97	9.56	5.54	35.06	48.78	76.92	35.71	676	11536	1252	10	3	18
20120106_www.polskatimes.pl_cbecb1cdf021db05874d2a890ff464ba725e9083213745397b5a4bb6	5.84	3.03	81.97	0.00	0.00	0.00	200	6409	44	0	14	11
20111121_www.biolog.pl_8b000f2ac350c280a189edadad368f1037ca3bb84684617169290369	25.57	15.04	85.20	25.81	17.39	50.00	259	1463	45	4	19	4
20120104_gwizdek24.se.pl_ecae268e92fe0fee5e79271b090383e579f89a425aea905263a0c92e	5.82	3.02	77.52	36.36	40.00	33.33	100	3208	29	2	3	4
20120106_www.rmf24.pl_505b49e74cd20ee7c8f10d2026d3bf8fdf91537debf2e3952286ded5	2.74	1.40	67.27	15.79	9.09	60.00	74	5213	36	3	30	2
20120106_www.polskatimes.pl_7522d308642ca799347bb161a9c9af13ba09c4f1bfd260545c4b1e19	9.65	5.10	87.84	0.00	0.00	0.00	419	7789	58	0	13	13
20120106_energetyka.wnp.pl_1188cb9039651e80fbb6a607a9cfc72ca038715ec4a3c2b41e480ff6	4.54	2.33	85.84	0.00	0.00	0.00	200	8385	33	0	100	6
20120106_www.zdrowiewpodrozy.pl_5f410c638df6a9193d38a93f51bf764acc9e60cbc883aebe3d0ddf42	5.33	2.75	89.54	0.00	0.00	0.00	137	4846	16	0	0	3
20120106_www.forbes.pl_58df60840d8c74ec20e03b88639530d8556160a62964dc5cd1004d70	11.32	6.07	83.21	47.06	44.44	50.00	233	3605	47	4	5	4
20111209_www.we-dwoje.pl_19af8fed1feb67d7ad17ceed91f60bbcb0845ec57d5132df8c16e255	13.54	7.38	81.61	0.00	0.00	0.00	284	3564	64	0	2	8
20111121_www.we-dwoje.pl_044a8dca7caad27f7636a1e373a2f6147e8e763695f8479d5175b004	22.06	12.66	85.47	57.14	60.00	54.55	400	2759	68	6	4	5
20120105_www.we-dwoje.pl_6ed54a3f163ad1ffe0cf00805c28afdcf78b018b370957c05e219bf1	32.84	20.14	88.89	53.33	80.00	40.00	648	2569	81	4	1	6
20120106_www.rp.pl_95c330562f009a62f447b6b55d22ae75f63ee25c158d7c62024f19e2	4.04	2.07	81.67	66.67	75.00	60.00	98	4635	22	3	1	2
20111209_www.we-dwoje.pl_7750fcbf097b086bffb815c87e01ec6d4bdce042f20e34c6a181abb2	24.68	14.62	79.03	14.81	28.57	10.00	475	2773	126	2	5	18
20120102_www.biolog.pl_9940d454b979f8443862031fc3022a424ef673d3609b8652bf8f2e23	38.40	24.61	87.39	34.15	24.14	58.33	485	1486	70	7	22	5
20120106_www.fakt.pl_67bb8036f1f11af246fafa2a3a8dc7773e06872328426b7d5f2d23eb	4.28	2.19	86.29	6.78	3.64	50.00	151	6737	24	2	53	2
20111207_goodcontents.net_310f39e4843b4e7c3cdb36545738f42ebb84cc4c5ebd835f68bca53a	9.22	4.85	92.29	25.00	22.22	28.57	383	7512	32	2	7	5
20120106_www.gs24.pl_f6b5c94c8ac16ff6a36cab4b7fa79e5bbce9af5cd76751d028932d40	20.01	11.27	89.13	11.11	16.67	8.33	369	2905	45	1	5	11
20120105_www.biolog.pl_183e757bd483767ac212b27981d1402ba1ff5227c483a602136df269	24.51	14.23	88.36	36.36	25.00	66.67	243	1465	32	6	18	3
20120106_wyborcza.pl_53936debf3d95b1bae6fa9d0582d577cd375b78b23bec85740562b1c	8.39	4.41	84.14	0.00	0.00	0.00	191	4137	36	0	4	7
20111121_goodcontents.net_3bac60d11082c79c3c7691a22cf2e087f817faeb28420816ed7ef701	15.75	8.61	92.18	48.00	42.86	54.55	377	4000	32	6	8	5
20120106_www.gazetalekarska.pl_da750cc1773a4b5b403d6d03bd5d64eece2a85660ac3ca9d9919f1d9	39.14	24.92	91.24	0.00	0.00	0.00	302	910	29	0	0	7
20120104_wiadomosci.wp.pl_605a92da3da5da73756d869fdbcf056a167730c9ad96183932c2a9d6	5.73	2.98	74.42	0.00	0.00	0.00	224	7288	77	0	38	12
20120106_slask.naszemiasto.pl_e4f5f61fdc3d25a8a225b4d8ca7d6940dfab791aade48c19aa6d890a	12.17	6.55	86.04	0.00	0.00	0.00	450	6425	73	0	17	19
20120106_wyborcza.pl_d60ebe121aed534c1ab9d05f3642cc362b6d30d9bb4e8a3fcda6f486	9.35	4.93	90.66	0.00	0.00	0.00	233	4492	24	0	5	5
20120106_www.rynekzdrowia.pl_bdc5c2b80ed23617eb900252991d90d4656ade58157d2e3e2bafc26b	17.57	9.78	86.51	20.00	100.00	11.11	263	2427	41	1	0	8
20120106_wiadomosci.wp.pl_10d2ae8b62b4ccbba64f1ce727d1fba53cdf94a88d4602540a5d24d9	3.81	1.95	82.80	5.71	3.33	20.00	130	6546	27	1	29	4
20120106_www.bankier.pl_332f048f36d15b41e2af00aee9259f25b613e541fe8d0be398ab7adf	9.47	5.01	87.31	0.00	0.00	0.00	117	2220	17	0	2	4
20120105_www.we-dwoje.pl_d44a3a11a11758e85d892e36c44fe469c34e7be625a1a9b2fe4b6990	35.65	22.26	89.38	53.33	44.44	66.67	875	3055	104	8	10	4
20120106_www.rmf24.pl_7f5842e8e43fd5565317ab8861e87f8370174b9d947220c14baa9b2a	6.84	3.57	79.57	16.00	9.52	50.00	222	5989	57	4	38	4
20111209_www.biolog.pl_f8a9a3a7e56a47890452bd092305ca15eaaf850b48b6935084628b48	11.72	6.31	82.11	27.27	16.67	75.00	101	1500	22	3	15	1
20120106_www.wprost.pl_1da9a6f43423d0e5ae200279d78abdc31feca05e8dc98ec380e665de	4.62	2.37	87.50	33.33	33.33	33.33	182	7488	26	2	4	4
20111209_goodcontents.net_d3d973b9ef61722241c1895ccf3226ee946d67ce816ac725955be986	21.11	11.87	95.50	23.53	22.22	25.00	552	4099	26	2	7	6
20111121_www.zdrowiutko.info_d6ef7934b7e61cb4db76438cc3e26017ef9e689b1541a1631aa8a4e1	46.90	32.13	86.80	0.00	0.00	0.00	822	1736	125	0	7	20
20120106_www.kurierlubelski.pl_b56f33f49ca7f0a5e7890c8319613281f94d271e5a948c0845d2adb7	4.73	2.44	78.87	0.00	0.00	0.00	209	8362	56	0	13	11
20111207_www.we-dwoje.pl_1c0a491674db2d2724388d3fb0c5682dd6a80cdaa873938b214330d2	28.35	16.83	89.77	15.38	33.33	10.00	658	3251	75	1	2	9
20120104_www.money.pl_8849f52a52f6e165cfa84fe7f3fadc3d75a2150204c19ca4fda57bfa	18.59	10.29	96.03	78.26	75.00	81.82	460	4009	19	9	3	2
20111209_www.we-dwoje.pl_1c0a491674db2d2724388d3fb0c5682dd6a80cdaa873938b214330d2	28.82	17.14	90.44	14.29	33.33	9.09	672	3248	71	1	2	10
20111121_www.we-dwoje.pl_012ae81383bf532a51947bbadd381c6ecd26f26034aedcd002eb0967	24.47	14.21	88.22	54.55	50.00	60.00	457	2760	61	3	3	2
20120106_wyborcza.pl_3dcaa2863c79ea77dcf61ac92e53b6e5b10631a8541e019a769d75f6	12.10	6.54	80.71	33.33	100.00	20.00	113	1615	27	1	0	4
20111121_www.we-dwoje.pl_21f717e183f110e349e1c9d9de7f8139686d52c9e9b7e2fde7c5a04a	19.15	10.70	90.94	28.57	50.00	20.00	311	2595	31	1	1	4
20120104_www.wprost.pl_e403cda319e9ed5a44d52cb5ad972b9fe31025d491c0eb8a852e4c14	3.91	2.00	92.31	54.55	50.00	60.00	156	7658	13	3	3	2
20120104_www.pb.pl_493c924d87c7b1606e49a203d6bce858ec5b6cdb399289c2ac8a6ec0	3.63	1.86	72.90	3.77	2.00	33.33	78	4110	29	2	98	4
20120106_wiadomosci.gazeta.pl_493cd398b5ea890813c44472a69970eb16c9b256eb8c2649f63c8396	8.28	4.36	83.17	0.00	0.00	0.00	173	3796	35	0	6	8
20120106_wiadomosci.gazeta.pl_6899fda4c15152d4c38a71a7397d69a4114203623746a1641c2f21b8	11.33	6.06	87.14	0.00	0.00	0.00	244	3784	36	0	6	9
20120104_www.se.pl_f45cbbd8935ea62a022a1fea46a892fcc4923d56a8b9de2b5cdf999d	21.71	12.38	88.08	6.67	12.50	4.55	532	3764	72	1	7	21
20120104_www.wprost.pl_a8aec2cd35e73ac6c25db4fcf20f1c69b06d31166f0594b86347b2ee	6.83	3.54	93.36	40.00	37.50	42.86	281	7646	20	3	5	4
20111207_www.we-dwoje.pl_faee6f55ba1fccafd811d0bf81491218fbcfb65ae54da2684bb08b90	11.73	6.31	83.82	28.57	50.00	20.00	171	2541	33	1	1	4
20120104_energetyka.wnp.pl_de7a5b66b6dcfad27ce31f85ebff935a83e553fac41b6189864e8660	2.88	1.46	86.01	0.00	0.00	0.00	123	8286	20	0	97	5
20111209_www.biolog.pl_694d8093af586fd66c79fe80e734d2de1ab064e2cbf3b75ae17b6969	35.91	22.90	83.12	6.67	5.56	8.33	458	1542	93	1	17	11
20111121_www.we-dwoje.pl_5f8a356d92a7613cf2dd5ff4321157c618efbe8e001dd639eba48013	7.46	4.24	30.84	12.50	50.00	7.14	128	2888	287	1	1	13
20111207_www.we-dwoje.pl_10563d87982bd7f87544fab5679f6b487fd4d6f203285f8e1a4453ca	16.48	9.13	84.69	66.67	75.00	60.00	260	2589	47	3	1	2
20120106_katowice.gazeta.pl_53fe4054505be6ea6b40a7d967f278ae921093eb2b145f54b778f180	18.12	10.04	92.89	0.00	0.00	0.00	405	3629	31	0	4	9
20111121_goodcontents.net_b620d443a4b5995eb339983e23c9b580085a5aac56bb25a65703c7c1	16.77	9.24	90.52	23.53	20.00	28.57	401	3938	42	2	8	5
20111207_www.biolog.pl_039e473555c4ee6a818fbd7ac007c8edc8407155a9cd534dfb0abe80	15.50	8.60	78.21	24.00	16.67	42.86	140	1488	39	3	15	4
20111121_www.biolog.pl_9980d6f12306d6298998081e86bb04eda8871ee02475d66069bc48bc	28.82	17.47	82.29	43.24	30.77	72.73	316	1493	68	8	18	3
20120106_muzyka.wp.pl_27dde6b4ad8afb870a40611095ed96f784f86363b9a50884b6922a52	10.06	5.33	89.32	0.00	0.00	0.00	184	3268	22	0	8	5
20120106_www.rynekzdrowia.pl_f07b63d1c1fbbffcd623b0c5bd041de2120ee38f6929245adcff13b1	10.21	5.40	92.86	28.57	17.39	80.00	156	2733	12	4	19	1
20120102_www.zdrowiutko.info_8fdeaf9b0d19545adf1ddf5ad311ad8674e16dd71661286e59b037da	59.81	43.73	94.60	5.88	14.29	3.70	1262	1624	72	1	6	26
20111207_www.biolog.pl_2f300e5dfb93afb536e83060ca4844e5758ce50af3bf9e2bd91a8b77	18.00	10.17	78.08	0.00	0.00	0.00	171	1510	48	0	18	7
20111209_www.we-dwoje.pl_236b1a486c6395f60ac9a1d2949131e949716add254e677ecff3eed1	26.01	15.18	90.82	61.54	66.67	57.14	455	2543	46	4	2	3
20120105_www.we-dwoje.pl_c8178c22e2659f9cda5210eb3439f5f78b92fd959a8645e57473286d	12.16	6.54	86.62	22.22	50.00	14.29	233	3330	36	1	1	6
20111207_www.biolog.pl_1217f2298aedb3f437a8ad8f951d4a5fd72f73453f3a1ad483247983	23.07	13.67	73.94	7.41	5.56	11.11	244	1541	86	1	17	8
20120105_www.biolog.pl_7c3b047ae678cbf0aab0b7b7dfb357b3d41868b90f16f3b227a3c491	29.20	17.64	84.68	0.00	0.00	0.00	326	1522	59	0	18	9
20120106_www.wprost.pl_21e626fb65ed1a7fb963e34d155730c2ecec3dcf1e25e2ebbbabdf8b	4.60	2.36	90.15	36.36	33.33	40.00	183	7572	20	2	4	3
20120106_odkrywcy.pl_118b87b6df1d2f9b54f7dc4d1ec4e324e03c849d937da26bc9124621	19.96	14.52	31.94	0.00	0.00	0.00	603	3550	1285	0	30	39
20120106_www.gazetawroclawska.pl_41a7b3773550523a9741d29845aaaee9e977bdfd01901850f9563329	11.67	6.27	84.92	0.00	0.00	0.00	411	6146	73	0	16	19
20111209_www.we-dwoje.pl_10b733980c25f2a66e72829b7d261ddd42f4c3e67a5f7c5978612f6f	15.74	8.64	88.09	33.33	40.00	28.57	244	2580	33	2	3	5
20120106_www.rmf24.pl_0ead2c203e6c19b561b33611f02c7d063f9ee982711b42c189ee379b	4.67	2.41	74.87	17.39	10.26	57.14	143	5785	48	4	35	3
20111207_www.we-dwoje.pl_8f8c807ff49395090156aaad05fee467b41e8fb8350797aa9b3fb6ed	16.37	9.09	82.32	42.86	42.86	42.86	270	2701	58	3	4	4
20120104_logistyka.wnp.pl_1a2b9317832fc29d27bf3def9869618269324b72112703262abb02b4	7.21	3.76	85.23	5.13	2.82	28.57	150	3837	26	2	69	5
20120106_www.polityka.pl_a968e5c26adf05f5e02deb714aec4e100ab3a84c1ef6c301c9593c0f	13.41	7.99	41.80	42.42	50.00	36.84	431	4964	600	7	7	12
20120105_www.we-dwoje.pl_e625543235be76da7b1f4ff546b3aa4f3b23e6ae398fc4e90524e010	16.79	9.36	81.23	10.53	33.33	6.25	290	2807	67	1	2	15
20111121_www.biolog.pl_2ade212bc82e82a76476f5f29a512c058df6dc2e0b8ade7a83bc03b4	45.31	30.63	87.00	43.24	30.77	72.73	676	1531	101	8	18	3
20120106_www.rp.pl_0c673e6f222d11a2e838ee625217077fdbd48353bf73ad3d4ff6ff47	9.37	4.94	89.43	14.29	14.29	14.29	237	4558	28	1	6	6
20111207_www.zdrowiutko.info_087d4f5b87f18f340f945c2381b1f770980d4e67243a71d8e30f1226	55.54	40.53	88.22	11.32	23.08	7.50	1333	1956	178	3	10	37
20120106_www.rp.pl_87b41a343a5891e3c9ba79f511476dd8a1a5859be4859218f996efb1	4.47	2.29	83.80	72.73	80.00	66.67	119	5069	23	4	1	2
20120105_www.we-dwoje.pl_926ce8349054293493da8a61bd2041e0c36f2abac6d0751bb84d3d83	8.92	6.03	17.11	4.08	33.33	2.17	199	3102	964	1	2	45
20120105_zdrowie.gazeta.pl_5ba6b4f0584451b718626dd5af8372ef000f9244559fe89aca9afb48	17.85	9.99	84.09	0.00	0.00	0.00	370	3335	70	0	5	23
20111121_www.we-dwoje.pl_b6ff475c3cc514dda41564996e90eaa2bd880fbb82d755202d6ecb39	22.11	12.71	84.78	12.50	50.00	7.14	490	3364	88	1	1	13
20120106_www.nto.pl_0888d1dc0bf462de69f294c63c6d4d500252fdd703ec530bab861c25	37.98	23.96	91.50	8.33	6.49	11.63	2068	6562	192	5	72	38
20111121_www.we-dwoje.pl_590fe2663d5fb205f7b17d24b1ae2adfda99081a33566895def4fd99	6.33	3.51	32.19	11.76	33.33	7.14	122	3352	257	1	2	13
20120104_www.rmf24.pl_39c9c81d1e09f7d3628fac5e3cd02e18e3a5a414273b98a8966f1dba	7.40	3.86	86.93	17.02	10.00	57.14	246	6124	37	4	36	3
20120102_www.zdrowiutko.info_e27d03de8919e03776148ffc1b103c76713a9d251993abc06963b75a	36.79	23.62	83.12	14.81	22.22	11.11	522	1688	106	2	7	16
20120105_www.we-dwoje.pl_a34f720362e69f95128b20da89e6b87e248575d82e80acd0c12e41ad	25.97	15.33	84.98	0.00	0.00	0.00	543	3000	96	0	2	15
20120106_www.polskatimes.pl_31ac5f642b68c14138884effb214fb8a05fcf9f7c1603fe6ba164260	5.77	3.00	79.37	0.00	0.00	0.00	250	8097	65	0	13	14
20111121_www.we-dwoje.pl_154a610a3383e8e01d82a83b0cf2197caa632d5489dbaa9f9c88cb79	12.51	6.73	88.58	40.00	50.00	33.33	225	3117	29	1	1	2
20111207_goodcontents.net_6ddd653138b9ebef2c8b3eea220ac17362418304e9c47f22c2af8e3b	10.31	5.46	92.02	22.22	22.22	22.22	438	7581	38	2	7	7
20120104_www.rmf24.pl_f855b922968bad3aad3e602bffd0cf52f85e6310bcdccac4cc775317	5.34	2.77	79.28	17.65	11.11	42.86	176	6189	46	3	24	4
20120106_www.rmf24.pl_34a0ef2da5dcfb5d6d5a2d92d422be3a6790a18ad0d14da9fcf7ca92	5.29	2.73	82.87	15.79	10.34	33.33	179	6374	37	3	26	6
20120106_wiadomosci.wp.pl_ede986dfb9ea0b055d421da8312cfe5c2cd21935ccb0240974bba0c4	6.13	3.20	71.83	0.00	0.00	0.00	283	8554	111	0	53	11
20120105_www.we-dwoje.pl_c01670d8a62d698b25c176b409cc69b0d05056996f2b35bfd3b7738c	6.58	3.65	33.43	14.29	33.33	9.09	116	3063	231	1	2	10
20120104_konflikty.wp.pl_9a78872b1c09726ea2c9b2f6559dbb919f5b69bc9449cebe8c6b4b56	6.88	3.62	68.26	0.00	0.00	0.00	157	4176	73	0	31	7
20111121_www.we-dwoje.pl_90fd77bec50630920fd87cff4acd69ed5b7a1b8418e2c9faa241d4cb	24.30	14.01	91.64	42.11	30.77	66.67	493	3026	45	4	9	2
20120105_www.we-dwoje.pl_237edd4512d0f575aa102193c6c5a79fa85feecaf1fdb795baf6ab8f	12.00	6.55	71.53	42.42	87.50	28.00	211	3010	84	7	1	18
20111121_www.biolog.pl_ad43bdfd510235776032186fb8f9bb28045ad3cd3a2bd8e2013a4bf2	38.56	24.89	85.54	27.03	19.23	45.45	497	1500	84	5	21	6
20111209_www.biolog.pl_0c40e93d3207fc5816cd35434625bd3e90d3c72be9e6c00b4b277958	17.61	9.83	84.74	9.09	5.56	25.00	161	1477	29	1	17	3
20120106_gornictwo.wnp.pl_ce7890f66595a7f70346d99ea27485f04690fc1ceba63aceeaf0b0ca	6.01	3.14	70.00	0.00	0.00	0.00	280	8635	120	0	107	14
20120106_biznes.interia.pl_9a6726be57cae3560f578c7b15519ddb4fb7b474fdcddd62a38534aa	15.88	8.81	80.15	48.00	40.00	60.00	327	3384	81	6	9	4
20120106_wiadomosci.gazeta.pl_4e987ff4700b94fe6e0827078d714af463a59af009733b25758ad781	21.92	12.46	90.97	0.00	0.00	0.00	534	3751	53	0	5	14
20120106_wiadomosci.gazeta.pl_9e3a495d6d34f0786bb36d7959b1cfd0fd7be66d18123b9282771fcf	20.43	11.48	92.54	0.00	0.00	0.00	484	3731	39	0	6	9
20120102_www.biolog.pl_458dc323d6fecf12318de0d36bb9317f6bd756684cc50211fde2d884	20.94	11.99	82.64	7.69	5.56	12.50	200	1468	42	1	17	7
20120106_zdrowie.dziennik.pl_41a3b618e2860a726d88f90155cc12d3e22c36051851dbd398ebcecc	6.66	3.47	82.54	14.29	8.33	50.00	260	7236	55	6	66	6
20111209_www.zdrowiutko.info_56cc2f0896ce74cc99e8f5a7b15d4e21b4b7d65025a2cce6eadf5443	23.54	13.53	90.48	0.00	0.00	0.00	247	1579	26	0	7	5
20120105_www.biolog.pl_a016490eff21b1267a3eac8194936de785fbeb75780cafa93f326a58	26.69	15.99	80.66	6.06	5.56	6.67	292	1534	70	1	17	14
20111209_www.we-dwoje.pl_cb0e6719f1d1da385317a9d3b45425c2f56d3a9df06eedc71973937c	11.59	6.24	80.71	26.67	33.33	22.22	205	3079	49	2	4	7
20111121_www.zdrowiutko.info_4af7429d6f7b3967f666b89eea7bef64cc89f5b13fb8a366a7b5fcf9	46.78	32.50	83.45	0.00	0.00	0.00	817	1697	162	0	7	32
20120105_zdrowie.gazeta.pl_25d02d0e4172561f2efa5f137260da753222aa05e4ac37297f889fe8	14.23	7.73	89.93	66.67	65.00	68.42	259	3092	29	13	7	6
20120105_www.biolog.pl_18f25bfb9bb01f9fbf381bb9f11d90daa713d7739e8eb1475e750817	11.78	6.32	86.21	26.09	16.67	60.00	100	1482	16	3	15	2
20120104_www.se.pl_3ee27ec46069a1837a8f6923ff91e7590131d1dc25dacbd1252ff86b	14.53	7.96	82.80	0.00	0.00	0.00	308	3559	64	0	8	12
20111207_www.we-dwoje.pl_c5b6af8a7526c739d0640f6f3f4d1b0bf84adb7b6038ea12a64748ea	16.63	9.24	83.33	54.55	75.00	42.86	290	2850	58	3	1	4
20120106_gornictwo.wnp.pl_e963ec4fb649971ea8b0e0c2eab6609caed629d3468ac5337714beff	2.27	1.15	77.87	1.89	0.99	20.00	95	8161	27	1	100	4
20120104_www.se.pl_150d37a1ae4d3cbf4e188b12ca6c3c5331d63cef665e32148a7adef8	22.47	12.83	90.22	0.00	0.00	0.00	526	3573	57	0	8	15
20120105_www.we-dwoje.pl_01634c7ab98ae9b9bb9456c2192aab3060fcaf20f4dd23858cdbd4af	36.33	22.73	90.43	64.00	80.00	53.33	822	2794	87	8	2	7
20111207_www.we-dwoje.pl_429d4b840ac7e41278d5111c96d47bf8a4db8e3cae971076400971ec	24.79	14.38	89.62	66.67	75.00	60.00	449	2673	52	3	1	2
20120106_www.rp.pl_05d84e8ae6c6f836e60f9c9aae694c3c059d9bd3342257682c197cbe	12.85	6.89	94.75	77.78	77.78	77.78	361	4876	20	7	2	2
20111209_www.biolog.pl_039e473555c4ee6a818fbd7ac007c8edc8407155a9cd534dfb0abe80	15.55	8.63	78.21	24.00	16.67	42.86	140	1482	39	3	15	4
20120104_wiadomosci.onet.pl_9286ef9b1482d15641f6210db9e2f4e85fbbb64ba98941753c735585	48.69	33.11	91.95	0.00	0.00	0.00	594	1200	52	0	7	22
20111121_www.zdrowiutko.info_f468b28dcbabeba53d25452eb69d90c23ee980993795c741cb1c9712	31.38	19.26	84.62	0.00	0.00	0.00	374	1568	68	0	7	11
20120106_tvp.info_ad39caa8103c89120e8be1fb5a1539a8530bc9e2b0729b24fcbdd3c5	41.04	26.16	95.14	10.00	100.00	5.26	1096	3093	56	1	0	18
20120104_wiadomosci.gazeta.pl_b71863be9e1c75b555a9c2c18267fdbd0c823571ed41588f64e4c5dc	8.43	4.43	85.62	0.00	0.00	0.00	262	5647	44	0	13	11
20120104_www.money.pl_e7ba8f2d7d697eb07d171de9f2d33a494d57e2fc44dce04b805450e1	8.29	4.35	90.15	53.33	50.00	57.14	183	4027	20	4	4	3
20111207_www.we-dwoje.pl_10b733980c25f2a66e72829b7d261ddd42f4c3e67a5f7c5978612f6f	15.51	8.50	87.90	33.33	40.00	28.57	247	2658	34	2	3	5
20120104_www.gk24.pl_c95d8af5117520c86cf6a43247756d8a8bcfe62435ca0a8d4256662f	6.69	3.48	88.03	2.67	1.49	12.50	228	6332	31	1	66	7
20120105_goodcontents.net_d3d973b9ef61722241c1895ccf3226ee946d67ce816ac725955be986	25.30	14.66	92.16	18.18	33.33	12.50	682	3969	58	3	6	21
20111209_www.we-dwoje.pl_8f8c807ff49395090156aaad05fee467b41e8fb8350797aa9b3fb6ed	16.67	9.28	81.66	40.00	42.86	37.50	285	2785	64	3	4	5
20120106_www.pomorska.pl_a89c9ff4011329947b20a479271a731b74d30d14360f2e3f4ffc007f	15.75	8.64	89.61	20.00	20.00	20.00	302	3195	35	2	8	8
20111121_www.zdrowiutko.info_665904417a34e62564dd9d52ef582728b9f7655e1f5d8a4934115d6c	40.17	26.42	83.72	0.00	0.00	0.00	612	1704	119	0	7	18
20111121_www.we-dwoje.pl_e5439019bb9a189ab8fb03a3c4b9a5ad05693637efa4306a572023e3	20.51	11.55	91.18	50.00	66.67	40.00	331	2534	32	2	1	3
20120106_www.wprost.pl_67ce281183144b9f605b46162fea65fd79cc11b40e504fa06e4f4391	2.91	1.48	68.29	40.00	37.50	42.86	112	7434	52	3	5	4
20111209_www.we-dwoje.pl_e78b9867d6240e16f7d808d5133b5cbcd696f31779b9a3ecafecd363	28.48	17.21	82.47	17.39	40.00	11.11	555	2669	118	2	3	16
20120106_www.wprost.pl_8f2e0afd09e476a387553b4151ec5a3c12d14fedc9fb609aa6eef169	6.53	3.39	91.07	33.33	33.33	33.33	265	7563	26	2	4	4
20120105_www.we-dwoje.pl_be148ac5867ca8f33ed088894adddeb2497f7a8630b79a1ad7cf2953	7.99	4.60	30.27	11.11	50.00	6.25	145	3005	334	1	1	15
20111121_www.biolog.pl_6b358bbb56369b90368dd7020da2befdf64d1f5b30db7072c9427ece	21.62	12.46	81.37	20.69	13.04	50.00	214	1503	49	3	20	3
20111121_www.we-dwoje.pl_6d6817d20f82986c52426986c94ef4a1de0f35aa9c643662d32a2ca3	39.43	25.87	82.93	6.25	33.33	3.45	986	2826	203	1	2	28
20120105_www.biolog.pl_18fa987c4df0404a2a81a488b1c87144123c6f9aac96f4ab89ec37c0	36.25	22.93	86.42	6.45	5.56	7.69	452	1519	71	1	17	12
20120105_zdrowie.gazeta.pl_39a78a2dff5da27e4ad3f839a255911073d4be569631638b997cd721	24.93	14.44	91.34	0.00	0.00	0.00	559	3313	53	0	5	20
20120106_kopalniawiedzy.pl_1023c9de44b4a88f22a55a319d6ba60c2a113df5e16a0dcd010b4d9d	29.82	17.86	90.41	61.54	57.14	66.67	245	1127	26	4	3	2
20120102_www.biolog.pl_7c3b047ae678cbf0aab0b7b7dfb357b3d41868b90f16f3b227a3c491	29.44	17.82	84.46	0.00	0.00	0.00	326	1503	60	0	18	9
20111207_www.biolog.pl_cbef94652e0301b7efa01a61b323fa8e7d1c79ebaa36eb50ede8f7b0	11.56	6.27	73.88	32.00	20.00	80.00	99	1480	35	4	16	1
20120105_www.biolog.pl_9940d454b979f8443862031fc3022a424ef673d3609b8652bf8f2e23	37.60	23.97	87.20	30.00	20.69	54.55	477	1513	70	6	23	5
20120105_www.zdrowiutko.info_087d4f5b87f18f340f945c2381b1f770980d4e67243a71d8e30f1226	44.78	29.90	89.14	4.76	7.69	3.45	993	2328	121	1	12	28
20111207_www.we-dwoje.pl_2dbd88c25965ce110e89a01656f5be3b7ee126ebb4c05114f3b883ef	6.03	3.13	79.28	33.33	33.33	33.33	88	2722	23	1	2	2
20120106_www.rynekzdrowia.pl_65763a4d2634741e77cdcbdafb1f17ea37275efbe4a1ced9bba9f2ea	9.50	5.05	80.89	0.00	0.00	0.00	127	2389	30	0	0	6
20111209_www.biolog.pl_a34af0858c881f84adc682b5e0d67b047251fa6fdb22c6129f13c21c	37.67	24.81	78.16	5.71	5.56	5.88	526	1594	147	1	17	16
20120106_ulubiency.wp.pl_ff10d8bc20f4eae0d2c90e0937b586f1cb558ab3311839f1ff04451b	23.71	13.64	90.49	0.00	0.00	0.00	409	2589	43	0	20	14
20111209_www.we-dwoje.pl_10563d87982bd7f87544fab5679f6b487fd4d6f203285f8e1a4453ca	16.26	9.00	84.14	66.67	75.00	60.00	260	2630	49	3	1	2
20120104_www.rmf24.pl_f40528ee132a85ac611099332e36c80ca3b2303614499ebe1be999d8	3.92	2.02	70.34	18.75	12.00	42.86	102	4953	43	3	22	4
20120106_www.rp.pl_c812dbdc90f1f029ae5e996a2cf7b9a7fa33a63e209a2b0a6cf9c955	11.10	5.91	91.04	70.59	75.00	66.67	315	5014	31	6	2	3
20120106_wirtualnapolonia.com_bafb21f000c3042db55f8b3f13a5c43c5a9178fcb520f76dc7ff0ca9	26.27	15.35	90.97	68.29	58.33	82.35	574	3165	57	14	10	3
20111209_www.biolog.pl_991a3c03c74eb82c37ecdcedda314229c91bb10f21b2377e9f721b70	49.62	34.36	89.27	5.71	5.56	5.88	824	1574	99	1	17	16
20120102_www.biolog.pl_18f25bfb9bb01f9fbf381bb9f11d90daa713d7739e8eb1475e750817	11.81	6.33	87.61	18.18	11.11	50.00	99	1464	14	2	16	2
20111121_www.biolog.pl_f1377bd36757954a1c0131ef035e6f950fe847f3ecad66d464d747fd	39.37	25.28	89.01	51.28	35.71	90.91	502	1484	62	10	18	1
20120106_budownictwo.wnp.pl_e48fea5393f630329b63ffba8785d4532879dab63384d8a32bd5d003	4.08	2.09	81.86	0.00	0.00	0.00	176	8239	39	0	100	7
20111207_www.biolog.pl_119c0192ad52b2e4e1ba6fb0d06ca822cdb6be2052e7b05082fca401	39.12	25.31	86.08	6.06	5.56	6.67	544	1605	88	1	17	14
20111121_www.zdrowiutko.info_974b6000f979b037cca015e83a107762db4890e6216ad7767d15ebbf	34.40	21.60	84.42	7.41	14.29	5.00	455	1651	84	1	6	19
20120106_motoryzacja.wnp.pl_881044f7957fec3d197c866910329f871a5990c747c0cf9449ccd5f0	18.87	10.50	92.79	0.00	0.00	0.00	463	3945	36	0	71	8
20120104_gwizdek24.se.pl_a6bd37e3bc05b26de47f22e0ef08fb02f0d5e62e5e3558d15871d38a	4.52	2.33	73.79	28.57	28.57	28.57	76	3182	27	2	5	5
20120106_www.rp.pl_849dd4d86cccc711b3ab79a6bdbe5f22390d676d54d83ae5055a56b5	1.55	0.82	13.55	0.00	0.00	0.00	42	5074	268	0	5	9
20120106_www.rmf24.pl_305c0f08634bf938ad15c3615190d4480b1c05adc84e3a4514676d8d	6.53	3.42	73.33	37.04	26.32	62.50	143	4041	52	5	14	3
20120102_www.zdrowiutko.info_087d4f5b87f18f340f945c2381b1f770980d4e67243a71d8e30f1226	45.13	30.21	89.14	4.76	7.69	3.45	993	2294	121	1	12	28
20111209_www.we-dwoje.pl_9e19ffb372d06c9036e7d4c5e06c9f05fa5c86cc123c68e23e7640e7	19.65	11.02	90.69	47.06	36.36	66.67	370	2988	38	4	7	2
20111207_www.we-dwoje.pl_236b1a486c6395f60ac9a1d2949131e949716add254e677ecff3eed1	25.98	15.16	90.82	61.54	66.67	57.14	455	2547	46	4	2	3
20120106_gornictwo.wnp.pl_c5d8ae716181d8b9504fcfafb5e4785ea1b706b10602ccbbeec5c895	6.78	3.53	89.11	0.00	0.00	0.00	319	8728	39	0	104	12
20120106_lodz.naszemiasto.pl_8c623e1486d7845763d6ad0d856381012195f7c9552d984bb9583f7c	11.46	6.11	91.52	0.00	0.00	0.00	453	6961	42	0	14	11
20120105_www.biolog.pl_458dc323d6fecf12318de0d36bb9317f6bd756684cc50211fde2d884	20.74	11.86	82.64	7.69	5.56	12.50	200	1487	42	1	17	7
20111207_www.biolog.pl_ef9b8411717de8736ad7510078f3a0285273aac75551e322241b0095	22.86	13.37	78.79	7.69	5.56	12.50	234	1516	63	1	17	7
20111121_www.we-dwoje.pl_02d0b364d35d6c4d5b9807d06b76c6d3836002574d4500e48c2dde5e	6.12	3.19	78.95	28.57	50.00	20.00	150	4559	40	1	1	4
20120105_www.zdrowiutko.info_8fdeaf9b0d19545adf1ddf5ad311ad8674e16dd71661286e59b037da	58.76	42.43	95.53	6.06	14.29	3.85	1239	1681	58	1	6	25
20111207_www.zdrowiutko.info_458120636c549e2575a4fe998f7365f52987c6e61bac575a78e55e6d	16.86	9.52	73.38	0.00	0.00	0.00	204	1938	74	0	7	8
20111121_goodcontents.net_f164d2c180e17a39cfffdc428541f182be5cea501e3b1135c9bb2c8c	10.22	5.42	89.07	12.50	12.50	12.50	432	7533	53	1	7	7
20120105_www.we-dwoje.pl_b0db55778e8821d208c8ac62c8d13d45383eb82b029b30856cfb9423	19.43	11.13	76.34	11.11	25.00	7.14	342	2731	106	1	3	13
20120104_www.rp.pl_81eee2d392ad20946df2eac3bac84b18c39296c0df3e4610526e6bcc	4.03	2.26	18.95	14.63	60.00	8.33	133	5762	569	3	2	33
20120105_www.we-dwoje.pl_5ebb0c8564331903eff2bb1c226b925fe2c5c92d01ed2e8466a4ece6	3.90	2.00	69.33	0.00	0.00	0.00	52	2543	23	0	1	4
20120105_zdrowie.gazeta.pl_464285b45a4d83afe4c38d1dbe170c5ab1eddb12dd4455477b761a0e	21.17	12.06	86.78	0.00	0.00	0.00	466	3399	71	0	5	18
20120106_budownictwo.wnp.pl_ff337b320fa04ea7f0dd72f85bf1de4cbc93f521cd4a02457e6e86d2	5.77	2.99	84.90	0.00	0.00	0.00	253	8214	45	0	100	8
20111209_www.we-dwoje.pl_3adf2f38f4a791a5a4f584d2222f96df47bb04f572dc8355ad0f61fb	5.81	3.02	76.11	28.57	33.33	25.00	86	2763	27	1	2	3
20120106_kobieta.interia.pl_227be13d2686c631aa0ed3682cc05eb5a91b1473955b61dca215a4ab	13.39	7.24	88.62	0.00	0.00	0.00	327	4188	42	0	22	9
20120106_teleshow.pl_11d28ad75a870f97efd8f4295dae9d5c49669b061a0d9013cc993ce7	5.03	2.60	79.08	6.06	3.45	25.00	121	4541	32	1	28	3
20120104_wiadomosci.onet.pl_ff956ce026afdefc4000ad66b807bcea7073e26976b5dd167a1638aa	25.00	14.57	87.96	0.00	0.00	0.00	190	1114	26	0	7	8
20120106_biznes.interia.pl_7c18953a68f6289844d42ab7a7811c30f235b0b27bd58f4fe768b52f	12.13	6.61	73.08	32.35	21.15	68.75	380	5368	140	11	41	5
20120105_www.we-dwoje.pl_96e88944c28cde0f0eb1510e4cdc05e791b654764218ea3be75eb37e	10.59	5.73	69.34	14.29	25.00	10.00	199	3271	88	1	3	9
20120106_www.pomorska.pl_319b22943ec4e778a564cf08846303ca7caac14778d50ab4dcc555d5	24.37	14.05	91.72	11.32	7.50	23.08	1075	6574	97	6	74	20
20120102_www.biolog.pl_18fa987c4df0404a2a81a488b1c87144123c6f9aac96f4ab89ec37c0	36.53	23.16	86.42	6.45	5.56	7.69	452	1500	71	1	17	12
20111209_www.biolog.pl_1217f2298aedb3f437a8ad8f951d4a5fd72f73453f3a1ad483247983	23.14	13.72	73.94	7.41	5.56	11.11	244	1535	86	1	17	8
20120105_www.zdrowiutko.info_5022f347590833960c9b8492bd7cbe47ced16b5e43fbf0a495c1a05b	19.44	11.26	70.92	12.50	12.50	12.50	217	1710	89	1	7	7
20120106_www.wspolczesna.pl_46dbccbe6f49128ef90631b6b5592469df115e1061c9bcdbd799ba84	6.29	3.27	86.04	2.30	1.25	14.29	228	6751	37	1	79	6
20120106_wiadomosci.onet.pl_f7a4f95ac41015a650e31121847c66608eca9bdd8689a51acfbfc8ea	32.38	20.17	82.07	0.00	0.00	0.00	293	1160	64	0	8	11
20111209_www.zdrowiutko.info_5022f347590833960c9b8492bd7cbe47ced16b5e43fbf0a495c1a05b	19.78	11.49	70.83	12.50	12.50	12.50	221	1702	91	1	7	7
20120104_tvp.info_dd3cfa5468145a9684b74a6ea50f26a82262a3925683d762ef6c80f1	23.10	13.24	90.17	0.00	0.00	0.00	376	2463	41	0	1	14
20111207_www.biolog.pl_f7b095a5f67da611db46b0033f53bbf0d6d1d6b0965661dc74629464	24.30	14.36	79.01	7.14	5.56	10.00	256	1527	68	1	17	9
20120105_www.biolog.pl_306b8101d03d29a1ee66c57786538a26ee98577075c873767a787a68	18.81	10.63	81.86	0.00	0.00	0.00	176	1480	39	0	18	8
20111207_www.we-dwoje.pl_7750fcbf097b086bffb815c87e01ec6d4bdce042f20e34c6a181abb2	24.50	14.50	79.03	14.81	28.57	10.00	475	2801	126	2	5	18
20120106_wyborcza.pl_7863e2f7e4816822c9778bf9d0ba9b44390ca1b08506fed7bc2e32de	23.91	13.69	94.11	0.00	0.00	0.00	847	5339	53	0	5	20
20111121_www.biolog.pl_82cc54429b030e7848ea1e82dc4ad2466bb65b95e06564404e9e045a	39.06	25.42	84.29	40.82	31.25	58.82	515	1511	96	10	22	7
20111121_www.we-dwoje.pl_23e8eed1174fe689688251122a4acf4ece6619471fe85bc7bc656aa6	6.64	4.34	14.14	0.00	0.00	0.00	135	2978	820	0	0	26
20120106_polskalokalna.pl_86c2ead55c872cf0b66aeb8bffee343b89d3b711af4f7e47962f070a	21.42	12.10	93.22	70.00	87.50	58.33	385	2797	28	7	1	5
20120104_wiadomosci.onet.pl_09f90e970b1afc6b46fa4fb381fe3ffcbe1ea5c03ebf50630e3fc524	18.10	10.10	86.62	0.00	0.00	0.00	136	1210	21	0	7	5
20120106_wiadomosci.wp.pl_f166a5138ccf340a4739beb97132e4670fbd266945872dfb2a5f95f4	2.02	1.02	78.15	0.00	0.00	0.00	93	8988	26	0	44	4
20111121_goodcontents.net_d3d973b9ef61722241c1895ccf3226ee946d67ce816ac725955be986	22.21	12.62	92.30	21.05	22.22	20.00	587	4064	49	2	7	8
20120106_www.fakt.pl_b9f73314fc4c780a0767a1acbc91f04022dcd00292ddd7376cc3e8c8	7.36	3.85	84.19	16.22	9.38	60.00	245	6125	46	6	58	4
20111209_www.we-dwoje.pl_d3302a5552a9f3c9e872d562d6d2e05e811aa756d2d469189a36dcf8	13.39	7.30	80.24	40.00	33.33	50.00	203	2577	50	3	6	3
20120106_www.kurierlubelski.pl_d4de09e672965d66c1c672536e1a13bbcafdfff7172f223238eda9a4	5.23	2.69	88.85	0.00	0.00	0.00	271	9796	34	0	13	8
20111121_goodcontents.net_daca031b3afb62aa1c5ae330893841cfd517220dc0be08ce017e26d7	15.00	8.18	89.77	12.50	11.11	14.29	351	3938	40	1	8	6
20120104_wiadomosci.onet.pl_1877e175d8d0a7e345a6b4f588b67b90fff4b2292caf722d35494241	10.99	5.83	94.84	87.50	91.30	84.00	588	9493	32	21	2	4
20120104_gornictwo.wnp.pl_e3e4ba3c5614b7d91bc4a20db20650a747ec27f7506e8bbf090f28b2	4.58	2.35	88.44	0.00	0.00	0.00	199	8259	26	0	100	7
20120106_www.nowiny24.pl_7f85e13888ff7478c6e1bbb27628ac8bfa7741bdde10abab79aaabbc	13.34	7.24	84.58	3.92	2.47	9.52	510	6536	93	2	79	19
20120102_www.zdrowiutko.info_4af7429d6f7b3967f666b89eea7bef64cc89f5b13fb8a366a7b5fcf9	45.26	30.39	88.60	5.41	14.29	3.33	754	1727	97	1	6	29
20120104_wyborcza.pl_a79c370fa57c75e6b73c6e1a9862802513afe9dce6a86a1a43e9be68	17.94	9.92	93.57	0.00	0.00	0.00	524	4758	36	0	5	12
20120104_www.wspolczesna.pl_cffe17a28ba0f985bc2c32ef16d1ef48e4df8c9e2b0fff915c203366	3.86	1.98	83.87	2.50	1.35	16.67	130	6451	25	1	73	5
20120106_waluty.wp.pl_15747fb12c1178c6aea602a0ef373e3734373d160f02618840647159	5.82	3.00	90.62	4.76	2.63	25.00	174	5618	18	1	37	3
20120106_www.ciazowy.pl_83b7eeec303b38a2be16a4513f6e3f636ce93803e6142e277ba754f1	48.26	31.99	98.23	86.49	88.89	84.21	943	2005	17	16	2	3
20120104_www.wprost.pl_2c85ad6b928756f56f7083db5bc3c0d5906cb9df2198ed8f44b7807d	4.13	2.12	86.17	33.33	50.00	25.00	162	7491	26	1	1	3
20120106_kopalniawiedzy.pl_b1d5f71565aa849df37f9338b777a0b0da57069f7b279ad5737ae8a7	25.50	14.91	88.14	60.00	60.00	60.00	171	976	23	3	2	2
20120104_www.wspolczesna.pl_09c9b146c47490b4107875a95643f0447db3a0691ef65958b0acecc7	10.88	5.79	90.87	2.17	1.27	7.69	408	6640	41	1	78	12
20111121_www.we-dwoje.pl_e41d743ba9490728966087b2cfeac4a182f2d182626480668a64b914	22.74	13.07	87.30	82.35	87.50	77.78	385	2560	56	7	1	2
20120106_gornictwo.wnp.pl_82a7f7a8d7469fa202426c2e5395ce71e1938daf15ae4755ff773dde	6.10	3.17	83.58	0.00	0.00	0.00	285	8717	56	0	111	12
20120104_tvp.info_0f0f253c92891dee1263997673c8e910ae4dd5d59edc88884cfdf372	28.58	17.00	89.71	0.00	0.00	0.00	549	2681	63	0	1	20
20120106_www.wspolczesna.pl_0dd3592e0d200f6516534c023c04eb4e8984fee26436878ad80e2855	17.31	9.57	90.64	0.00	0.00	0.00	736	6957	76	0	82	17
20120106_www.kurierlubelski.pl_f30bc4a6f30f2cf37d811cf421a158e5705660cbaf1aa09a0d5abf79	1.96	0.99	76.15	10.53	7.69	16.67	99	9879	31	1	12	5
20120102_www.biolog.pl_a016490eff21b1267a3eac8194936de785fbeb75780cafa93f326a58	26.92	16.16	80.66	6.06	5.56	6.67	292	1515	70	1	17	14
20120104_wiadomosci.wp.pl_da88d2c1f513ae7870711de4f2b0934b051274dcae86a84111f70eba	2.19	1.11	71.26	9.52	6.25	20.00	62	5525	25	1	15	4
20111207_www.we-dwoje.pl_9a95f98c088783135f7b881838683e09b65061058a2cf5501bf4cdd7	8.59	5.06	28.57	16.00	66.67	9.09	152	2853	380	2	1	20
20120104_gornictwo.wnp.pl_37159d1550c75d66da6fefdb813660d9959e5f3bd499136503deb46e	4.78	2.46	83.53	0.00	0.00	0.00	208	8242	41	0	96	11
20111121_www.we-dwoje.pl_c4714d77e4b5f4ddae2505af5f9f0ee5ded4f99e7eb1ada45f097140	13.79	7.54	81.05	0.00	0.00	0.00	201	2466	47	0	3	6
20120102_www.biolog.pl_3a8e2192561c41a585e67a0d199b69f11532fcfc01c8d919219ae42f	17.29	9.69	80.10	24.00	16.67	42.86	157	1463	39	3	15	4
20120104_www.bankier.pl_e65cb23b8a30cd73869032b7cc17c15fdaf330ebe32d99951a249d2b	15.96	8.72	93.83	54.55	50.00	60.00	213	2230	14	3	3	2
20120102_www.biolog.pl_da4971d5a8258ca16606d2a4af7b3ff5a43a04116e50017b5794f1e6	28.01	16.64	88.52	14.81	11.11	22.22	293	1468	38	2	16	7
20120104_www.wprost.pl_c053d2deaaf1c748b0f9bde19116651d0534fa64441c8637103a5e29	5.71	2.95	89.39	30.77	33.33	28.57	236	7762	28	2	4	5
20120105_www.biolog.pl_dd87ecef89e13dc525faa303c9c91962e817146f1eab62bd4cbd49e7	25.19	14.78	85.20	7.69	5.56	12.50	259	1493	45	1	17	7
20120106_www.kurierlubelski.pl_2e10c67cf479cbd84cd8b3ad9ea3fb502877d0db4b5df608652727c6	11.60	6.21	87.94	0.00	0.00	0.00	277	4185	38	0	18	9
20120102_www.zdrowiutko.info_5022f347590833960c9b8492bd7cbe47ced16b5e43fbf0a495c1a05b	18.17	10.41	71.64	13.33	12.50	14.29	197	1696	78	1	7	6
20111121_www.we-dwoje.pl_ccfc5195c780b67e40760af089fa6c9bbcdeac2ed1b306dd7f2999df	30.77	18.75	85.73	20.00	27.27	15.79	799	3463	133	3	8	16
20120106_www.rp.pl_af88e8921fbd34d5545ac12ebf8e46776b2fd5e237f17d8488e67f6b	21.30	12.01	93.90	81.48	84.62	78.57	646	4731	42	11	2	3
20111121_www.zdrowiutko.info_490a3e1ab669b249644690e80d69082a2e8c030f61a35f86f391f703	31.39	19.43	81.62	0.00	0.00	0.00	382	1584	86	0	7	13
20120106_wiadomosci.gazeta.pl_b7a7a935284f86094e297bd12f887dfbbbb570e29c3e1b22f5e3d7bc	9.62	5.08	89.19	0.00	0.00	0.00	198	3698	24	0	6	7
20111207_www.biolog.pl_191f9248fd9336f28ef6582143bf9768bb38b1d73a4ec0bdd1d8bd3f	34.44	21.96	79.75	7.14	5.56	10.00	445	1581	113	1	17	9
20120106_www.we-dwoje.pl_c1cd293ed6b5a6e720463363095aa9e0aff7aa62e933826d25cd4e37	25.28	14.70	90.09	53.85	70.00	43.75	482	2797	53	7	3	9
20111121_www.we-dwoje.pl_429187ccb9e87e6dfc4652d046e078c61e30166d483fe869fc19976e	22.84	13.17	86.00	46.15	36.00	64.29	479	3158	78	9	16	5
20120105_www.we-dwoje.pl_af63a20be0940f8248349028b7ffd1608d02ba40ddeb46de693903fd	26.52	15.53	90.56	78.57	91.67	68.75	633	3442	66	11	1	5
20111121_www.biolog.pl_df35442bc753c25dd6c3d261cac577b2e83b5f6405dfa1fbc7b3711d	44.20	29.86	84.99	57.14	43.75	82.35	657	1543	116	14	18	3
20120105_www.we-dwoje.pl_7195230c656b26e5813543a90d1d5e427d347de4b3e0d10fb565ea17	16.02	8.82	87.33	66.67	83.33	55.56	262	2709	38	5	1	4
20111121_www.we-dwoje.pl_f08067ff05f49986e34305118a44c027406df41da7f02f275dffeed5	27.51	16.41	84.91	50.00	47.37	52.94	540	2750	96	9	10	8
20120104_www.pb.pl_07becbe0b3d63b6f056fffa02e7fe4db5c61763678a4b67a2c6b719d	4.27	2.19	82.17	1.92	1.01	20.00	106	4732	23	1	98	4
20111209_goodcontents.net_7af57d9c018b02e5565b5ea51c5c6646419294a8c1277fd047f0d5f5	14.80	8.04	91.98	25.00	22.22	28.57	344	3932	30	2	7	5
20120106_www.forbes.pl_4ee7120f1153fb8937c2a438c29d6cda443f6fade1cdb63e257535ea	22.40	12.73	93.35	66.67	60.00	75.00	519	3559	37	9	6	3
20120105_www.biolog.pl_3a8e2192561c41a585e67a0d199b69f11532fcfc01c8d919219ae42f	17.11	9.58	80.10	24.00	16.67	42.86	157	1482	39	3	15	4
20120102_goodcontents.net_d3d973b9ef61722241c1895ccf3226ee946d67ce816ac725955be986	25.33	14.66	92.92	31.58	33.33	30.00	682	3969	52	3	6	7
