file	F	P	R	F.tag	P.tag	R.tag	TP	FP	FN	TP.tag	FP.tag	FN.tag
20111110_www.express.gr_004288b23e8124db70326e1ab7a0a03f5d153453798f7598c3c548b9	3.36	1.71	93.90	0.00	0.00	0.00	308	17675	20	0	0	7
20120106_www2.rizospastis.gr_06396d8fa53c5b4e72a96d668b31aa1ecf07ab9d94f8eb442ca04b5c	2.55	1.31	56.10	0.00	0.00	0.00	23	1738	18	0	10	2
20120106_www2.rizospastis.gr_a1a26f86a33c6a34853eaea42092a9963f9085a492a93cfa6bec8c5d	38.42	24.70	86.39	0.00	0.00	0.00	514	1567	81	0	27	18
20120106_www2.rizospastis.gr_802011dc8844d88519901fcb001b74d86ff3d3a1ceec7f2f606b8712	14.15	7.69	88.89	0.00	0.00	0.00	144	1729	18	0	10	2
20120106_www.ethnos.gr_4acbe762fc9067b1ac711dc400e09f5624e11cb5cecba6dd3f11863e	20.71	11.66	92.19	76.92	66.67	90.91	496	3757	42	10	5	1
20120106_ygeia.tanea.gr_895bdbab456571b6ba8bbfccf42a7a4217e64a02b0be91c3631f21d7	45.68	29.98	95.89	88.89	95.24	83.33	700	1635	30	20	1	4
20120106_www.madata.gr_4a84a307028016904aae04b4c8eea2f151bc26c63e1e71df15a7a8a9	4.27	2.19	80.81	75.00	100.00	60.00	80	3565	19	3	0	2
20120106_www.tovima.gr_00f8666084f9c41f6d9145a78c5b5d9126027542441e457f57a2fa9f	10.64	5.64	93.04	78.57	91.67	68.75	508	8495	38	11	1	5
20120106_www.tovima.gr_a909b8f3df1e94341cfaa7fbecabb510252279fdea3f2ac2ac842bbd	8.19	4.28	93.51	58.82	71.43	50.00	346	7731	24	5	2	5
20120105_health.in.gr_4a7cc31923297628d65e4bb867cc70cd36d4943d943638e7c5c67110	17.17	9.49	90.57	0.00	0.00	0.00	557	5315	58	0	5	17
20120106_www2.rizospastis.gr_c352ca0c0cc3030f7761de320e1c1825c6f85c3dd5bfe13daaf99b9a	70.75	56.39	94.93	0.00	0.00	0.00	2432	1881	130	0	51	39
20120106_www.ethnos.gr_0710aec251283d5eed5180a4665fa59e885d40dc7c75840e6971c723	10.18	5.39	91.67	70.59	66.67	75.00	198	3477	18	6	3	2
20120106_www2.rizospastis.gr_38caad2915651ddcf48231eb5f4ab64cd6a7b92c8c02b513f402d29e	34.13	20.88	93.43	0.00	0.00	0.00	498	1887	35	0	14	6
20120106_www.avgi.gr_3cc4bf6093a74036e685b4709dae2c2f5d4c07e66a987333b7edf9a9	25.05	14.49	92.09	40.00	30.00	60.00	198	1168	17	3	7	2
20120106_www2.rizospastis.gr_15e09c5191562721dc271c7419642f4682e5f4d35452267b4c8417c9	20.31	11.48	87.77	0.00	0.00	0.00	244	1881	34	0	12	4
20111222_www.express.gr_95ab89f215d2fbfc626d18e0207d95c6ae39e790098120fc76942422	3.23	1.64	94.27	0.00	0.00	0.00	296	17739	18	0	0	6
20120106_www.rizospastis.gr_b3a2647643910af92a4e94aa6af092dd222b919c18104ca46e5148fd	21.38	12.13	89.91	0.00	0.00	0.00	205	1485	23	0	12	3
20120106_www.rizospastis.gr_dbae745f644cb04526ce737e48bbcdf1455495bd43c6ee3c7407fdfe	17.81	9.90	88.68	0.00	0.00	0.00	188	1711	24	0	12	4
20111108_www.express.gr_05963c5c8f8e6c81583d2f0d1516236a680d1f2bcf814a5e9c3cd66e	3.91	2.00	94.49	0.00	0.00	0.00	360	17679	21	0	0	7
20120106_www.sigmalive.com_be320757a36a7237f5e642f4df70bd00edf441e223aac4626bc69fab	12.04	6.44	92.76	88.89	100.00	80.00	141	2049	11	4	0	1
20120106_www2.rizospastis.gr_e0ff09814e6314a1f4ca461b8906c10019e8b6a9485efaa189f114a5	38.62	24.86	86.53	0.00	0.00	0.00	649	1962	101	0	26	19
20120106_www.tovima.gr_8ed6c47955eb9c05bf7864d13d7cabf2127e43f6b87b5ff1cabe3c68	7.09	3.69	88.56	0.00	0.00	0.00	325	8472	42	0	1	9
20120106_www2.rizospastis.gr_41d4e64dcd0c98b6230384caa2b7c344d9e5f29d2cede980c9903f76	56.06	39.82	94.64	0.00	0.00	0.00	1219	1842	69	0	25	17
20120104_www.ethnos.gr_67fb7f6b381c4bd32020a7aefaee9ac33c52adb36a9edda980196644	4.36	2.23	95.24	72.73	66.67	80.00	140	6142	7	4	2	1
20120105_health.in.gr_004c53da77f6a9296a961382585a3245aa5e4b1d2a8c27b2c0b05f0a	13.03	7.03	89.06	0.00	0.00	0.00	407	5384	50	0	6	17
20120106_www.tanea.gr_d60bfacbf5fe60959518fa29c45294f3545a0fe1531af25daffb1863	13.94	7.55	90.21	0.00	0.00	0.00	258	3158	28	0	6	7
20111125_www.express.gr_14f9f62d33e82fd04a24eae22121a78d1c99a4d02c2379150e9318f6	4.32	2.21	92.81	50.00	66.67	40.00	400	17694	31	6	3	9
20120105_health.in.gr_e8edbd1ecc4b35d45dc569b9758af3498eba78c3aed809bb0269a1c1	13.65	7.41	86.97	0.00	0.00	0.00	434	5424	65	0	6	15
20120105_www.iatronet.gr_3c658790e4145694b954a2018111cf5dab6c85e8da48b0d9a9957e9f	5.02	2.60	71.62	25.00	50.00	16.67	53	1985	21	1	1	5
20111205_www.express.gr_b669808e9650e397551acabb032c65d63dba53ccc910d40902cee95b	2.19	1.11	91.67	0.00	0.00	0.00	198	17679	18	0	0	6
20120106_www1.rizospastis.gr_efb243352900c75b75af5f47c36ab1410908dd5082cbde5280654b01	22.69	12.96	90.84	0.00	0.00	0.00	228	1531	23	0	12	4
20120106_www2.rizospastis.gr_27192fd83b2742940e079905c57769efee7280c0f2a70e8b7fe1b109	62.73	47.05	94.08	0.00	0.00	0.00	1637	1842	103	0	29	23
20120106_www.kathimerini.com.cy_1237811088607f097f4d460a3f33776468f75970e9775b9b4f2a42dd	5.13	2.65	83.94	0.00	0.00	0.00	115	4228	22	0	1	5
20120106_www.amna.gr_63874c0c8c5825f85331abfdd9129f20078402387c8fe7c0c64c1a8f	34.18	20.98	92.11	83.33	83.33	83.33	432	1627	37	10	2	2
20120106_www.tovima.gr_5940ed0617315b880dbed5f098069a51cfe09eb6bdf4e07a2e64211a	5.22	2.70	83.70	0.00	0.00	0.00	231	8339	45	0	1	8
20120106_www2.rizospastis.gr_987eb735663b2778b1d789a57bf7c111241aa8c44270b4d6196fb144	36.66	22.93	91.29	0.00	0.00	0.00	566	1902	54	0	17	12
20120106_www1.rizospastis.gr_aadc308f71018447452ad6fb40067cf4dd6d6d31be27f50a2d32b713	42.52	27.74	91.01	0.00	0.00	0.00	719	1873	71	0	20	13
20120106_www2.rizospastis.gr_994b5549682886b3f7f65fe5e3b48366dc450fdaa1bbb9ffe1e49a2e	32.16	19.89	83.99	0.00	0.00	0.00	472	1901	90	0	36	28
20111121_www.iatronet.gr_daefc5bd65a1d9515057b7a1afbf8d982af1d43e9005e12c065047f8	15.71	8.61	90.17	44.44	50.00	40.00	211	2241	23	2	2	3
20120105_www.iatronet.gr_5eec159d756e40bbe033d83be4fe03418495c4dc5af85999663a58f0	4.99	2.57	82.81	40.00	50.00	33.33	53	2006	11	1	1	2
20120105_www.tovima.gr_dbcf2d57f1b76bdc40669c282840a3409b8c518581e85ce81e4daf9f	12.44	6.72	83.08	0.00	0.00	0.00	324	4496	66	0	1	13
20120106_www2.rizospastis.gr_e5563fdfa8d064db1c5e31fef6b5477f92e8fd3acf6304c327db26b5	21.79	12.56	81.99	0.00	0.00	0.00	255	1775	56	0	18	11
20120106_www2.rizospastis.gr_6c1891ba7050580ca6c1d46be688b48b0f2000aac3b0b3eb370922bf	30.15	18.09	90.32	0.00	0.00	0.00	336	1521	36	0	14	5
20120106_www1.rizospastis.gr_3bceecc05f9f8ed4e10be7860293dab4aa6615fc4245f6889c0f75c8	18.27	10.15	91.38	0.00	0.00	0.00	212	1877	20	0	10	2
20120106_www2.rizospastis.gr_96b17e3dcadc28f81603031e63512767bbe5746b0f3084a84a743970	31.13	18.73	92.11	0.00	0.00	0.00	420	1822	36	0	15	7
20120106_www2.rizospastis.gr_0fad417f959d08c7d4c5e4b111f0e6947c4b06fdcaf238ecc0c4fa40	13.40	7.30	81.38	0.00	0.00	0.00	118	1498	27	0	13	5
20120105_www.tovima.gr_6c13ebd6b1b775f164ce483856462aa70e0b621d6e1a83c136133edf	16.01	8.81	87.32	0.00	0.00	0.00	434	4491	63	0	1	12
20111107_www.express.gr_20a584d29d10a3c203d5ca471a3c184d30d7b1a4e58779e002e0cbfc	6.35	3.28	95.85	0.00	0.00	0.00	600	17673	26	0	0	11
20120105_health.in.gr_c46670d6a0dbfb0d3ed686dd447da10856af76a947ff3f61cb6956a9	8.00	4.19	87.64	0.00	0.00	0.00	234	5346	33	0	6	8
20111110_www.express.gr_0c53167360f973c556ac16cb24a5889800377524260e1fb79ff8a842	4.14	2.12	93.63	0.00	0.00	0.00	382	17679	26	0	0	8
20120106_www2.rizospastis.gr_175ef58f03c5ec5eb5f21ecbd79a8713f911f090da7ee742412b847a	29.48	17.59	90.98	0.00	0.00	0.00	333	1560	33	0	14	5
20120105_www.tovima.gr_09ed421a7f788e6271d6b95c3e691151012f2444cddceaec0d1f6583	17.30	9.64	84.15	0.00	0.00	0.00	483	4528	91	0	1	22
20111104_www.express.gr_374193c3be99145c215b4474444c811d3f83b20ab84040d701ee7a21	5.58	2.87	95.61	0.00	0.00	0.00	523	17674	24	0	0	7
20120106_www.tovima.gr_778fc562195b4f5c513d5409326ea5f59cfda0cdfc2ac2803bb61467	3.76	1.92	89.16	0.00	0.00	0.00	255	13025	31	0	1	8
20120106_www.avgi.gr_32758bb0414ec845fa2c99f6114bd72bfe5267d725c46c88b341b882	32.55	19.63	95.30	47.06	36.36	66.67	284	1163	14	4	7	2
20120106_www2.rizospastis.gr_47c20c12563f82cfff24713ca108825f2bf598af601a270e78a7f104	35.44	21.90	92.89	0.00	0.00	0.00	431	1537	33	0	15	7
20120105_www.iatronet.gr_4d35ad34c0394e80a3c921b7ea922bf76f6df87e28711ffbcacd9d38	3.93	2.02	80.39	50.00	100.00	33.33	41	1992	10	1	0	2
20120104_www.ethnos.gr_e448555d474b216bc3089149adc72d7919a6b993918f342124259b5a	13.20	7.10	93.66	54.55	60.00	50.00	473	6191	32	6	4	6
20111208_www.express.gr_3d4cd6f7f007284da97d1c82f42585a03326efd5f255111354fe31c6	1.31	0.66	87.97	0.00	0.00	0.00	117	17674	16	0	0	5
20120104_www.express.gr_b5d0f82fd2a1eb5030314ed1f18c6d41ef99e214e05ac1ad56381234	7.38	3.86	82.44	0.00	0.00	0.00	521	12972	111	0	0	14
20120106_www.tovima.gr_8cb36110ec08965bf63853a9febef058a14d3410fadd3b74fae577a5	3.43	1.75	77.08	25.00	100.00	14.29	148	8295	44	1	0	6
20120105_www.tovima.gr_0b43a77264cbda661352d3107e0780bf022a85487de5046c114de7ce	12.24	6.59	86.24	0.00	0.00	0.00	326	4621	52	0	1	9
20120106_www.tovima.gr_755883832374b7f11e02561b77076936a5c5561df0d3115825ab1b2e	4.38	2.25	80.00	0.00	0.00	0.00	196	8516	49	0	1	9
20120106_www1.rizospastis.gr_145b3f95f91f38806a381c0a5d948524d0d31b82456e504ebe531526	21.56	12.35	85.06	0.00	0.00	0.00	262	1860	46	0	12	4
20111103_www.express.gr_b790b5da5f6a30c85f59855f847023204bb8b8f289a2c430be3f8e10	4.40	2.25	95.09	0.00	0.00	0.00	407	17671	21	0	0	6
20120106_www2.rizospastis.gr_3cb716eac237f1f7bcf5b28ff4d03f53d7ad825635a4075941062dcc	33.28	20.39	90.55	0.00	0.00	0.00	412	1609	43	0	16	8
20111208_www.express.gr_da882fcb03388a9eb9b305a1b9fe9172e88e3dd13a766f46dd793e21	5.65	2.91	93.66	0.00	0.00	0.00	532	17733	36	0	0	12
20120106_www2.rizospastis.gr_f473c75686edb8891959ceb43259ddc866c56205bad5d0da1709bf49	31.98	19.43	90.36	0.00	0.00	0.00	347	1439	37	0	14	7
20120106_www2.rizospastis.gr_c825bea11ea3f70fe71c70904da686001675cb60fa5853cf38bc549b	55.28	39.34	92.90	0.00	0.00	0.00	1021	1574	78	0	20	16
20120105_www.tovima.gr_07b79daa65528f984e29ec38a6e8e0118143b4371a485c802d651f7e	22.21	12.64	91.54	0.00	0.00	0.00	649	4486	60	0	1	16
20120106_www1.rizospastis.gr_6c8418e0c9de1caebf7d1014ac85cc2dfdb189305fec9b9eb2f46714	17.88	9.90	91.93	0.00	0.00	0.00	205	1865	18	0	10	2
20120105_health.in.gr_95529ecbcd447882db17066571410eaa5abb659669410269e309d7ff	16.16	8.88	89.54	0.00	0.00	0.00	522	5355	61	0	5	15
20120105_www.iatronet.gr_4aa56bb54d911f4028542d434ab247d8cb5911c5d1acbdd9406ac859	11.86	6.33	93.15	50.00	50.00	50.00	136	2012	10	2	2	2
20111121_www.express.gr_f9655722c07bbf29cfdfdc1beca6c36af03ae03d33da430619e3b424	4.84	2.48	95.95	0.00	0.00	0.00	450	17686	19	0	0	8
20120105_www.tovima.gr_281d8eb32b804880b2e3872d312977d42de48ad934565abff355c4a5	13.39	7.27	84.62	0.00	0.00	0.00	352	4488	64	0	1	19
20111108_www.express.gr_95662e961b75586f8d3cbf40783417e579e5f8568ff39355feb442a0	4.39	2.25	93.55	0.00	0.00	0.00	406	17676	28	0	0	8
20111107_www.express.gr_dfc1885e3264b533a48748b5e2154a32e563195109ed7424a5340ac1	4.61	2.36	94.27	0.00	0.00	0.00	428	17677	26	0	0	8
20120106_www1.rizospastis.gr_a0c46c9e11a7fe0ec70aca89596807dddb688b5ee5f21075f8563f54	27.40	16.15	90.28	0.00	0.00	0.00	353	1833	38	0	13	5
20111103_www.express.gr_c61012b55d72b56911132fdce606fca3b88af9af03cbfd839df60fcf	6.72	3.48	95.93	0.00	0.00	0.00	637	17669	27	0	0	10
20120106_www2.rizospastis.gr_b3ebfe01d7238d8801c3ceb926f44d3b8179ef45ce38c791b085097d	40.75	26.57	87.37	0.00	0.00	0.00	685	1893	99	0	20	14
20111115_www.express.gr_56539caf20c6ff25edba98bb2a51a03dde06ae052798c5f91cb88e4c	4.74	2.43	91.88	0.00	0.00	0.00	441	17704	39	0	0	11
20120106_www2.rizospastis.gr_c4a7903a237df85bb5d949b5e25e98697135c20e4a815f58682e75c4	34.75	21.59	89.09	0.00	0.00	0.00	531	1929	65	0	19	12
20120106_www2.rizospastis.gr_ed2b7239f505720e152a418a4cbe4685000be53adfcb01e45bfea1e0	33.83	20.81	90.29	0.00	0.00	0.00	409	1556	44	0	16	8
20111221_www.express.gr_069b684b39c02aaecedd887d39bbcabf1b78e4e33f2cb0fc602a7970	2.37	1.20	89.96	0.00	0.00	0.00	215	17713	24	0	0	7
20111129_www.express.gr_43bbae2ad58c174e903cf0f7a4aa96207a86cf2a5d488ae808d0f663	3.10	1.58	93.09	0.00	0.00	0.00	283	17672	21	0	0	7
20120104_www.ethnos.gr_5683f335ca018cb298ef4c230fe01cd48e2cf9274e8b2a8102fd2861	20.29	11.46	88.22	0.00	0.00	0.00	524	4047	70	0	3	18
20120106_www2.rizospastis.gr_794ce5494a6a61481505e8466e6c6302ba5deeafaaec66597e860e91	34.14	20.96	92.06	0.00	0.00	0.00	394	1486	34	0	13	5
20120105_www.tovima.gr_52df3a2ac78fa224f229919e635bde144016f650c22f7b006f05b83b	19.57	10.99	89.22	0.00	0.00	0.00	604	4892	73	0	1	22
20120105_www.iatronet.gr_4d796b56bc5459bdc651928263d79cb6923e3481e78bea4612d58bd7	4.10	2.10	79.63	40.00	50.00	33.33	43	2003	11	1	1	2
20120106_www.tovima.gr_526e56bd7f9e2305519228aca4dc084ed33a3ee06a1192f3a43644f6	10.97	5.86	85.86	0.00	0.00	0.00	522	8390	86	0	1	16
20120106_www2.rizospastis.gr_a7a091cc3d3f43051c1d9936b8c624431e06cc68b33122edaddc992c	34.22	20.88	94.83	0.00	0.00	0.00	495	1876	27	0	12	4
20111207_www.express.gr_5a2b984dd7cae62f5e2aa1e96ffeb4a2232535a31b16445374f66c5f	4.74	2.43	95.86	76.47	81.25	72.22	440	17676	19	13	3	5
20111206_www.express.gr_fe5aaffb179cb79d777721a048b5fe804bb1bf6c8201e3611fa83eb7	5.04	2.59	91.28	70.00	73.68	66.67	471	17696	45	14	5	7
20120106_www2.rizospastis.gr_c44d5229886107a964158809a7762986d468cbec420700d03e3fef7f	40.36	25.75	93.30	0.00	0.00	0.00	515	1485	37	0	15	7
20111223_www.express.gr_374762ff4e1b04230ae3e3f963a915f8bdc31896297eb788bb6fc9b1	2.53	1.28	89.15	0.00	0.00	0.00	230	17717	28	0	0	6
20111229_www.express.gr_e89708756b62de16c045024abce18962f4887cceb384ba4d436dae93	4.50	2.30	94.78	0.00	0.00	0.00	418	17731	23	0	0	8
20120106_www2.rizospastis.gr_f07c6ea188bee2759e1882bc3e1ed48a9d503e0731f9ea4102592b9a	43.60	28.51	92.65	0.00	0.00	0.00	782	1961	62	0	21	16
20120106_www.tovima.gr_743ded6e97f5182f3a2011cdd167996edc192c096917e935f1140f78	7.79	4.07	88.97	71.43	76.92	66.67	363	8552	45	10	3	5
20111109_www.express.gr_6066839f4292469965d02e2879526a4fed12f6a8c4e1ba5ecc111893	4.41	2.26	93.81	0.00	0.00	0.00	409	17690	27	0	0	9
20120106_www2.rizospastis.gr_4e4eaf02db02876450dc459fd997fb8c7cecbab449aed2ed2326526a	38.35	24.32	90.72	0.00	0.00	0.00	489	1522	50	0	15	8
20111104_www.express.gr_42e0b60d0d424eb58535a9932e2c03999ea754f508248e913b735615	4.70	2.41	95.61	0.00	0.00	0.00	436	17676	20	0	0	7
20111109_www.express.gr_a5406a8d760df5c8f1ca77c7e5671bd70adc898b907cef3fa9d6894f	3.59	1.83	93.73	66.67	100.00	50.00	329	17667	22	4	0	4
20120106_www1.rizospastis.gr_9bee46ba264b3073b643e84da3e0fdd95a2fa0977fb7489b57d04e88	6.63	3.48	72.73	0.00	0.00	0.00	48	1333	18	0	10	2
20120106_www.ethnos.gr_1084803ed0be38ec9e1cd259051c6724425a18b4729e37010668f164	11.87	6.33	94.80	75.00	75.00	75.00	255	3772	14	6	2	2
20120106_www.sigmalive.com_933d4d485b475e4ddc031824c7494f26cc52dad11af991fd6adc8baa	39.09	24.50	96.70	90.00	100.00	81.82	498	1535	17	9	0	2
20120106_www2.rizospastis.gr_b6790588a82e5a49bbeb17c84d2d9955724b60b3149ff61a623706f7	17.60	9.80	85.97	0.00	0.00	0.00	190	1748	31	0	13	5
20120106_www.kathimerini.com.cy_21a451967de884b70d8bc66ea154dc81bd15493ea0dd3a75029bd2b7	6.38	3.31	86.23	0.00	0.00	0.00	144	4201	23	0	0	5
20111219_www.express.gr_36151b6ff7434e17bcc491b8f8d581a4389e87211b7f28e84e5ebac8	6.82	3.54	96.44	0.00	0.00	0.00	650	17732	24	0	0	9
20120106_www.tovima.gr_e86e96f302600f04a179aed847390294542f51d1503da4b522c54ba8	9.91	5.25	89.67	0.00	0.00	0.00	434	7838	50	0	1	11
20120106_www1.rizospastis.gr_30d12031433cfe118d842ab19f305db0825668b5e0a57d6bf1e36f89	20.43	11.58	86.94	0.00	0.00	0.00	193	1474	29	0	14	5
20120106_www.kavalanet.gr_439c1c31f81f17eb2bdb5534dcc59a6da4532b05c6c6583b269e2c0d	24.50	14.27	86.65	0.00	0.00	0.00	344	2067	53	0	4	11
20120106_www1.rizospastis.gr_082fa9016c2096df4877f57acc73575eeb7f61307349a2e66adb623b	32.04	19.40	92.04	0.00	0.00	0.00	347	1442	30	0	14	6
20120105_www.iatronet.gr_d5cd556d7fa19bb67de03c43848019f43d36c51914e14f3331d35d65	3.72	1.91	79.59	50.00	50.00	50.00	39	2007	10	1	1	1
20120105_www.iatronet.gr_592fa311de7833d5d1ece2963aa544e055bf7a765e7d0414c7c2bc5e	17.49	9.65	93.07	80.00	75.00	85.71	215	2012	16	6	2	1
20120105_www.iatronet.gr_b14375ab46160ef5bfa6ad36b032440f1a35cab51049b090d00c1251	4.10	2.10	79.63	40.00	50.00	33.33	43	2003	11	1	1	2
20120106_www1.rizospastis.gr_e769aa28eac392e0799b29ca6171a3fb529a867e5978ecf9d47e56e1	21.08	12.10	81.57	0.00	0.00	0.00	270	1961	61	0	29	21
20111115_www.express.gr_acb32363b90ee8aed08fb756afea5c8f035162a21dbf9c4d89156667	4.71	2.42	93.99	0.00	0.00	0.00	438	17693	28	0	0	9
20120106_www.tovima.gr_5ccfcd5dc81da74ab6661a16fd7b3de18fc8d15ffaa35b40e3a7dbd0	15.07	8.27	85.07	77.42	85.71	70.59	450	4994	79	12	2	5
20120106_www.madata.gr_7fe67e5cad2bb97f9591b75debb7ab74fb06fff553080d7225b5b28b	30.02	18.10	87.79	6.25	100.00	3.23	798	3610	111	1	0	30
20120106_www.imerisia.gr_5b2ec712d4b755430be0f5536db84e99522b3d723286d2793ea92058	17.20	9.44	96.78	55.32	43.33	76.47	782	7503	26	13	17	4
20111121_www.iatronet.gr_baaba59c87de69c8f4e336e185ed5577afd7b3f3b1fe42b919da955e	25.08	14.42	95.92	80.00	85.71	75.00	376	2231	16	6	1	2
20111125_www.express.gr_a694c95c23d5f13418425bc9c10be8b7f28af890e02ba9df7a8cba0a	7.66	3.99	94.12	0.00	0.00	0.00	736	17705	46	0	0	18
20120105_www.iatronet.gr_23464b6d55853b749a8b1e0be1ba84bf1b0a850621da453dee215dad	12.67	6.79	94.23	80.00	80.00	80.00	147	2018	9	4	1	1
20120106_www2.rizospastis.gr_fe781b3c38a2199759a4bf3cfc2b42a5ac87dad7c530940307653f0b	58.48	42.85	92.06	0.00	0.00	0.00	1148	1531	99	0	36	27
20111202_www.express.gr_f029245942ee5e82f8bb398a4f8e7b4e9489c673f5e13f30816469f0	7.17	3.72	97.31	81.63	76.92	86.96	687	17778	19	20	6	3
20120106_www1.rizospastis.gr_162e8a9f4367a37a089fb00823ec369701b9686069ae530ef7a81455	22.53	12.80	93.84	0.00	0.00	0.00	274	1866	18	0	10	2
20111111_www.express.gr_9477f83c4114b83ec491f8dd605341de29bb64cb0e5b56efa78e03e8	4.20	2.15	95.80	0.00	0.00	0.00	388	17690	17	0	0	5
20120106_www2.rizospastis.gr_d0eac29f1bac96e9ce4b5f20f280d7114946f07311a907d9cafcbe5f	43.96	29.16	89.26	0.00	0.00	0.00	615	1494	74	0	19	11
20111124_www.express.gr_5b7195d8167087d0cac73874900dbaf94452577d900c917daddc2049	5.48	2.82	94.49	0.00	0.00	0.00	514	17692	30	0	0	12
20120106_www.tovima.gr_1eb5534d2cbe955ec6ae37fd69543c89eb1ad465f855145f167ccd90	9.79	5.20	84.38	58.33	58.33	58.33	270	4927	50	7	5	5
20120106_www2.rizospastis.gr_df3146054cbda7e9058cbba3a075af40f57fc82b67ea721da0305cbf	21.69	12.37	87.87	0.00	0.00	0.00	210	1487	29	0	12	4
20111126_www.express.gr_6219a1e1667df8fd3c1a6986603d18290530ce62404ca1b9ede5f401	6.24	3.23	93.96	0.00	0.00	0.00	591	17708	38	0	0	11
20111209_www.express.gr_46ec12e526b67d96ff38821c694d5361d8be99ade2067b8430e7b960	1.21	0.61	83.85	0.00	0.00	0.00	109	17704	21	0	0	6
20120104_www.express.gr_3bae953f5cb76346e8647bca0efc48cbe7043f275b43b20128766f8e	2.72	1.38	84.98	0.00	0.00	0.00	181	12925	32	0	0	9
20111229_www.express.gr_b611ea42be0555cfff74b352778168e2970dfefc4b9e88492e7bb17f	5.34	2.75	94.89	0.00	0.00	0.00	501	17734	27	0	0	10
20120105_health.in.gr_9aff1149c40ef5839c0c58532ceac309a5ea459588a12c3a24408ea2	10.51	5.58	90.29	0.00	0.00	0.00	307	5197	33	0	5	11
20120106_www.tanea.gr_2743af7d3edc812bc1f95226dd820db129f103e1fdcbab4747d48ca2	11.79	6.30	91.80	42.11	33.33	57.14	224	3333	20	4	8	3
20111110_www.express.gr_fc9eda2e0ff459066717f3a54e84e0562bbbabbd8c77424f5111d1b6	4.76	2.44	94.85	0.00	0.00	0.00	442	17674	24	0	0	8
20111118_www.express.gr_b1d00a3c56c49cd86bcf9653724333eb6a71e93b6da21e030198d6c0	4.79	2.46	92.72	0.00	0.00	0.00	446	17698	35	0	0	11
20120106_www.tovima.gr_7abd8f795d5f410943446e48770f6a123cfddb0f827dd8ca705708d2	4.67	2.41	82.13	0.00	0.00	0.00	216	8762	47	0	1	12
20120106_www2.rizospastis.gr_2a18d89155f262735d35e82738c20f88b2c5aed7ad87a9cd672b5df9	10.11	5.39	80.20	0.00	0.00	0.00	81	1421	20	0	10	2
20120106_www.ethnos.gr_3b5f67cacc3ead1a2b0f7ea99e704b65e0b723d7cb2e54b567099190	5.16	2.66	88.31	66.67	80.00	57.14	204	7478	27	4	1	3
20120106_www.gazzetta.gr_ea4afc824e8faac366c2da2ece24ca990251ccdd555ea51a8e647efb	3.07	1.56	83.45	36.36	28.57	50.00	121	7621	24	4	10	4
20111230_www.express.gr_c0f338f1ae6dc751438af63bf1597e1d3d616482420662d253c1735f	2.12	1.07	87.27	0.00	0.00	0.00	192	17727	28	0	0	9
20111108_www.express.gr_f55f99a0ba28eafd617327ce280104e26403c489240a5b6a8f695838	2.04	1.03	90.64	0.00	0.00	0.00	184	17669	19	0	0	6
20120106_www2.rizospastis.gr_472bebbb3bde3519feba48dd832bf5562f2a8ffe11b80578ef8cd451	10.88	5.83	81.30	0.00	0.00	0.00	100	1615	23	0	15	3
20111111_www.express.gr_5d294cfc699d671a0633d111cc97695081f6aba0650e82835d755410	5.62	2.89	95.82	0.00	0.00	0.00	527	17677	23	0	0	8
20120106_www.rizospastis.gr_a5dd180392c350fc5216a1d567f4f5f10801947349d28f25e9103517	20.95	11.81	92.77	0.00	0.00	0.00	231	1725	18	0	10	2
20120105_www.tovima.gr_2f30505d76bbd9e1d9623994c0e7eb30b9562e336f001aed304ce056	13.90	7.55	87.73	0.00	0.00	0.00	386	4728	54	0	1	11
20120106_www2.rizospastis.gr_cc72f28afe32a750460efbacbda4d57b6edff351688288a36a59523f	18.03	10.04	88.24	0.00	0.00	0.00	165	1478	22	0	12	3
20111220_www.express.gr_7d9d7f5bab474e00ca1586c589abfda1c4b0155a7ba8cbca568097a2	5.28	2.72	93.94	0.00	0.00	0.00	496	17753	32	0	0	12
20111107_www.express.gr_a22334a5897264c602d403563a377b23fe209d1eaa1e49c06510ca16	2.61	1.32	88.10	0.00	0.00	0.00	237	17665	32	0	0	8
20120106_www.imerisia.gr_a2be2693cc9f782331507fb88a7ca0d4e2dab3c9785a50d64606b5e8	20.71	11.65	93.52	11.76	14.29	10.00	462	3505	32	1	6	9
20120106_www2.rizospastis.gr_92c6d53173a3dde62f6b1f10e9bc3d63ad18a1fbfc0593cf938cd84c	20.58	11.59	91.80	0.00	0.00	0.00	235	1793	21	0	11	3
20120106_www1.rizospastis.gr_6324ccce3bf2584356381cf2d0a9f6b1ec45b8e85264a46283e22608	31.48	18.98	92.05	0.00	0.00	0.00	336	1434	29	0	13	5
20120106_www2.rizospastis.gr_a0f860cb41ae2c3b953cf235d185cf1712018cc407b444ab1e827c1b	23.62	13.70	85.76	0.00	0.00	0.00	253	1594	42	0	14	6
20120106_www1.rizospastis.gr_e5604ddccf9bb60dfdbb5dfe1df2cfa18f7030f6f65f8ff52ba466a7	5.58	2.93	59.14	28.57	20.00	50.00	55	1823	38	2	8	2
20120106_www.healthierworld.gr_8f1ebb75121b55f2bf3e3904f7531de2e91e18ebcc2e8cac720e66d9	10.29	5.44	94.18	31.11	19.44	77.78	259	4500	16	7	29	2
20120106_www2.rizospastis.gr_40e174dcabbfed720e29794f4110e6a8657fec6c336fb08a4a48e302	18.20	10.13	89.09	0.00	0.00	0.00	196	1738	24	0	12	4
20120106_www2.rizospastis.gr_6877174498b98fffd102234307b963b4319128796e784e3eb00bfdc8	26.06	15.25	89.46	0.00	0.00	0.00	280	1556	33	0	14	6
20111221_www.express.gr_473b6f39b78009b8a0db81b690d50d060be6df0afb48d985edfe8725	7.47	3.89	91.37	0.00	0.00	0.00	720	17777	68	0	0	22
20120106_www.kathimerini.com.cy_8ded27b855005117ea8cb17e663d58176100e779765a4edc88639a85	5.01	2.58	84.73	0.00	0.00	0.00	111	4189	20	0	5	5
20120106_www2.rizospastis.gr_7e8a0d053145e23ee184f445fcbe04cc4f3ca0381c3a43480af6b3f9	17.97	10.00	88.42	0.00	0.00	0.00	168	1512	22	0	12	4
20120105_www.iatronet.gr_a7fac937931bd32d79c8a3bfc62a8c40fa80040d39a0a4eb4217b899	3.83	1.96	80.00	50.00	100.00	33.33	40	1997	10	1	0	2
20111209_www.express.gr_9cacbe500f05dd8a84d8ceb89f45b220ba877c4bd9d37b07e1917200	3.13	1.59	93.18	0.00	0.00	0.00	287	17734	21	0	0	8
20120106_ygeia.tanea.gr_98b58c7da7ca2ec61067a99a266939be511fb5a5c4fe3863680042c0	25.85	15.18	86.90	0.00	0.00	0.00	292	1631	44	0	0	12
20111209_www.express.gr_f212a6708594ea38e73b3fe1314db81c8589616b9328807d08c6d7e2	4.75	2.44	93.26	56.00	77.78	43.75	443	17721	32	7	2	9
20120106_www.ethnos.gr_b15e984c9d3ce172467f41784f3c1eb2d2d7b6605d9030ec1731d067	14.11	7.62	94.59	86.96	90.91	83.33	315	3817	18	10	1	2
20120106_www1.rizospastis.gr_25e75c59e84818b25bc3ac4dfadb217ccadb83f07c4c5e1736d90c6c	41.29	26.73	90.71	0.00	0.00	0.00	537	1472	55	0	15	9
20111117_www.express.gr_d2562f3c6adb36b590741e0ab5f74e301958cba3810017779b579008	3.29	1.67	92.90	0.00	0.00	0.00	301	17671	23	0	0	7
20120106_www.tovima.gr_6d307fa8a293d2d3777242a012dd9c907afbe09ab654f0e6fe2b7e73	0.70	0.35	65.91	50.00	100.00	33.33	29	8227	15	1	0	2
20120106_www1.rizospastis.gr_dafd09614c48faabda09182993d6a6abaa82d1e9f3d718c92153a4cc	47.12	32.43	86.15	0.00	0.00	0.00	740	1542	119	0	40	27
20111207_www.express.gr_0e39c680ecd8e7816cbc3230718634f0f44e1a74c8b2fa376911cb11	6.65	3.45	94.75	0.00	0.00	0.00	632	17701	35	0	0	14
20120106_www.ekathimerini.gr_66c892f03f51842a17d8f50b3b8d78773079414488f4cc26419290d5	15.74	8.58	95.89	85.71	85.71	85.71	327	3486	14	6	1	1
20120106_www2.rizospastis.gr_ab25098eb16959b61f71e7c2f1b79cad7d068f0cbb7db91c4774ae51	16.01	8.89	80.77	0.00	0.00	0.00	147	1507	35	0	13	5
20120106_news.in.gr_b383053cb8a5cfaed77a3c484a291f9b048e9b6ad6fb0356eb5c42bc	6.41	3.34	80.59	0.00	0.00	0.00	191	5533	46	0	3	10
20111109_www.express.gr_060b6fabbaed834d9aab87a2e99f17ff7fd02bcd00ec63d6932533b7	5.84	3.02	93.22	0.00	0.00	0.00	550	17682	40	0	0	15
20120106_www1.rizospastis.gr_626b66a3c33a4d73985317f4b6d4aba9ff0672358adca186c83815ad	29.36	17.53	90.33	0.00	0.00	0.00	411	1934	44	0	16	8
20120105_health.in.gr_d0530b7dc9d3e8806ed8ea3e4a42598a6bb41a4926ac876875d9ef3b	12.03	6.43	93.90	0.00	0.00	0.00	354	5154	23	0	5	8
20120105_www.iatronet.gr_337af06773b53fbd71a24f9afab26564ba117c2f81d2b526f9d08121	4.46	2.29	82.46	50.00	100.00	33.33	47	2005	10	1	0	2
20120106_www2.rizospastis.gr_cb4de93f7f3e81ea49fc237ed8b6e7f16854c7193f267fa2794e601e	40.16	26.01	88.09	0.00	0.00	0.00	651	1852	88	0	26	18
20111121_www.iatronet.gr_5eeec604a37e3ad124a6a86455086bc1b3f8aaebe2a1b3e4e20f03c2	17.31	9.59	88.64	66.67	80.00	57.14	242	2281	31	4	1	3
20111222_www.express.gr_4d10b42a2ff71ce8ae177ae35a1b3a9696e59cba580a3eef8910038e	2.21	1.12	90.13	0.00	0.00	0.00	201	17734	22	0	0	6
20120106_www.iatronet.gr_7b13aab24b934713b4482ff88814ae5abc0c5d616377b401392a5b08	40.25	25.38	97.27	66.67	53.06	89.66	926	2723	26	26	23	3
20120106_www1.rizospastis.gr_021a03d9892b5122d55f70ae6d4cdad2674283c2ec16b6f7aae4e54c	14.02	7.63	85.88	0.00	0.00	0.00	152	1839	25	0	10	3
20111107_www.express.gr_231d2664a4db5da65d0642392c1ff687d86544c4b9050f9111e91e63	4.06	2.08	92.82	0.00	0.00	0.00	375	17679	29	0	0	9
20120106_www2.rizospastis.gr_e9512e8ed6f6bd10b993373bec9cc17d175df950b960b0046e35da3f	20.96	11.92	86.67	0.00	0.00	0.00	208	1537	32	0	13	5
20120105_www.iatronet.gr_98e29d2767115b1eec228b6b1d5324684f1e377a61ff2992511a092c	8.33	4.38	83.64	40.00	33.33	50.00	92	2007	18	2	4	2
20120106_www1.rizospastis.gr_47e68d4610bab629936a8ee14bfc94672c7600f69963505a6348049a	29.98	17.91	91.85	0.00	0.00	0.00	417	1911	37	0	15	8
20120106_www.gazzetta.gr_08c549a0919d357dd41899a171b9bd889cc8a0b0fff492502324918c	3.55	1.81	83.93	19.05	15.38	25.00	141	7642	27	2	11	6
20120106_www2.rizospastis.gr_83834f9b5d5acb15f6928e6ca81b31800fe1022147a409c44d54486f	22.96	13.17	89.47	0.00	0.00	0.00	238	1569	28	0	12	4
20120106_www2.rizospastis.gr_59047665d06bfe2a79a6cb23a841225acd543f670882bf5c5b8b9d61	19.92	11.21	89.24	0.00	0.00	0.00	224	1774	27	0	14	5
20120106_www2.rizospastis.gr_2e4ebcd101dfe61b3fd5e7d24b5eee22eb38a8d6a4270f35a6f6ecd1	33.83	20.66	93.32	0.00	0.00	0.00	405	1555	29	0	14	6
20120106_www2.rizospastis.gr_f5d9e8187b20c39407b443235f3819b54ae6a1e36cab96ab1d948752	13.27	7.22	82.14	0.00	0.00	0.00	115	1478	25	0	12	4
20120106_www2.rizospastis.gr_153049d6282cedbdce143ef6cc1ab7ec8e554ca00af0955afcfd58a3	59.52	43.43	94.56	0.00	0.00	0.00	1269	1653	73	0	25	19
20111205_www.express.gr_7de48933dd3497ea6eb8d2bc245d33b800d6c722854384c53d517474	3.70	1.89	93.41	0.00	0.00	0.00	340	17674	24	0	0	9
20111103_www.express.gr_00432316609d53b9b165a50c0f43ba303c9d4babab967870dac4c878	4.26	2.18	93.59	0.00	0.00	0.00	394	17692	27	0	0	9
20111101_www.express.gr_6648058818bdb924afb68d540f362451eec0e42a8d47455b17b6ca3e	2.98	1.52	93.15	0.00	0.00	0.00	272	17664	20	0	0	6
20111116_www.express.gr_4aeefed514143ae7a94e00147e1b959c35ab893fe801b4d480ece28b	3.74	1.91	93.99	0.00	0.00	0.00	344	17690	22	0	0	7
20120106_www2.rizospastis.gr_01be2c662a68a89e2b6447eabf0f47bb97acb824ee458da03f03eb19	32.90	20.10	90.46	0.00	0.00	0.00	351	1395	37	0	15	7
20120105_www.iatronet.gr_3ae12d87cee7ca736bd9e95dfcf7b297cd86198eeff9c1c23d5a06d9	4.17	2.14	81.48	50.00	100.00	33.33	44	2013	10	1	0	2
20120106_www.tanea.gr_3636bb961fc41b8cea72f7318753d851c18e45d9733070b62bde3763	6.89	3.59	85.93	22.22	16.67	33.33	116	3117	19	1	5	2
20120106_www2.rizospastis.gr_8e1358b4af8ab46e79216e8c3e5c757a4e602d1a9fd24cadbc05a47e	17.20	9.57	84.86	0.00	0.00	0.00	157	1484	28	0	13	5
20111208_www.express.gr_7f8b8764037bad1ff59f3af30fa310cb1e02ad353f65d35bf4dff14f	1.21	0.61	87.10	0.00	0.00	0.00	108	17674	16	0	0	5
20111228_www.express.gr_91844eaf591aafd47722010a53052af617c7d3b1344e13d0d5f1e422	2.85	1.45	89.66	0.00	0.00	0.00	260	17720	30	0	0	11
20111124_www.express.gr_bbd4749990571767de952fd3133d2ec377dd7db73ee39e2a2f03feee	4.71	2.42	90.87	0.00	0.00	0.00	438	17696	44	0	0	11
20120106_www.tovima.gr_44cda937d91ce60e3c1445ec47ba270634f8fcfe3ba582a7d9e9bf99	16.09	8.81	92.47	75.86	84.62	68.75	479	4957	39	11	2	5
20120106_www1.rizospastis.gr_a66540e5c02b4b77e798998767348ba94e0183e7eb823c14ee211350	83.60	73.84	96.33	0.00	0.00	0.00	6118	2167	233	0	72	73
20111214_www.express.gr_87100ba7f8ccb4d12fdd727a588bb5f475b081b539784920d3e3d202	0.91	0.46	54.30	27.59	80.00	16.67	82	17786	69	4	1	20
20120104_www.tanea.gr_4856692393303ac0750faa08921b46275dbf7b8743a1784b3a02e16c	0.78	0.41	6.61	0.00	0.00	0.00	24	5804	339	0	0	10
20120106_www2.rizospastis.gr_430c69c850ffdc7b9e57f46336bc5f1f7ac199c4e3b2a3e735d9bb6d	15.06	8.25	86.36	0.00	0.00	0.00	133	1479	21	0	12	3
20120106_www.imerisia.gr_12662d25f929afe0be123012a33914b6df6e3f8c0d897c94506e4b3b	13.79	7.44	93.77	62.50	71.43	55.56	482	5996	32	5	2	4
20120106_www2.rizospastis.gr_4c627406ff6c4cfec9c51f5085dd6caa44978ae56797a0fb64af7695	32.80	20.06	89.97	0.00	0.00	0.00	350	1395	39	0	13	6
20120106_www2.rizospastis.gr_a3080aeaea1dd8ee4dd9e8839eaee10dc733e3f6999b3dda4ed6da14	18.65	10.43	87.89	0.00	0.00	0.00	167	1434	23	0	12	4
20111208_www.express.gr_7e6c81d6363b6b098fdb9209cb5e1eaeb8f6652188f39bed5a3fcc8e	4.56	2.33	92.97	0.00	0.00	0.00	423	17694	32	0	0	13
20111117_www.express.gr_3a7503f984e19276fafaee944f124abc40f5019f6d714fe776d3e51c	3.78	1.93	88.58	0.00	0.00	0.00	349	17717	45	0	0	14
20120105_www.iatronet.gr_beb0bb54d8d761e3ec3af448128046930f8fe7603e924044b256e322	3.83	1.96	76.92	66.67	66.67	66.67	40	1999	12	2	1	1
20120106_www2.rizospastis.gr_e5d6357544ca1d9a9d9402a219c058cd3f63a20c1dd410cc52e6d481	38.10	24.16	90.11	0.00	0.00	0.00	474	1488	52	0	15	8
20120105_health.in.gr_84db9e562bf0c4d0615291729f4f4e7ea9f6bf332227db41acf2ea1c	5.43	2.80	90.59	20.00	20.00	20.00	154	5343	16	1	4	4
20120106_www2.rizospastis.gr_65f79f0c8c9c7b88c9798ff946fe94a0aeb143d875f44cbc190102a2	29.64	17.85	87.34	0.00	0.00	0.00	338	1556	49	0	16	9
20120105_health.in.gr_2d5283f445d02655a1938ade9ef89594f9f3703bcccbcdab7e34ebef	13.10	7.06	90.68	0.00	0.00	0.00	399	5253	41	0	5	11
20120105_health.in.gr_ce02e86026b514251d6e6f8541c9650917fc21da910b24778e3c6c83	12.09	6.48	91.12	0.00	0.00	0.00	359	5185	35	0	5	10
20120106_www2.rizospastis.gr_f0622e0b95e1080529f45dac2940e1015b6d2ab446b56226a74f7be7	30.15	18.10	90.00	0.00	0.00	0.00	342	1547	38	0	14	7
20111220_www.express.gr_07fae9dc16db9e3fa4b72504291c46a4ab71234ff69751ad7f34badb	1.79	0.91	90.00	0.00	0.00	0.00	162	17712	18	0	0	6
20120106_www.sigmalive.com_706667b30210baedb84142980667c475d49778c1d8a085ee6a5c274d	43.05	27.64	97.33	85.71	88.24	83.33	584	1529	16	15	2	3
20120106_www2.rizospastis.gr_a096022539ce8a38357c9ffd0d98f001a4a68a9fa0ecfcd6dc127cc2	38.35	24.05	94.62	0.00	0.00	0.00	475	1500	27	0	13	5
20120106_www.ethnos.gr_a42db6b3ddeedd18a628ff1a3885527ca306bc24806702e14105a9f8	11.68	6.22	95.40	72.73	66.67	80.00	415	6256	20	8	4	2
20120106_www2.rizospastis.gr_207a2c2e5a14bcb14e360f2913c0761321c2fbe1c07aa6807136fa87	30.67	18.78	83.46	0.00	0.00	0.00	439	1898	87	0	36	26
20111114_www.express.gr_740104ca9f4f641cbe1fc581888fa6fc3152eccfe050e526c021bb92	5.33	2.74	94.51	0.00	0.00	0.00	499	17708	29	0	0	12
20111115_www.express.gr_60c020d5a20cd32bc666c3802c29f4bf9f1ab818cbeca961cbfc3df3	4.66	2.39	95.58	0.00	0.00	0.00	432	17661	20	0	0	8
20111108_www.express.gr_8d87eac6228b913fedfc02679a661fc6e5549935017c9961eb77e303	3.67	1.87	94.13	0.00	0.00	0.00	337	17650	21	0	0	6
20111121_www.iatronet.gr_ac6cc5580cf7b6c946fcd9fc07097f52de72399d63ad4aaef285b4fb	28.98	17.01	97.65	82.35	87.50	77.78	457	2229	11	7	1	2
20120106_www2.rizospastis.gr_17b900db841facbbd3f68ba2a4e12c703b87be026a04d5327fbe8db3	14.39	7.88	82.45	0.00	0.00	0.00	155	1812	33	0	15	7
20120105_www.tovima.gr_ad1ed3d7794d0ea47e0fa6cabd0d9b0550b14d5fcd1d46c3cd447730	12.94	7.02	82.58	0.00	0.00	0.00	403	5337	85	0	1	21
20111121_www.iatronet.gr_a359fea8cec89bca54e31c033e9688d9c666729ac3983054a7c5957a	9.87	5.23	86.11	44.44	66.67	33.33	124	2245	20	2	1	4
20120106_www2.rizospastis.gr_4d37e32200422d807f569df7e6992257f777abf5d2f456f620f567a0	35.06	21.89	88.05	0.00	0.00	0.00	457	1631	62	0	15	8
20111109_www.express.gr_2376175721162e688c97059cfb03f2837079f90a08aa9f6367da76cf	3.66	1.87	93.59	0.00	0.00	0.00	336	17668	23	0	0	7
20111124_www.express.gr_b3b0b46160797ac992227af3a7b80c59f959cc8d72d94a439cc59e4d	3.27	1.66	93.73	0.00	0.00	0.00	299	17681	20	0	0	7
20111211_www.express.gr_0d2742fbb769047d9c957a0f2cad86f8091cd95db2b7dd02aea402e0	3.64	1.86	94.10	0.00	0.00	0.00	335	17714	21	0	0	6
20120104_www.ethnos.gr_41c1158cb5999496f2b3c118f71758cfa6578f69df655d583c9f04ab	7.98	4.16	96.74	84.21	80.00	88.89	267	6150	9	8	2	1
20120106_www1.rizospastis.gr_e53ffb7a7f150345dfe882e7ef338f8e1063da6319be5301ce2eb2f9	30.69	18.62	87.35	0.00	0.00	0.00	442	1932	64	0	16	9
20120105_www.iatronet.gr_6682b2563f1e08d6fc34d95f38dfe00e0168e0d2dfa2b37c33c8f0da	4.70	2.42	78.12	40.00	100.00	25.00	50	2012	14	1	0	3
20120106_www2.rizospastis.gr_540c1430ae93ee9b654f98ab6652d5ba0afe0afef7a919cb6de82216	21.84	12.38	92.70	0.00	0.00	0.00	254	1798	20	0	10	2
20120106_www1.rizospastis.gr_ceb3b16b1edb4e9c17c96cecb18c8b7485a80f353fa986a9dddd2259	29.10	17.35	90.03	0.00	0.00	0.00	325	1548	36	0	14	7
20111220_www.express.gr_b653280ceb3725e0bf879e115a50c2f08b70fc2359a66f1489b29568	2.50	1.27	91.57	0.00	0.00	0.00	228	17729	21	0	0	5
20111222_www.express.gr_cbb1bc7cc4b02645bf465743537fcdc1ad8251d3f4890f0e865f9e4d	2.35	1.19	90.68	0.00	0.00	0.00	214	17740	22	0	0	6
20111116_www.express.gr_1db2023edf82f75860f86aaae5f4f7cd09cda3ce998e53aab61cef0b	6.59	3.41	94.14	0.00	0.00	0.00	626	17708	39	0	0	12
20120106_www.ethnos.gr_44aae21960a8c7b7fffe2b0ee08830c11e2dfff034195fbfbc256ee4	14.17	7.66	93.93	78.79	86.67	72.22	511	6159	33	13	2	5
20111209_www.express.gr_c40eb4117befbf5f952315762b40ac3e5444dc7f735a0bc42ffd15e9	4.31	2.21	92.81	0.00	0.00	0.00	400	17739	31	0	0	12
20111110_www.express.gr_524763985528fc595aa2eb584bd3a46f398b40073458ef6c521430bf	6.58	3.41	93.85	0.00	0.00	0.00	626	17729	41	0	0	15
20111118_www.express.gr_f226bbc41a07c1a1f6e320e7fe083986f5535a367c8d18b006d92de8	5.50	2.84	87.50	0.00	0.00	0.00	518	17735	74	0	0	17
20111213_www.express.gr_d1e42fbafda74cc6b09d1d127706e6012b4a9f829bb74bcc4aaf2e5a	7.71	4.01	96.74	82.93	85.00	80.95	741	17721	25	17	3	4
20120106_www2.rizospastis.gr_2bc56259d925e38b2f096ed4233e8951545100cf50ea2b55de1da2b7	34.87	21.69	88.80	0.00	0.00	0.00	531	1917	67	0	15	10
20120106_www1.rizospastis.gr_2aa94aaa431ddc8312632d751db90abdac8eeb09a2a7a4744471a3aa	37.48	23.36	94.86	0.00	0.00	0.00	554	1818	30	0	12	4
20120106_www1.rizospastis.gr_c3012ca8ca2a0968b8e9e79641f4699f8044d3a08a73dcbdfc81bf91	33.67	20.69	90.34	0.00	0.00	0.00	505	1936	54	0	16	9
20111124_www.express.gr_b265df49bdcd900f8f251ea5c3fefe09438ea7270187d1228ce54a87	2.11	1.07	93.17	54.55	60.00	50.00	191	17678	14	3	2	3
20111128_www.express.gr_5ea35f8d3f8677bfe844c9e4048385563cb9ad1bc53664318a3a6743	5.36	2.76	95.26	0.00	0.00	0.00	502	17709	25	0	0	9
20111216_www.express.gr_b3e6051f0dd31380ead5dabc3379f11543208e81c92d880417870d5b	10.94	5.81	94.08	82.35	93.33	73.68	1097	17799	69	14	1	5
20120106_www2.rizospastis.gr_b2138c0b117a24a9b0c5c862bd74433afa9e267d5007d241ea613877	30.30	18.15	91.67	0.00	0.00	0.00	341	1538	31	0	13	5
20120106_www1.rizospastis.gr_ec43fb4eabb6d54951b63442e151e806c0aaf08fd774013566688b59	37.17	23.45	89.58	0.00	0.00	0.00	473	1544	55	0	15	9
20120105_www.tovima.gr_e86e96f302600f04a179aed847390294542f51d1503da4b522c54ba8	15.88	8.69	91.56	0.00	0.00	0.00	434	4559	40	0	1	10
20120106_www.rizospastis.gr_19eb948b0ebf60960660fdec71812591b074d933dd9428469fa12602	20.21	11.65	76.18	0.00	0.00	0.00	243	1843	76	0	13	5
20120106_www1.rizospastis.gr_3e2bbbd8d5cb24dbfc5c6fc857b1d03875a6c8d8b3c64991971a6a31	21.05	11.93	89.29	0.00	0.00	0.00	200	1476	24	0	13	4
20111111_www.express.gr_256f9080fd01b4846351b84bb4129eff8bcca307d9deddbf786948bd	3.11	1.58	93.11	0.00	0.00	0.00	284	17678	21	0	0	6
20120106_www.ethnos.gr_87553605a11fbc907733c47c9b500c6e1c565ed42128396890bf97d2	11.48	6.12	92.52	72.73	66.67	80.00	408	6261	33	8	4	2
20111110_www.express.gr_6731493104b964ea9ee16b34b11871b08ddca1452726df3e47a44c93	4.32	2.21	93.68	0.00	0.00	0.00	400	17687	27	0	0	8
20120106_www2.rizospastis.gr_1393daa49ac0bd1888f5ad8b1f4b0026ba2088affae82ba7ba875d33	35.61	21.95	94.25	0.00	0.00	0.00	508	1806	31	0	13	5
20111216_www.express.gr_64ac71e0d5681563f3e75768aee0872c9de9ccdb8d10e14c5ba86360	8.18	4.27	96.06	73.68	61.76	91.30	805	18029	33	21	13	2
20120106_news247.gr_9642177fd2e47bb2f105ff5d29a24bed2818abacac9ae5a27f744f07	24.15	13.85	94.09	80.65	73.53	89.29	717	4459	45	25	9	3
20120106_www.tovima.gr_bd177f1cd6a7e8f04fdf3fbf94a41e2a5491c917e1fdaf9394c8b278	12.70	6.84	89.44	68.42	68.42	68.42	627	8543	74	13	6	6
20111215_www.express.gr_c320a7f3e07dca9df780b5037300e0ff5707dd591963fc6c1e06583f	5.14	2.64	94.51	44.44	42.86	46.15	482	17770	28	6	8	7
20111124_www.express.gr_41edb297aa4c3872c400d4cafdd44d524fc56f1c7c28eaf2c3ae6256	2.84	1.44	91.20	0.00	0.00	0.00	259	17685	25	0	0	8
20111208_www.express.gr_bb19adba9b0ca9d1ea79cf6871ca675a14d79c48f0e88d287717399f	4.51	2.31	94.78	0.00	0.00	0.00	418	17685	23	0	0	7
