file	F	P	R	F.tag	P.tag	R.tag	TP	FP	FN	TP.tag	FP.tag	FN.tag
20120112_online.wsj.com_078a9cdd4b90e6cb0fd7112799485760d0fc0ee223259c46111498e8	13.74	7.39	97.52	28.57	17.07	87.50	708	8871	18	14	68	2
20120112_www.ctv.ca_212977300121cb60ac349698924e039bf25162fd18da3179df05166a	7.57	3.94	96.69	16.82	9.28	90.00	321	7825	11	9	88	1
20120117_www.vancouversun.com_645c3e13b7ed69829ebfa404ab367f5d607585e3408017d5053f2cca	8.18	4.31	82.50	0.00	0.00	0.00	363	8067	77	0	37	19
20120112_yourlife.usatoday.com_ebe50592eeff17817363219c543164cc48dd75d9b67e95c8cb630c69	32.05	19.54	89.08	13.79	40.00	8.33	628	2586	77	2	3	22
20120112_www.businessweek.com_a005cdc19204ac2e3d4a5b818aa8c77e5968802888d329495c31085c	48.18	32.20	95.60	85.71	90.00	81.82	304	640	14	9	1	2
20120117_www.nydailynews.com_dbfe488b757fbf3551f5c7b2dd4a68fbf3eb263f65d52756519d0ebe	15.06	8.19	93.61	62.96	50.00	85.00	381	4271	26	17	17	3
20111215_www.metro.co.uk_59956104e4f612d6f61f5497ddfdfea1352c597763ea33c207929059	17.88	9.90	92.02	88.89	100.00	80.00	242	2202	21	8	0	2
20120112_capsules.kaiserhealthnews.org_bd950f35c3d4bbfedd3679aa8ed5911ac1670d24388a5c68bc43101b	36.88	22.84	95.78	60.00	47.37	81.82	454	1534	20	9	10	2
20120117_tribune.com.pk_f982bbb2b1b6d22a3c33fba07b265a1c8be69562b8d48f773729c81b	26.86	15.68	93.36	64.62	52.50	84.00	689	3704	49	21	19	4
20120117_www.cosmosmagazine.com_ca99584dc34b621b196e5469128147ca2a2596f9ef72cb11548df45e	64.55	48.41	96.83	75.56	68.00	85.00	793	845	26	17	8	3
20120112_newstonight.co.za_4947d97c403248217bb6c561819984948d4ea0f93eddebb8bed85820	24.27	13.89	95.80	60.00	50.00	75.00	319	1977	14	6	6	2
20120117_www.straitstimes.com_bd59413015818e41702e70acee39591dd6c12b52dd4c4e1df12fd833	4.29	2.20	90.65	11.11	6.06	66.67	126	5609	13	4	62	2
20120117_www.vancouversun.com_bc6137a56083e9dab259a97f6bde13f07d4c97b1dd27b66335eb8127	17.94	9.87	98.05	96.67	100.00	93.55	756	6901	15	29	0	2
20120112_www.calgaryherald.com_2d319a6f950e9c0f3569098d55658d4719c7c4f902c3627cb39a9cf7	9.14	4.82	88.69	0.00	0.00	0.00	753	14867	96	0	35	33
20120117_www.theglobeandmail.com_36ea6f6eaa3cef710ab028cb216c78e11fb821c228bf17694d43eedd	13.92	7.52	93.07	77.78	82.35	73.68	671	8251	50	14	3	5
20120117_www.ctv.ca_c0c7faf0396c90b75a307acbd2afa92f8ba4ec226b64ad3af584feba	0.85	0.43	85.00	1.67	0.87	20.00	85	19894	15	1	114	4
20120117_www.yorkshirepost.co.uk_50c87a669df9177b29c3a5d3019d875e04957d02d996b8bb2aac1801	15.86	8.65	94.82	68.42	59.09	81.25	403	4254	22	13	9	3
20120112_www.usforacle.com_f2891c69339edef2dbc4a373f6ae6dd076bba28fb00514a78a3453eb	36.46	22.93	88.90	82.35	75.00	91.30	713	2396	89	21	7	2
20120112_www.sunderlandecho.com_c306b8c96a9bba70a2a2093dc16cbd8e0890f9f3d2072429d3b8c95a	22.61	12.78	97.97	66.67	52.17	92.31	723	4935	15	24	22	2
20120112_www.medicalnewstoday.com_15b285f600b9236be7ce88cfb81f1a5a229f078321d2e94265ddb1ed	20.80	11.74	91.12	0.00	0.00	0.00	595	4474	58	0	7	20
20120112_www.google.com_16ba7af039d5e83a5722d8de6bdf55167ee80ce457b03f27739be3c7	53.16	36.60	97.11	87.50	87.50	87.50	370	641	11	14	2	2
20111215_www.bloomberg.com_89eb5fb6f715c79f7b80b996dcbdfe57e6f6837e3fb513c7948dee1e	8.63	4.52	92.80	63.16	66.67	60.00	335	7072	26	6	3	4
20120112_www2.canada.com_061c2254d186cba1de8bc740da2f39c8df5b5bd530b2e1f27df8b166	26.01	15.09	94.11	52.63	39.47	78.95	575	3236	36	15	23	4
20120112_www.manufacturing.net_ad45736475db03b9536eef3cdb34ccf60f9ef07dc912bcfcf4245260	26.41	15.58	86.81	90.00	85.71	94.74	566	3068	86	18	3	1
20120112_www.businessweek.com_2a21025f6f4dc13c9eb8ebf3d249f3fd66c6dd25a65a594f0083b2b7	21.66	12.31	90.00	0.00	0.00	0.00	414	2949	46	0	6	15
20120117_www.dailymail.co.uk_c34acbbc260a94c894ed42d9e6fc75a03c008fdf32e31f38a73a156e	7.36	3.84	89.64	0.00	0.00	0.00	372	9315	43	0	15	12
20120117_www.healthcanal.com_8edecf312eef5bede6750ca9181875c2970b5e31b026251abfafa9c8	29.48	17.43	95.52	66.67	58.33	77.78	384	1819	18	7	5	2
20120112_www.cnn.com_48eddc7c17447b70075c26a1a3b168243edcbfb28f01855583e24adb	35.19	21.55	95.73	78.57	84.62	73.33	516	1878	23	11	2	4
20120112_abcnews.go.com_7b2ea90b30176ca2e098e6e3a331dc3bcd6beb0216747a49b2fd9f07	25.17	14.44	98.03	75.56	65.38	89.47	646	3829	13	17	9	2
20120117_www.theopenpress.com_f9539b4ba770cb31fcc376022ea3c2996dacf42bf088e4df1615f985	31.39	18.90	92.59	0.00	0.00	0.00	487	2090	39	0	19	10
20120112_www.guardian.co.uk_fe4c86a6ff1334cd703e1fba09498b614fd4d8c6e9c5e1a1de4e114c	6.61	3.42	97.41	9.52	5.07	77.78	565	15948	15	7	131	2
20120117_www.hudsonhubtimes.com_81a2ad8a87eed065c4f97bf6d0d7b432a82f3ad18974f116dca3197c	49.59	33.14	98.45	96.30	100.00	92.86	573	1156	9	13	0	1
20120117_www.thetelegram.com_84e336661344c69f7d06dbf5d9ed920e501ed62e7b64b477e5b84dec	17.81	9.81	95.98	69.39	56.67	89.47	310	2849	13	17	13	2
20120117_www.nzherald.co.nz_ad956db50d001d3ce17d3c6342e808aa1238bd8e8206f01d4812bf72	13.70	7.38	95.46	71.64	60.00	88.89	568	7131	27	24	16	3
20120117_www.langleyadvance.com_c094f71e549e47744144566197f0abf73ca1eb707ff060e3a7c068da	23.57	13.40	98.02	91.30	91.30	91.30	645	4169	13	21	2	2
20120112_yourlife.usatoday.com_55c1f30efcbbf616dd0d6952c512f8c5e67d1720e6e47bea6489f71d	36.33	22.64	91.93	8.00	20.00	5.00	740	2529	65	1	4	19
20120112_www.washingtontimes.com_92d81e4d373524316f170850ce146c98a5ef60b1ee2d323de4eb5f05	14.42	7.87	86.71	74.07	83.33	66.67	437	5119	67	10	2	5
20120112_www.walesonline.co.uk_c74de3f2c3597ac5a357a970261183f1c40796d56c78aab8804648cf	17.08	9.38	95.40	75.47	64.52	90.91	643	6212	31	20	11	2
20111215_www.hi-mag.com_6ea8940a980c5a88125994f6499541148791f863a94d469ba4a0cf9a	27.53	16.07	95.84	66.67	61.54	72.73	346	1807	15	8	5	3
20120112_www.latimes.com_86590de2901a8e344e80e97320b29447c9e32973abca5f94e937e36d	6.55	3.44	67.57	0.00	0.00	0.00	225	6316	108	0	4	11
20120117_www.stuff.co.nz_cc415cc1a7f98456f362ad5d9d0f5768c4bfece11189bd576907fbb9	32.39	19.43	97.20	62.86	48.89	88.00	797	3305	23	22	23	3
20120112_www.metro.co.uk_63ca8cbe651c3917efb0977f6ea7a4b5fe936b9bd5367591a2f6570c	14.15	7.68	89.80	80.00	100.00	66.67	176	2116	20	6	0	3
20111215_www.dailymail.co.uk_d0ea63908ff796a09c45b95e841dfac33563e802387991bcc135fa4a	9.34	4.94	86.10	0.00	0.00	0.00	508	9780	82	0	27	24
20120112_www.reuters.com_7a3ed76095e0102a7e0d096cf11f2a1e75c1376bc923de2879fa8700	16.27	8.92	92.67	73.68	66.67	82.35	556	5677	44	14	7	3
20111215_www.bbc.co.uk_cef0d1619babf56ae2533742ef19512e3ecf3e818a4bcc3036bcf0c7	18.93	10.51	95.64	56.60	44.12	78.95	636	5418	29	15	19	4
20120112_www.dailymail.co.uk_312178333630c1aae812202f6affe4de2fd6cd800ceabe34cad6cc90	3.46	1.77	83.25	0.00	0.00	0.00	169	9397	34	0	16	9
20120112_www.businessweek.com_a3c2447b038ee157ff05a6e38a9f1923422b8f38d0eb556eee61c7e8	20.27	11.33	95.93	80.00	80.00	80.00	330	2582	14	8	2	2
20120117_www2.canada.com_768405a9cf2dadc2769a56edb9fc57549c7d628cb373c38b75f12919	12.34	6.61	93.31	56.00	43.75	77.78	223	3152	16	7	9	2
20120112_3d-car-shows.com_568a696a9b0b74e33aa9f371e1894d6bb8e919d0745fd18d26771bdc	38.32	23.90	96.57	87.27	92.31	82.76	844	2687	30	24	2	5
20120117_www.vancouversun.com_53f7cb2729dbc799a8053833c38c1e209189cec3232585a24e480a55	6.49	3.36	94.07	87.50	100.00	77.78	238	6839	15	7	0	2
20120112_www.medicalnewstoday.com_0d4f2d84bf8fc9e3bb097865447abd0246a26175b6cf6dc3442e997c	18.41	10.24	90.73	0.00	0.00	0.00	548	4801	56	0	7	19
20120117_www.newstrackindia.com_be31d862c62a21db5da44f6f04dfbefa0db30b8871335add44765e18	38.54	24.24	93.98	88.24	88.24	88.24	406	1269	26	15	2	2
20120117_topnews.us_79cfa1c6466acf007f87bf67f0e374affc8120c151663dc2463d26da	16.24	8.88	95.21	75.00	75.00	75.00	318	3265	16	6	2	2
20120112_www.dailytelegraph.com.au_19da765522c25f1e05b4e2e5c71ead9d2a29c56f410c0e9466d84987	9.98	5.27	93.63	68.57	60.00	80.00	353	6345	24	12	8	3
20120117_www.slbc.lk_ffe253f28e00d6fe592352ade540a8794f1fc39629982208652ab870	28.35	16.79	90.98	0.00	0.00	0.00	111	550	11	0	0	3
20120112_www.cbc.ca_0bcde571ac213d83e8f838480693af9d70c2ddc2b44ddd5221170be7	9.45	4.97	94.39	87.50	100.00	77.78	202	3859	12	7	0	2
20111215_www.economist.com_303e7a3288d2b109062b6ebcd0676f206e605325782fe0a181f02049	32.04	19.17	97.34	59.26	50.00	72.73	621	2618	17	8	8	3
20120112_www.reuters.com_2d186f1bdc126e568e3394e1f1af926f58c39d8ccbe1ec0fe30ddec5	13.04	7.01	93.64	51.06	38.71	75.00	442	5867	30	12	19	4
20120117_www.bbc.co.uk_e3fd678203c31aa09445d655a2e56a7f8bf4c1651ceef12345789a9c	9.16	4.83	87.66	54.55	42.86	75.00	206	4057	29	9	12	3
20120117_www.news.com.au_45ec13db07ca54a903d0b2f1ab5560495b485cdc62e5e573caaa8bfc	9.20	4.85	90.46	66.67	70.00	63.64	275	5398	29	7	3	4
20120117_www.ohio.com_3257efd6ddffd185f2fe02a3033e51b100d23cfe1bbb6974825ab535	15.20	8.26	94.83	84.00	77.78	91.30	514	5708	28	21	6	2
20120112_www.smh.com.au_a06534b3c16eaf51c4fac344f19aebef34c49dc2d543a7f721bcf310	18.42	10.18	96.93	76.36	67.74	87.50	632	5578	20	21	10	3
20120117_www.guardian.co.uk_391eecad2ee1c02543a7c9a17ac788046d6dd5b6204b7f11d0dfbc73	19.31	10.72	96.91	63.16	48.65	90.00	659	5486	21	18	19	2
20120117_ibnlive.in.com_699400a4278cba71902aee6965c6cb60f3a1dd057377414ce021cb4e	7.07	3.67	94.97	66.67	100.00	50.00	189	4962	10	1	0	1
20120117_www.ndtv.com_9217541c6e041802716cd7470f536583e5bc5aca5234bf5802d9a31a	7.32	3.84	80.00	20.00	50.00	12.50	124	3107	31	1	1	7
20120117_www.guardian.co.uk_2db34db46735626bb17099f1e04a0b8a3614ac789391c9bfe3cfd4e6	13.89	7.48	97.02	57.14	43.24	84.21	488	6037	15	16	21	3
20120112_ibnlive.in.com_09fad9c959056d10ec19c574be69fde6666617dfc01321c4e5620f9a	2.25	1.14	78.64	20.00	25.00	16.67	81	7016	22	1	3	5
20120117_www.heraldsun.com.au_8126059a034413bbc5feda6c0972a2f4bcdc10a4a2966756524bdb9a	9.80	5.21	82.69	10.53	33.33	6.25	277	5042	58	1	2	15
20120112_news.nationalpost.com_db84bb6bef5278925cad1cb6ee9f78ef5341659326967b3a77cf8799	24.66	14.14	96.14	15.32	8.54	73.91	647	3928	26	17	182	6
20120112_www.bbc.co.uk_11ac003bb189b173013ffe172a5f9d970511411776aa8a2240af5a06	6.60	3.43	87.10	50.00	37.50	75.00	135	3800	20	6	10	2
20120112_www.whitehouse.gov_8a4f1f3cb5ec3c71b3480a56cbbff449d1973595033b728f7e82fadf	31.08	18.96	86.20	32.56	26.92	41.18	762	3258	122	7	19	10
20120117_www.dnaindia.com_fd3765adb1b01b810d1167ba1712a8470fba7b0fb2891182c2b1a100	22.01	12.43	95.79	96.30	100.00	92.86	296	2085	13	13	0	1
20120112_twocircles.net_e952787cf52feb093284b1e08fa3e2bbf673634e3a36618d1e5ae5f7	27.53	16.07	95.94	55.00	40.74	84.62	307	1603	13	11	16	2
20120117_www.google.com_6efdc613eb93d12a9500bf91a355693091eb23744fb0d6621b6e50ef	50.47	34.06	97.37	90.91	90.91	90.91	296	573	8	10	1	1
20120112_www.barchester.com_4c4d0427e91d6004553087582714950ca37bb14a373c872a31053a77	33.58	20.73	88.36	11.76	14.29	10.00	205	784	27	1	6	9
20120117_medicalxpress.com_e90868732f31bc8286c67c05fdbc456e9b374ced94bb3999dd91baa9	35.44	21.66	97.38	55.88	42.22	82.61	1152	4167	31	19	26	4
20120117_www.thehindu.com_8b040e087a12de4d40f989bae180f0f17387a2d0e9645faa766e108f	16.55	9.09	92.25	0.00	0.00	0.00	500	5001	42	0	2	18
20120112_www.pulsetoday.co.uk_9be002fbea0f0cda68ec64a3d969d7c5f981f67724253017eb93b917	11.49	6.14	88.67	0.00	0.00	0.00	266	4063	34	0	2	7
20120117_www.dailymail.co.uk_56994e6d6576437c4deaf0da93ed39e5e4ef091958832cf3ec83bd6d	9.42	4.99	83.91	4.35	4.35	4.35	485	9238	93	1	22	22
20120117_wonderwoman.intoday.in_ac77509543e77c4fac40e105e32e2772efe84f6e1c2fe32e14f41a39	40.51	26.24	88.73	0.00	0.00	0.00	433	1217	55	0	1	17
20120112_abcnews.go.com_3a6a0eb843fbdd0cf4c05f9cf4fc3e325539f9a837029af6c52617c2	21.14	11.92	93.45	72.00	81.82	64.29	728	5379	51	18	4	10
20120117_www.mirror.co.uk_7d5e6f67a6979c53c5555614287d5e615c527c53fb9760236b95b8b9	10.41	5.51	92.89	76.47	68.42	86.67	431	7385	33	13	6	2
20120117_www.winnipegfreepress.com_3d2c24aeef2bf0ed60610f88eb47843cbc1976c6fb8fef769ef233b4	23.00	13.03	97.81	80.00	68.75	95.65	491	3276	11	22	10	1
20120117_www.sunderlandecho.com_11ef26314b2339538dba0edf09303ccba6fecc6d108cea306d79a8ca	20.39	11.41	95.59	74.51	65.52	86.36	477	3703	22	19	10	3
20120112_www.vancouversun.com_a7a143f20a560992ca878cd0e6885e75ff1af630c7f58a543b227fe4	10.16	5.39	88.91	0.00	0.00	0.00	417	7326	52	0	41	18
20120117_www.penguin-news.com_375ac28c560fc04beb3fcc92cb02c1c9e4bec5918d952cf8b9a398b6	22.19	12.55	95.50	50.00	42.86	60.00	212	1477	10	3	4	2
20120117_www.deadlinenews.co.uk_46f85fba84210a9d8297175a51f0a455e02739a8acb325476f397dc9	21.07	11.84	95.30	58.06	50.00	69.23	345	2568	17	9	9	4
20120112_www.irishhealth.com_a361acaac9810b5100c62926d5649a6118027ffb60db7aef06c9df8a	23.62	13.53	93.06	76.19	80.00	72.73	268	1713	20	8	2	3
20120112_www.google.com_5c2af7d81ade24ac0a6d705e205aca59813c67fba804f7b68e2e7455	44.90	29.23	96.81	90.00	90.00	90.00	273	661	9	9	1	1
20111215_www.google.com_8e4063dc6cfb782088d53af715efdf52447cbd4aa6b8e56060cda6f7	53.17	36.56	97.48	95.24	100.00	90.91	310	538	8	10	0	1
20120112_www.cbc.ca_2013ab16a33b8e9a328db6d85e9640d6fdc1f27529f5c142819b392b	18.87	10.45	97.04	90.00	90.00	90.00	328	2810	10	9	1	1
20120117_www.cbc.ca_d280ab600eeced3edfccf6115b9f97c18cfc3e5eaeb1e8a008078b1f	24.17	13.81	96.65	92.68	95.00	90.48	519	3238	18	19	1	2
20120112_www.newsandstar.co.uk_87af71c469ffa03161f85d93769c28c54d8c6685e696c81d02585bf3	20.60	11.53	96.84	78.95	71.43	88.24	399	3063	13	15	6	2
20120117_yourlife.usatoday.com_704d21574d01a67167c1582fb3590fc9497721570a41faaa3567da03	22.53	12.87	90.47	0.00	0.00	0.00	598	4049	63	0	5	16
20120117_www.tgdaily.com_0851f71842f41f2052d882d4156844d3fd5e123efe3982167bd6663e	32.73	19.88	92.59	83.33	83.33	83.33	300	1209	24	10	2	2
20120112_www.winnipegfreepress.com_31beb74ad5cc37754e1d33ec41cd9c4b8cf4c68c52611eb58a5b2a2d	8.79	4.62	91.38	51.85	36.84	87.50	159	3286	15	7	12	1
20111215_lifestyle.myjoyonline.com_b5b6ed9b355b6a6cc165063e69e3751d6d208794a0584ae03c75329e	34.48	21.55	86.24	0.00	0.00	0.00	495	1802	79	0	0	24
20120117_insciences.org_5a38d0d9d1f6c2efa76613a579a1d272a5e049b9a1b335572bddc86f	55.25	38.81	95.84	56.25	45.00	75.00	876	1381	38	9	11	3
20120112_tvnz.co.nz_695629943f191bba92909e10c5c610e6a2926c80af35069ab5185b24	10.36	5.49	92.70	41.67	27.78	83.33	165	2841	13	5	13	1
20120112_www.medicalnewstoday.com_3c7a2b3347ff9a9f376ef57ffccea1eb33898b6064fab71224d80c19	17.84	9.88	91.43	0.00	0.00	0.00	480	4376	45	0	7	18
20120117_www.inpharm.com_13cb4a94a2af912370425c72652866dde00b4a67607b08a8969f0da7	28.30	16.69	93.02	70.97	68.75	73.33	360	1797	27	11	5	4
20120117_www.montrealgazette.com_a43a527070bdc6c5e87cbade806685dd8f225e3b1768786102f89ad4	15.68	8.54	96.41	85.00	94.44	77.27	671	7189	25	17	1	5
20120112_www.reuters.com_9805087f9c2bdf6ce2cee7f755b2f88f80ac2b09d470bc6fefeb9954	10.05	5.32	91.52	66.67	58.82	76.92	313	5572	29	10	7	3
20120117_www.mirror.co.uk_33b2a6dd191f2233bfa3c1ef3a49c492b505832883d3050e1940961b	12.54	6.72	92.49	75.00	71.43	78.95	505	7006	41	15	6	4
20120117_www.sundaytimes.lk_2487e3d3adadb2a5b545433f20eda72bb6989b9ee1b9acace784c93c	51.49	35.05	97.01	90.91	100.00	83.33	778	1442	24	15	0	3
20120117_www.vancouversun.com_5c5c8a2b675997c08c964a232714b1e2815473e93bf43e12e25d2ecd	13.48	7.30	87.15	0.00	0.00	0.00	631	8009	93	0	23	25
20120117_www.nursingtimes.net_38b101d69b9c9cfe1e114d0559971d9c8902ae2648a37d32788f46eb	34.57	20.99	97.87	60.38	45.71	88.89	688	2589	15	16	19	2
20120117_www.montrealgazette.com_2fee9fc5139f4e58e87b3a396028a869f78356060e0141259c5839e8	5.88	3.04	86.89	0.00	0.00	0.00	232	7395	35	0	15	11
20120117_www.globalpost.com_79a4dd9737349e7695e9f386a54b849a1e025e959db8a50954f798fb	15.75	8.64	89.01	57.14	57.14	57.14	251	2654	31	4	3	3
20120117_timesofindia.indiatimes.com_22c1d64206e29a0dca411ee86f44ea616b8f8ac5c652cf30f2382385	15.65	8.53	94.42	83.33	100.00	71.43	220	2358	13	5	0	2
20120112_www.msnbc.msn.com_816efc90821d446121da0919d604c25bcf609dcdae1315719001cf5e	24.97	14.33	96.62	62.22	56.00	70.00	543	3245	19	14	11	6
20120117_www.theglobeandmail.com_2f8c4f3e053f8a1c6f1e3c029d13a4535cfedff37081e875c2409398	8.70	4.59	84.77	66.67	66.67	66.67	384	7991	69	10	5	5
20120117_theuptowner.org_5e03c90055896adb8d8f3cba18a5ecf4b076702f7d9805c8b9a81422	50.99	34.45	98.06	80.00	73.33	88.00	1061	2019	21	22	8	3
20120117_www.dailymail.co.uk_868c9443878fc41941fe65a4574ec9b012d876912874d4247b4b4258	6.12	3.19	76.03	0.00	0.00	0.00	314	9537	99	0	22	16
20120117_ottawa.ctv.ca_185d58d6bafc8849152ce0430eeb8d243450e52025686429eca85123	6.83	3.54	97.00	63.16	48.65	90.00	517	14080	16	18	19	2
20120117_www.foxnews.com_afd88d9ff26bde569ad8578614c9b61beaf56abf288bb42f8caf09d6	11.37	6.05	93.99	50.00	37.50	75.00	219	3400	14	6	10	2
20120117_www.radaronline.com_9184f5362e8be57a8f73f6a649b1511854ff899f95d144a59ad4d7b1	18.64	10.39	90.04	52.63	40.00	76.92	253	2181	28	10	15	3
20120112_www.publicservice.co.uk_971d853591cd37f6c9521317f8ef61a1f3915dcb903c30626a9cf5dd	25.94	15.21	87.94	0.00	0.00	0.00	248	1382	34	0	0	6
20120117_www.nzherald.co.nz_e2d26048653a5baacec16d8d6ce2140a0aadcb05c4af0803b2625f06	3.13	1.59	90.35	42.86	28.57	85.71	103	6374	11	6	15	1
20120112_www.latimes.com_a3c4f7092044d8d4a9fc93264445da7fd27088e47318ea679d881db6	15.85	8.70	89.26	0.00	0.00	0.00	582	6110	70	0	5	13
20120112_www.google.com_2dfbec827e0f441c89fcc448d891770f6e5730f6b1554e1c6dc49cca	56.30	39.53	97.74	90.91	90.91	90.91	389	595	9	10	1	1
20120112_www.businessweek.com_1151af0dcad3cda5773eb2d1d26cf0e3ac2ebb5f8f34a99434129516	14.79	8.18	76.47	0.00	0.00	0.00	260	2917	80	0	6	8
20120117_www.guardian.co.uk_5977a9e5cd21e538685d6a42680a0a2c40e8315ae224dd8784d005de	20.80	11.65	96.75	35.71	22.39	88.24	805	6104	27	15	52	2
20120112_www.azfamily.com_901416d2d30deb043a1da49860792aee2db6df9ed7892be62b8290ce	17.18	9.50	89.32	30.77	25.00	40.00	594	5658	71	8	24	12
20111215_www.squidcard.com_714e53ab0bff1684b6fbd242c45b85b57564ef44e5d5b1f25609b3ea	45.40	30.45	89.21	0.00	0.00	0.00	306	699	37	0	3	13
20120117_m.smh.com.au_57f2c0b04d678f4c82e7fd29ffe36fde93311599c23e007af0365532	65.29	48.92	98.14	94.44	100.00	89.47	476	497	9	17	0	2
20111215_www.guardian.co.uk_ec041a3edeca458419db6cb4dde71cd7452e42dc8b4433092b0e1db8	19.61	10.92	96.23	54.55	41.38	80.00	664	5418	26	12	17	3
20120112_www.thelocal.de_ddaee297447b9afccf5dd65b59635271f32f2332c1f35f99f6fff576	10.59	5.65	85.29	0.00	0.00	0.00	342	5713	59	0	28	13
20120112_www.dailymail.co.uk_c7d3f6443d15e3e8b751d734c063d919bf90ddb5735ceab36b6a1320	11.84	6.37	84.58	0.00	0.00	0.00	669	9840	122	0	43	29
20111215_www.google.com_8ad4138167b471c61549e62de2da82f1caf9d6fdebd33c02afb27c70	55.00	38.32	97.37	88.24	88.24	88.24	407	655	11	15	2	2
20120112_www.latimes.com_7813a9736252189070abfda11663cf03ebfbce16d4fac270cf184c58	7.84	4.11	85.37	0.00	0.00	0.00	251	5862	43	0	3	7
20111215_www.foxnews.com_8c8755e6e6cf31b8ddad1ada9085a3089802a05e23e37b0e8316b1a4	18.67	10.38	92.70	51.43	40.91	69.23	419	3618	33	9	13	4
20120112_www.torontosun.com_f2a19d5b2abbc3b13069721457c368493c5bd5ffafaa0a8ddd6b7d87	7.66	4.00	91.95	34.15	21.88	77.78	160	3842	14	7	25	2
20120112_www.nytimes.com_061e77b36ba562f36887601596fba176227c5e11001bfd4cda5dc993	33.77	20.56	94.41	91.43	94.12	88.89	642	2480	38	16	1	2
20111215_www.foxnews.com_df946aceb02b3f5fdf45cf23aaa92a1e8c0eff450eac22c459ff5243	11.63	6.21	92.80	48.00	37.50	66.67	232	3506	18	6	10	3
20120112_www.bbc.co.uk_fed2d4456144c04c9622e239524c1ee8eae2fdce2f3436eabad141bb	23.30	13.40	89.23	64.00	59.26	69.57	588	3800	71	16	11	7
20120117_www.mirror.co.uk_b9d91e8cabba8832ceed69fd1edbc73b1c204ba6dfd9df89ce4260b4	6.27	3.25	92.09	60.87	53.85	70.00	233	6947	20	7	6	3
20111215_www.google.com_cdb26ea5a65abb028b8670a95d873fd0db5b7494bc03a29153cfabed	56.04	39.25	97.96	90.91	90.91	90.91	385	596	8	10	1	1
20120117_www.thesun.co.uk_97b33a3732d80d84c9fef2b7e6c733d7b91a132347f3e9044f35f397	21.23	11.92	96.96	85.71	83.33	88.24	415	3066	13	15	3	2
20120112_medicalxpress.com_dca594b0d3bee481b3ace56bdba6f1d55f4bf62c2e78aad13f2121be	23.16	13.36	86.75	27.03	17.24	62.50	609	3948	93	5	24	3
20120117_www.timeslive.co.za_a0912f9c500faf06ce1cf62da98d19dae1797e191b8de15189394c0b	14.73	7.99	93.76	86.49	88.89	84.21	556	6401	37	16	2	3
20120112_www.myfoxorlando.com_5316e9995f47bf3b13faa028459b28a6bb73c30e4d3c3475ed6a8a4a	35.96	21.98	98.69	72.41	60.00	91.30	902	3201	12	21	14	2
20120117_www.stuff.co.nz_b0d183e283e09133e68cbc1853155aaff77a5a2dace064eaa1c3ff00	13.21	7.10	95.00	30.00	18.37	81.82	285	3729	15	9	40	2
20111215_au.news.yahoo.com_7ba45c98f6335a1c593e17752672e5ec5d561d1fbff35cd41648ffa7	26.08	15.04	97.95	85.71	80.77	91.30	716	4044	15	21	5	2
20120112_www.marketingmagazine.co.uk_96fd908afe32f4e7f840febe777ae963ae37fe91334740e9acdbff9f	12.93	6.95	92.13	64.00	57.14	72.73	234	3131	20	8	6	3
20120117_www.vancouversun.com_eb21b7043fcf3025de7089f813da30ebf2866ec79e08ebd77f289128	11.22	5.96	96.30	85.71	100.00	75.00	468	7388	18	9	0	3
20120112_www.newstalkzb.co.nz_969d7ae1be36bfe4c30c9fc1ac89760b3822c295058c24b366e05a26	2.59	1.31	88.35	31.25	19.23	83.33	91	6832	12	5	21	1
20120117_gazette.jhu.edu_47e76623eb1c3d7206d1cb4165d0b85123ddbbf0f2b1dcd64ab40bee	26.15	15.11	97.24	46.15	31.58	85.71	352	1978	10	6	13	1
20120112_www.dailymail.co.uk_ff9c182fecce89bc6d525676f170015ff98123b2bdc1f879edc21f07	12.46	6.70	88.34	0.00	0.00	0.00	682	9490	90	0	33	26
20120112_timesofindia.indiatimes.com_86d9c13b0000d41c59712badf36a3a6e49ae660e956d17d7841b959b	36.37	22.45	95.81	84.85	87.50	82.35	732	2529	32	14	2	3
20120112_abcnews.go.com_4735ad98695d777e63923731d5a16423868aad5704baa5ed79d98777	20.70	11.58	97.72	86.49	80.00	94.12	687	5248	16	16	4	1
20120112_www.winnipegfreepress.com_0c2c3ed6118a3315ea5ab46444a5010ad180a3b82a0182cbaf9749f7	32.72	19.62	98.49	73.33	61.11	91.67	850	3483	13	22	14	2
20120117_www.google.com_ce49b38ed4b0a0cfa78cc173c5dc33aebe2019d6c3b60a9e0d3b445d	49.32	33.03	97.31	90.91	90.91	90.91	289	586	8	10	1	1
20120117_www.ghanabusinessnews.com_d09bdab2244e27eeaa32f4a185db97c1a235c11b54b1073a5884959d	12.53	6.72	92.31	50.00	35.71	83.33	120	1666	10	5	9	1
20120112_www.medpagetoday.com_873994fea57f1921838fad1316c448b9102c2a8dae2620fd75303413	29.29	17.23	97.67	94.12	100.00	88.89	839	4031	20	16	0	2
20120112_www.scotsman.com_05fc82470d64b6000b7e2bebc552b812a0d8708cd7935287e992f6ac	12.51	6.69	96.27	52.00	38.24	81.25	464	6473	18	13	21	3
20120117_www.wwltv.com_39defc5e9432230c3fa6895d4f902155e08b7962fe2f5cc0c87f7d6e	10.56	5.60	90.67	47.06	35.29	70.59	486	8185	50	12	22	5
20120112_edmonton.ctv.ca_544d41a827d7fd0d0bd2af150f9762dab35350867f0e55c21ac775c3	23.09	13.10	96.88	86.36	86.36	86.36	528	3501	17	19	3	3
20120112_www.nydailynews.com_5bc94e5c54af59d5708af729a68924bc8fe11ef5ba62e0505efde515	11.85	6.47	69.80	35.56	29.63	44.44	312	4508	135	8	19	10
20120117_www.independent.ie_77aa2a14f308dae5bd7b258322bdd455f3477d449671fd90280d9b07	19.48	10.81	97.91	77.78	70.00	87.50	422	3480	9	14	6	2
20111215_www.dh.gov.uk_0a9cbae2299a36326acfa07e1a72eb684e38363967d46b929f16e7b6	13.27	7.17	89.16	47.62	45.45	50.00	222	2874	27	5	6	5
20120117_www.foxnews.com_b35609e4d760d5a249f4bb6a2b83c0bbbf71cb72480598a225771c2a	13.16	7.08	92.33	66.67	57.14	80.00	265	3476	22	12	9	3
20120117_www.ctv.ca_d2892bc031e361b72819e7d96a4daadcb17d0afb60e6bd19733dff65	9.23	4.84	96.76	23.85	13.83	86.67	448	8799	15	13	81	2
20120112_www.dailymail.co.uk_6a455c7e61c1346482ba40d477706011eb2561af0d9818921e748b49	8.32	4.38	82.67	3.39	3.03	3.85	458	10004	96	1	32	25
20120117_www.cbc.ca_fb2fbf10401b86e2b4a3e896dcdcb805f0219e982383b31112bfe3c0	19.40	10.79	96.09	72.22	65.00	81.25	418	3456	17	13	7	3
20120112_abcnews.go.com_ca192dd70c0168c3fb3b9d1368f8639f8d08d096411274279c13e5a7	26.15	15.09	98.00	82.14	74.19	92.00	685	3855	14	23	8	2
20120112_www.bbc.co.uk_ad1db78d02be495a79ccaa71c7f97feca24c11fbb4743486ed5bc98d	25.15	14.49	95.18	73.68	65.62	84.00	632	3730	32	21	11	4
20120112_www.montrealgazette.com_a00bac034dbcb0826e2ff48108e07a317aaef845e74312b563621b4e	4.56	2.35	82.59	0.00	0.00	0.00	166	6906	35	0	13	9
20120117_www.dailymail.co.uk_24323412761f93cb64df4009599e78c7bdd303f93c33b0c4031eef78	9.31	4.92	86.43	0.00	0.00	0.00	484	9358	76	0	24	21
20120117_www.webmd.com_0d9c995cb887514cfdd86a410c23334910a6b70382ec506577562fd0	17.62	10.13	67.65	60.00	81.82	47.37	502	4455	240	9	2	10
20120112_www.telegraph.co.uk_9adb8d607dc4fbf1b30f508947f1c9187bf004627c748562e32f5a05	15.11	8.26	88.93	44.00	36.67	55.00	450	5000	56	11	19	9
20120117_www.kake.com_f53c043c168bfe50334316658bfc69588b8ddcc26efa05a315da78b1	5.43	2.80	88.74	85.71	100.00	75.00	134	4650	17	6	0	2
20120117_www.foxnews.com_444ed31fe47dfd22b178e57c15acfb2165abd521080b21aa8513d890	8.87	4.66	90.61	50.00	35.71	83.33	164	3354	17	5	9	1
20120112_www.deccanherald.com_d304064d4358383d7808f3bbf503c5826e0b7f489aca950e61bd9085	17.78	9.87	89.34	7.41	7.69	7.14	436	3981	52	1	12	13
20120112_www.nursingtimes.net_ca29bcc1ba37628c31cd89cd917e90fff298ae75980920811a12f434	31.94	19.10	97.37	45.71	32.00	80.00	592	2507	16	8	17	2
20120112_news.sky.com_894e7a03c5dd0220ce188ac32e8eb1ee0cc463613a722b966cf9a2a4	23.99	13.72	95.40	80.00	72.73	88.89	539	3389	26	24	9	3
20120117_news.nationalpost.com_74eaa2b17b3146369c04833892352093f12b0df130bbb61431de91b5	24.56	14.02	99.01	17.50	9.63	95.45	801	4912	8	21	197	1
20120112_ibnlive.in.com_4de5c68e2c3cb25169d585548d45e75e5e249bb42be4f54e2f9ca8df	8.53	4.47	91.48	15.38	25.00	11.11	333	7114	31	1	3	8
20120117_www.basingstokegazette.co.uk_9f95bd6b31caa6c22c8b78467947eb43fc3c27e87c476f41472b1090	8.58	4.50	92.65	40.00	26.32	83.33	126	2674	10	5	14	1
20120117_www.cbc.ca_1c7a295ecb833dbabc9f3cb6df64331739f50f5e467c61da22a89d96	20.82	11.69	95.22	60.00	48.00	80.00	438	3310	22	12	13	3
20111215_www.guardian.co.uk_b36e55db3ad48406ceed89688831170e56512ba2c7de0cb6b93891d1	25.87	14.91	97.67	84.85	82.35	87.50	755	4310	18	14	3	2
20120112_www.cnn.com_b78b02dda94a0bb1c9af1b450bcee42ba27a409fbffe44a63f9a8983	43.00	27.71	95.94	82.93	89.47	77.27	732	1910	31	17	2	5
20120117_www.dailymail.co.uk_056de4e608770f24708213450cd4dde723d54b60236578976c0b056d	6.75	3.51	83.53	4.65	4.35	5.00	350	9608	69	1	22	19
20120112_www.google.com_fa0d9757941c336d81b6a57178537f035510e965958079464a0ade9d	50.53	34.10	97.48	90.91	90.91	90.91	310	599	8	10	1	1
20120112_www.expertclick.com_c849b6ebb9fb8fcf0191255177b241e41d03986f8e0eb9a3421361fc	57.22	40.85	95.50	0.00	0.00	0.00	870	1260	41	0	0	14
20111215_www.bbc.co.uk_3ca58792bf38888e10ccbd352d0d8b3e434adb151e58dd5bb3f8106d	17.94	9.96	89.92	66.67	57.14	80.00	437	3950	49	16	12	4
20120117_news.nationalpost.com_d014b8d85ef1cbb634831c871b4bdda202e92660d1062b4f19457c02	27.27	15.95	94.00	17.04	9.45	86.36	752	3963	48	19	182	3
20120117_www.timeslive.co.za_893bb50c7b91e8b82e215045de8580f9162b6ada30a3c21ba63e4167	5.62	2.89	95.45	94.12	100.00	88.89	189	6340	9	8	0	1
20120112_www.medpagetoday.com_b51db5f1ba536e7d5bd5b28f46d46cb4020037bea04bbc7475af681c	24.47	14.17	89.69	77.19	70.97	84.62	757	4587	87	22	9	4
20120117_www.telegraph.co.uk_cd54a74e1100aec1ace442dbab89377297f39c00968c92be3efd2c3b	14.85	8.06	95.00	56.60	44.12	78.95	494	5638	26	15	19	4
20120117_www.calgaryherald.com_aa6d5bb9c192dfedf78aaf49cba9647132f8db9f3e4c92f2044f9fc5	11.87	6.32	98.35	92.31	94.74	90.00	836	12396	14	18	1	2
20111215_www.guardian.co.uk_3791c8c67c664abd757652c5675e6092ee08625e681177d7a4b4b68b	22.10	12.46	97.51	55.32	41.94	81.25	744	5226	19	13	18	3
20120117_www.travelagentcentral.com_fa9f01519f4110031bce2f2035dbc52b6e9e27b88cabc88f52274f8b	21.59	12.46	80.63	47.06	36.36	66.67	283	1988	68	4	7	2
20120117_www.ctv.ca_34ad8b4063fcac90f46f9d32b9889468774971649484712c3d9b524c	3.67	1.87	93.55	10.99	5.88	83.33	145	7595	10	5	80	1
20111215_www.marieclaire.co.uk_0301be353cf37074e378724e6db3fc2f4dcdffcb6d695876516b1ea8	7.65	4.02	77.37	0.00	0.00	0.00	188	4486	55	0	13	8
20120112_www.latimes.com_5b3d04d073c7bfb9af751c9dd8cce0959454a25874f8972f0e37c1d5	11.48	6.16	85.30	0.00	0.00	0.00	383	5839	66	0	3	12
20120112_www.radionz.co.nz_019b7a4433f39cc0bb4134f3fdb4aef3ccc81b7d442d811868a1aa61	36.85	22.84	95.44	65.00	56.52	76.47	356	1203	17	13	10	4
20111215_www.webmd.com_72fa7465e3530407517fefa9a2ad2857103e31185e0007520828d1ab	20.40	11.43	94.73	69.57	64.00	76.19	593	4594	33	16	9	5
20111215_www.managementinpractice.com_421454829cb75f32eef8f31f549a8c7d7c5d24694732c1888019acd9	41.45	26.66	93.15	77.42	80.00	75.00	530	1458	39	12	3	4
20120117_abcnews.go.com_02f75071c1cc07e05a78a2f1062f1499b8c7a7cd5e01b23a9d932bd0	8.75	4.61	85.11	32.43	20.69	75.00	160	3309	28	6	23	2
20120112_www.torontosun.com_91c106f56f21bc8531d5ccbf0a13cbe69e03b99196ba7e101de25ebc	15.68	8.55	93.59	46.15	31.58	85.71	365	3902	25	12	26	2
20120117_india.blogs.nytimes.com_72a69c84ecf4506792e5ceb8f6afb3d2b94e5d4c01a55e9869e03e4d	27.18	16.00	90.15	55.56	43.48	76.92	430	2257	47	10	13	3
20120117_www.vancouversun.com_f6fc048f5ef474ad6269dfe36c60d0dcc09d71b34e234d5b0f904448	10.78	5.71	96.07	85.71	92.31	80.00	416	6867	17	12	1	3
20120112_www.winnipegfreepress.com_136441b6d619d87485c05e17c0d3b6a8187aed870a0ca285bfb52647	20.08	11.27	92.31	0.00	0.00	0.00	312	2457	26	0	20	10
20120117_www.timescolonist.com_d30fb2248f49e66acdcf2f56609771cc53758577da2ce8122c2b594e	8.97	4.70	97.79	93.02	95.24	90.91	574	11637	13	20	1	2
20120112_www.guardian.co.uk_1dea54cb2bc43d561690560e0813621721c012ebd0fb1c8104978169	11.71	6.23	96.28	40.91	27.27	81.82	414	6228	16	9	24	2
20111215_www.google.com_453dc5333df9263e7a38cab1675e8cc6945729c15c9b4861a5203573	49.47	33.15	97.41	90.00	90.00	90.00	301	607	8	9	1	1
20120117_vitals.msnbc.msn.com_446c16a3f7e197591efce13b4ab472f3462cd95375d64b6ec18e8d43	2.16	1.09	95.98	4.46	2.29	83.33	215	19499	9	5	213	1
20120112_www.dailymail.co.uk_f8b255be5b8a3e960e4dfd26706fa9958f441c373719abb15ffa4044	11.95	6.46	79.83	0.00	0.00	0.00	669	9688	169	0	31	28
20120117_www.mirror.co.uk_f8be6c4657c4a99f9f21f241d17711deee8e523f57d65acfcb15c249	11.46	6.09	96.83	82.61	79.17	86.36	458	7059	15	19	5	3
20120117_www.abc.net.au_67a8e08a830fc6731e29d12e0cf8c46e1d7b88558f7a2586234f5807	32.04	19.19	96.93	92.00	95.83	88.46	568	2392	18	23	1	3
20120112_www.miamiherald.com_f9bee98cb7f78f08fc8e75634629d28c6cc109d0aa31d444031dd977	16.89	9.24	98.15	76.47	68.42	86.67	584	5737	11	13	6	2
20120112_thechronicleherald.ca_d70e1b649f68e7e94bdc11385d626de54df9ff6312ea7464457c55e4	21.15	11.95	91.85	51.61	39.02	76.19	721	5311	64	16	25	5
20120112_www.ottawacitizen.com_18f1f1488b03dfd50b6ecf166a058c0b1ce363b539db75ff6733e5b8	11.79	6.27	98.62	94.74	94.74	94.74	784	11723	11	18	1	1
20120112_www.inpharm.com_6e18f109719fb4aefa4da84792800594e38ea3227bb27066de7fe10f	30.93	18.62	91.24	76.92	75.00	78.95	406	1774	39	15	5	4
20120117_www.voxy.co.nz_fac19adfb84f2747fdadfa08c89497057bd56f075e53f941550b4906	48.49	32.37	96.58	58.18	43.24	88.89	762	1592	27	16	21	2
20120112_mobihealthnews.com_e0281a435ccce60a61a8046c519d57be049fffc3e8b44c21c87976e5	37.87	23.94	90.53	78.57	84.62	73.33	583	1852	61	11	2	4
20120112_www.dailymail.co.uk_185a9e04efa6651dc4a7c53c5e3b35a18b6b69daa75de77487232257	9.13	4.81	88.67	5.56	5.56	5.56	454	8983	58	1	17	17
20120112_www.forbes.com_72b8b70aaa540585aabfdb414844299633f29d454e019d7fc7af9389	24.94	14.34	95.83	71.43	76.92	66.67	782	4672	34	10	3	5
20120117_news.nationalpost.com_9c41a76b35f0bece9d7fe3cc2535a83c4623c27625b8f483ce92764c	10.02	5.29	96.19	8.04	4.21	88.89	227	4068	9	8	182	1
20120112_www.vancouversun.com_b485e4d763bfebcc1913826217da60fd9e9773675bdb336c2826cbd7	16.37	8.93	97.87	95.24	100.00	90.91	643	6558	14	20	0	2
20120112_www.indianexpress.com_9048c2ae85891363446489fa9274ed43dce8dd87b5e6538d3dc1ac63	17.98	9.92	96.14	85.71	90.00	81.82	299	2715	12	9	1	2
20120117_news.nationalpost.com_72ee301752737078845a7b55b80760e571b4b0ce0605d2fef8354964	26.26	15.15	98.74	21.05	11.82	96.00	704	3944	9	24	179	1
20120112_www.cbc.ca_3d0724e574ef5beec2407286148b10363daffed804199cf0cbe28b06	14.81	8.03	95.70	84.21	88.89	80.00	267	3060	12	8	1	2
20120117_www.rte.ie_0588a81cedf5f3db088bd632512682241a0d6ea97d3ea4c0c3cd02fb	22.49	12.73	96.27	56.67	42.50	85.00	413	2831	16	17	23	3
20120112_www.google.com_67ab2a5fb5ec4c1d92d352aba2b3b6963a455bc6fa881ad8f99b1126	57.69	40.94	97.63	86.67	86.67	86.67	454	655	11	13	2	2
20120112_psychcentral.com_3a9cfac24bdf075bd32634d897361fd714e02fdcb50f17cb0aaf42ba	29.26	17.32	94.13	73.68	70.00	77.78	513	2449	32	14	6	4
20120117_www.bbc.co.uk_a7667a2dd7fab4c06608182e1704ddf4d1d2acc211ad5e97f9abf377	21.96	12.51	89.78	47.62	41.67	55.56	606	4238	69	15	21	12
20120112_www.sflorg.com_69d1e2e5f6f122887db7946844596f17eb2c74e413a3334539b76f05	28.63	17.00	90.45	0.00	0.00	0.00	521	2543	55	0	15	15
20120112_www.prnewswire.com_8d259fddc33accecceb54274199d80eb29bca4526ca3ce0efb210d6d	23.60	13.47	95.19	63.89	52.27	82.14	832	5344	42	23	21	5
20120117_www.publicaffairs.ubc.ca_960736fb4b55a2aef25f35953090a0abed467b5780f847eed52607a6	34.66	21.10	96.92	61.54	50.00	80.00	440	1645	14	8	8	2
20120112_www.theage.com.au_020d43d60b12fc5b5432754642742548282d8dc150d8c95f4aebac53	9.78	5.16	94.57	51.61	40.00	72.73	296	5442	17	8	12	3
20120117_au.news.yahoo.com_4aa7f002030a8673f4db18bfa24e0aa3d2911db35f4528fdd04edfe8	50.28	33.99	96.53	76.67	65.71	92.00	724	1406	26	23	12	2
20120112_www.winnipegfreepress.com_d3aaf237c8360e10bd94e16808e6d49438f61f1501bebc3aa0289b0f	7.51	3.91	94.33	31.58	20.00	75.00	133	3270	8	3	12	1
20120117_allafrica.com_ca8306a6e2b39b6e3390076bae8b3db6d31234d8ff6dd0ff5480512a	21.52	12.15	94.24	53.33	44.44	66.67	229	1656	14	4	5	2
20111215_www.bbc.co.uk_03e7bd4c10f54b7af926369ff843d86668ea229d4dd7026bbea5fc4e	16.53	9.07	93.25	66.67	57.69	78.95	387	3880	28	15	11	4
20120112_www.dailymail.co.uk_3c74f06a28bdd9795551e38107f828db9177ad22dde8e5002b43cf5a	11.07	5.92	84.92	3.33	3.12	3.57	642	10204	114	1	31	27
20120112_calgary.ctv.ca_011a082345b3ea8b74fb5e7a126df7c3c577899170d821748d85b2f3	6.65	3.44	98.16	77.42	66.67	92.31	426	11955	8	12	6	1
20120112_www.bbc.co.uk_2fd5753588bcd3ba3776b6228b5ea295f7da0cfca206616b78f0dcbd	22.94	13.09	92.56	62.50	57.69	68.18	560	3717	45	15	11	7
20120117_www.bizjournals.com_c30980d4262c0ccdc79d548cbc4dfe17d5c6d7b62980d12d353ef9ae	5.52	2.85	90.50	32.26	20.00	83.33	162	5525	17	5	20	1
20120117_popwatch.ew.com_76e12c8d51a7b68e71f13f8d98b5561ca8dbaa558d239a1df9e4df4c	7.34	3.83	88.52	53.33	44.44	66.67	162	4067	21	4	5	2
20111215_www.guardian.co.uk_055efffff0eae3cdab727ce3d9f781b240ae2e830348fe44213c15f2	22.74	12.88	97.08	54.24	39.02	88.89	799	5406	24	16	25	2
20120117_www.bbc.co.uk_ee4014a4f6529d9216f9b35b8c4b03d285024160369fef89b9c86b45	8.73	4.58	90.86	57.14	44.44	80.00	179	3726	18	8	10	2
20120112_www.winnipegfreepress.com_312294e70ef9fd00ed668ccfb5c89f5d28eb6c660916f044f7f548a2	13.70	7.37	96.31	51.85	36.84	87.50	261	3279	10	7	12	1
20120117_www.asianscientist.com_13d649500425e7e8398807a5f05fadebbfd7d61ccf9533e59c348f2f	24.11	13.82	94.49	68.97	66.67	71.43	463	2887	27	10	5	4
20120112_www.winnipegsun.com_73165016b6c9d0a560d91e989e05fc18e0377bfdc9f8cda970e26a7d	22.28	12.62	95.04	47.62	36.59	68.18	632	4376	33	15	26	7
20120117_m.smh.com.au_2837b4beda2d9647673c8344773c6914407ae87298d155731de503cd	63.75	47.37	97.42	92.31	94.74	90.00	415	461	11	18	1	2
20120117_www.indianexpress.com_7533df9985a7e604c04952d27e24f4d3d3d4a8e2b5ec810cd9352760	18.44	10.20	96.34	75.00	100.00	60.00	369	3250	14	3	0	2
20120117_www.radionz.co.nz_8f4cfaaed56962ae6a500d669bd618905f87346dda87037cf72e78b4	15.94	8.77	87.69	47.62	35.71	71.43	114	1186	16	5	9	2
20120117_www.cbc.ca_1db9a3fe019e11e392aebc86ca7bd63b11ec2c4e7fd0bea2a421e98c	19.16	10.63	96.90	90.91	100.00	83.33	407	3422	13	10	0	2
20120112_www.bbc.co.uk_370e10cd75d7a03b7bc85b98a0e95d013bf0d85ae93a5be07970dae4	16.44	9.08	86.71	57.78	52.00	65.00	385	3855	59	13	12	7
20120117_www.massey.ac.nz_fa35656e661a39d744a330d797279aa4dbb320d8de27ff4621b53d3e	43.25	28.49	89.69	0.00	0.00	0.00	722	1812	83	0	5	19
20120117_ibnlive.in.com_d4550f517a2cf8bc5702aa113f5f415d4476ae0ca0898420aa0e5fc6	6.30	3.26	94.98	63.16	60.00	66.67	265	7875	14	6	4	3
20120112_www.telegraph.co.uk_773824591d924ebde22bf3e709e355466c64015956ebded4595ca892	20.95	11.84	90.59	53.52	44.19	67.86	664	4942	69	19	24	9
20120117_www.cambridgefirst.co.uk_5738cca15743d499f55994f6132bef39d9e0ac6c6709654080d91340	17.20	9.48	92.59	37.50	25.00	75.00	275	2625	22	6	18	2
20120117_insideireland.ie_bd5694f07cacedbc1f7469f11cdb8aafce10444b6e845730fe15dc50	15.51	8.46	93.50	60.87	46.67	87.50	187	2024	13	7	8	1
20111215_www.google.com_c50d4f7677fffc9b7484502340de3b0f9a260d11719611e9f17b162a	56.28	39.47	98.03	90.91	90.91	90.91	399	612	8	10	1	1
20120117_www.bizjournals.com_c06b61a58e8e7913454abdb02067b7fc0edcf99c9d848c2d4fea81a1	3.08	1.57	87.38	21.43	12.50	75.00	90	5660	13	3	21	1
20111215_www.telegraph.co.uk_c56e99f68fdb6b7f284f287ac8b1133b20ba731b77a8a9cb96d16260	10.83	5.75	93.25	52.00	37.14	86.67	359	5886	26	13	22	2
20120112_www.nytimes.com_baf47ee30129c2c69980ac4def3977ca1e07a46f9c06a9e493e567bf	11.25	6.04	82.63	40.00	50.00	33.33	195	3035	41	1	1	2
20120117_www.abc.net.au_de78bc966dde34a1742c725701302d1454a167d4ff15066abcc3cdee	30.85	18.32	97.48	90.48	86.36	95.00	542	2416	14	19	3	1
20120112_www.wgntv.com_475fcb0dc84d707e52e33598972f0e526d604e4705e070477983f0bc	2.92	1.48	86.89	0.00	0.00	0.00	106	7039	16	0	2	4
20111215_www.metro.co.uk_ff128efb71f99871a9fa169dfe705d91a2f03511fae894416f72e872	11.97	6.41	91.22	84.62	84.62	84.62	322	4703	31	11	2	2
20120117_www.mirror.co.uk_c3f826ea9cea6fbf59e17bca1670119e472c7e984c38bf7cc7369950	4.83	2.48	92.31	63.16	54.55	75.00	180	7082	15	6	5	2
20120112_www.washingtonpost.com_eee5361fb4852f29b7eb98e4d9949019eb19da0ace7c5a7aee0cea4c	18.69	10.40	92.09	56.60	42.86	83.33	745	6418	64	15	20	3
20120117_www.stuff.co.nz_53ba40796817ab0ee7fe18d7db255eebc0a5de2acb375b7df7b8ab9e	24.74	14.25	93.83	41.03	28.07	76.19	624	3756	41	16	41	5
20120112_www.express.co.uk_2cc333acdf6ed5465ec0d4d7f4458731780f0c07bca31232aa18a858	14.87	8.12	87.97	0.00	0.00	0.00	395	4468	54	0	23	18
20111215_www.walesonline.co.uk_8d91605236e7af55c0d28c54c1c1fcfefa87308d2f55ba1cbe0c7245	17.46	9.63	93.76	68.97	60.61	80.00	676	6345	45	20	13	5
20120117_www.dailymail.co.uk_d2047223c1ca302714775c2e00e6b7f6a24a339fb4cbbb1ff6f96b6a	5.96	3.13	62.75	0.00	0.00	0.00	315	9762	187	0	24	22
20120112_www.thisissurreytoday.co.uk_8de5e5ad20300334221f15813ff259633f180b3dd8cf4ea985b56ef4	8.51	4.45	94.63	75.00	75.00	75.00	194	4161	11	6	2	2
20120117_www.vancouversun.com_a8fbdd69f65db06aa729e3db8df251d9939313d3d9cab7a8ad116dfb	7.58	3.94	96.25	94.12	100.00	88.89	282	6868	11	8	0	1
20120112_www.cbc.ca_1343723ddc7858d97ad7be2636252e4b904a6cd969bd559fa4924042	11.36	6.10	82.57	66.67	77.78	58.33	251	3864	53	7	2	5
20111215_www.bbc.co.uk_e96f24839be5d51388265d2a50689ac0e3d174c1dcee1d0100219777	16.70	9.17	93.20	61.54	52.17	75.00	370	3665	27	12	11	4
20120112_www.stuff.co.nz_9b4fbd0f0ab4011910cbfcd80261b4fb2227a0ddd893e05e925c8df6	8.34	4.36	95.03	46.15	30.00	100.00	153	3354	8	6	14	0
20120112_www.boston.com_074caa4afb62a4df906fb8620e35f09208d6ed2d6b9326eb114f35ef	24.29	13.98	92.62	80.00	84.21	76.19	602	3704	48	16	3	5
20111215_www.guardian.co.uk_51844ecc39330dff62a070e5c2b90bad74c03e084f1f2456f297d216	25.29	14.52	97.69	56.52	43.33	81.25	890	5238	21	13	17	3
20120117_ibnlive.in.com_c65401e744233a75f5a66e6ae61f696e97ececcc12d9cb41989677f9	7.55	3.95	87.57	0.00	0.00	0.00	310	7545	44	0	4	10
20120117_www.therepublic.com_462638bd8246b7eedeb61fc13c6570fc3d0001fe9f9944719fc9810f	73.38	58.49	98.43	65.22	53.57	83.33	1192	846	19	15	13	3
20120112_www.news-press.com_0c04426f510b39823ae14e53c9d17984f234d2c32df1e081386a2d77	8.63	4.55	81.73	6.06	5.26	7.14	331	6937	74	1	18	13
20120112_www.medicalnewstoday.com_4c0a5615e5b184879734f654b435da5a4b081e8a98c663ac18b51e70	15.71	8.59	91.61	0.00	0.00	0.00	426	4534	39	0	7	12
20120112_www.eveningtimes.co.uk_6ae06c166470c5b4275e7da2ad0b8a141e265d8b28ac4aa7569fd339	9.29	4.89	91.56	63.64	50.00	87.50	141	2742	13	7	7	1
20120117_www.dailymail.co.uk_71b8164fa3ae3b22d1815a056cfb7ea99dcb3f38a3568ea16b50d6c7	3.15	1.61	69.20	0.00	0.00	0.00	164	10012	73	0	28	9
20120117_lifestyle.aol.co.uk_03bd3f3ec24087f69f7cc62ad2014eefaa0653bf0aed586e6dac305b	6.41	3.33	86.45	25.00	50.00	16.67	134	3895	21	1	1	5
20120112_www.upi.com_6bc0cec6f101a06f51f10a4f029ca1ede9c205c88cbda6fe24b3df82	10.02	5.29	94.12	87.50	100.00	77.78	208	3721	13	7	0	2
20111215_www.bbc.co.uk_10ad28b17f9e43976b02a6c94273819d431408d013d600dd689c1168	21.87	12.37	94.22	69.39	60.71	80.95	522	3698	32	17	11	4
20120117_topnews.ae_60e71ed4515e93f5ae418efc8f91af85246a9e9daa63d9f8668f7367	21.72	12.30	92.77	71.43	83.33	62.50	295	2103	23	5	1	3
20120117_www.scotsman.com_9da257b1239aa7ede6b742e611265879c4c71c95ee65f3e21375cc03	18.60	10.28	97.34	82.14	74.19	92.00	621	5420	17	23	8	2
20120117_www.bbc.co.uk_0711524886a0068794cb31a55a2f3b3fbc82b501f7e46fb84581a3e1	21.65	12.24	93.44	70.37	61.29	82.61	527	3777	37	19	12	4
20120112_ckom.com_7e263a94f02d5a1d7bffccd680f372762e6b05c502e4bd889b5815ff	29.33	17.34	95.20	86.96	90.91	83.33	258	1230	13	10	1	2
20120117_tribune.com.pk_8e315b727f49b50dfa980ef6488391d7e5735794b39fb5ac4e3d0428	21.82	12.30	96.75	51.16	39.29	73.33	476	3394	16	11	17	4
20111215_www.bbc.co.uk_3a66abad09329b54c3dc699d80ce85384beb21ecf3d480f7bd1dd8f3	21.25	12.12	86.25	56.60	55.56	57.69	552	4004	88	15	12	11
20120112_www.webmd.com_e32ac08f1b45b33ae2008ecd653f647c5b3eada798c6d439717a374d	14.60	8.26	62.90	66.67	80.00	57.14	468	5200	276	16	4	12
20120112_www.deccanchronicle.com_da4b4e7685d7a48f5ad320e14dcbcb15f6a8a98cd45fd798a8c6526a	9.13	4.80	93.94	77.78	70.00	87.50	186	3691	12	7	3	1
20120112_www.guardian.co.uk_65b7b5ad66fc92fcdc8cd6a289d65590c824c508ee901becca783449	15.14	8.22	95.60	46.81	32.35	84.62	500	5584	23	11	23	2
20120112_www.huffingtonpost.com_134580e5460d518c3321104c060d62c008a75a07e1d567e73ff5a7ef	6.22	3.21	93.69	46.51	33.33	76.92	609	18335	41	10	20	3
20120112_www.iol.co.za_90e7e6721be682e0eeaa0fe149743f9903a70d6254096bd7a050f83a	11.84	6.37	84.86	0.00	0.00	0.00	297	4369	53	0	8	14
20120112_boingboing.net_2156ac82499859c52b946dd08fd4049125d5db03b78a252bd99a827e	38.97	24.59	93.86	30.43	23.33	43.75	581	1782	38	7	23	9
20120117_www.telegraphindia.com_f2c7f602fb72a37c60841753229e49c1ff9169695ea2b9ad3cba98c0	47.45	32.16	90.42	0.00	0.00	0.00	831	1753	88	0	0	25
20120112_www.google.com_9dd19dd19f4a840eb2f87caa1c3c5e6c4112bc4ca62f84017385581d	59.67	42.84	98.28	90.91	90.91	90.91	458	611	8	10	1	1
20120112_www.three.fm_57439652367bbf1e93b2db66588a8bb1804217ae8431c45b343b87b7	24.34	14.39	78.90	12.50	33.33	7.69	258	1535	69	1	2	12
20120112_www.slashgear.com_aa9a030c90af5872c76046a4801e9c3a704b820c13ccb4842159f709	15.31	8.33	94.00	30.77	25.00	40.00	235	2585	15	2	6	3
20120117_www.emirates247.com_3a7aa28fa801bdb4409674b8dbbfa9898076418e079d5b7f7e85b041	5.19	2.68	84.24	6.32	3.53	30.00	171	6216	32	3	82	7
20120112_www.yorkshireeveningpost.co.uk_9a866a81bb685e50a97428a7f2560081a7592e85ca57c4fbc0ed4c2c	16.91	9.26	97.34	86.96	80.00	95.24	403	3950	11	20	5	1
20111215_www.guardian.co.uk_31b93cbfe27a3a985c316bb412d46ed3f95dedce5f7025956ac071f3	24.80	14.21	97.42	58.82	44.12	88.24	832	5023	22	15	19	2
20120112_www.wctv.tv_dd68b342550c281cd298181258a33c400869d5839c47ccda0d20dbef	10.80	5.75	89.02	16.67	33.33	11.11	300	4919	37	1	2	8
20120112_www.medpagetoday.com_aa700f3f9f132418c19d956b92e7eb611bc588a9508c5a40b5866f24	26.54	15.36	97.62	93.33	95.45	91.30	778	4287	19	21	1	2
20120117_www.foxnews.com_eb7e134296b991dec4a9750fe0bdbdf6e9c51dc264a5b3a6278d7bbd	23.86	13.73	91.15	0.00	0.00	0.00	700	4400	68	0	9	21
20120117_www.emailwire.com_335519a0d2e7ba4e9a89bb9e4e3e5296f89616588d24dd921701b601	18.42	10.29	87.73	0.00	0.00	0.00	379	3303	53	0	3	12
20120112_www.cbsnews.com_45aa314d1bba90dfc9b74aedc130fef139c9c92d7c02f72def10138d	21.89	12.34	96.99	73.91	62.96	89.47	742	5273	23	17	10	2
20120117_www.thecomet.net_5b391a285e5caa070f6cca73c004844fa4463973740b0300162f65a6	28.46	16.81	92.63	29.27	21.43	46.15	503	2489	40	6	22	7
20120117_www.guardian.co.uk_fc352e3c04cb88c6627e38aa69093e73d732faa742edf95814454563	22.88	12.97	96.92	60.67	45.00	93.10	1134	7609	36	27	33	2
20120117_www.ctv.ca_a35ad8f1e7324913bc915620a77f658f9251e90ce04b2e26481a983d	7.94	4.14	96.13	18.69	10.64	76.92	348	8054	14	10	84	3
20120117_www.vocm.com_1f56795a46048751504db2ae132b6e49c057205e76a3a5f61f81ab85	10.31	5.46	90.65	80.00	100.00	66.67	97	1678	10	2	0	1
20120112_yourlife.usatoday.com_e8a5ad12c6630b952c1cbe67286f1f6d788fd681e836f6d807bdb143	30.67	18.39	92.44	10.53	20.00	7.14	575	2552	47	1	4	13
20120117_topnews.ae_de7616081fc45200997e2360ad973eff77025b1eb4bef5ad70b4ebbf	21.43	12.12	92.72	75.00	85.71	66.67	293	2125	23	6	1	3
20120112_www.forbes.com_9df15b8203b99aed7f5f16cf325910f94c8a9705a4f860d2f64d4dea	17.91	9.90	94.27	74.07	66.67	83.33	543	4943	33	10	5	2
20120117_www.google.com_9667d9c24318ed07ff13eb022b3d10796f03cdbf0dd8bfff59310578	46.13	30.27	96.86	90.00	90.00	90.00	247	569	8	9	1	1
20120117_www.voxy.co.nz_9822c3f85f78abf468f9e7670d120cd101c2e5cca1defd3b2a312240	22.85	12.99	94.98	50.00	37.50	75.00	227	1521	12	6	10	2
20120112_www.latimes.com_9fa8e2c8423350080ea1cde836f5a140d026cdb7b2c8030d52023479	9.88	5.26	81.33	0.00	0.00	0.00	331	5965	76	0	5	11
20120112_www.metro.co.uk_96d49010bd2a84ea46896494ced5e2ec29884c8e0edd43ddf1850015	15.59	8.53	89.62	72.73	72.73	72.73	233	2497	27	8	3	3
20120117_www.bayofplentytimes.co.nz_1b02a85be013542b49f5462100cd39f556fc6d289c7992aa4516db81	14.68	8.05	83.20	14.29	18.18	11.76	317	3622	64	2	9	15
20120112_scienceblogs.com_19abf46d03c2b6d959e4778242ae61fd6a51461ec61c0ad6ea97c073	42.72	27.92	90.91	57.14	47.62	71.43	1500	3872	150	20	22	8
20120117_timesofindia.indiatimes.com_87093d456225c802820c5a70f7f0ab9c67178751ba6dcb659390b030	23.18	13.24	93.09	77.78	87.50	70.00	364	2386	27	7	1	3
20111215_www.bbc.co.uk_1cf23adb7a882e3c2684f4ef8a0b9f10a45fe51c00624f3307d1cbee	19.02	10.68	86.96	58.33	56.00	60.87	447	3740	67	14	11	9
20120112_www.iomtoday.co.im_c5606ce4748c1b5e2be3e508a1b06af67461d8887fa4c27ecdf44502	11.60	6.18	94.63	42.86	30.00	75.00	282	4281	16	6	14	2
20120112_www.latimes.com_e85343665d685346620e87c39a9c9f6812c15a84e41f5bd37d86bf29	12.65	6.83	86.14	0.00	0.00	0.00	460	6279	74	0	5	12
20120112_www.smh.com.au_d0f78d966103c3cb2e487699416e834f27469fed8f0e0749218c1cc5	7.01	3.64	92.74	50.00	38.89	70.00	217	5740	17	7	11	3
20120117_www.google.com_19aa0640b07ea6eb3987b8d6b9404183ceea2938464b7cc39defc095	30.98	18.53	94.37	87.50	87.50	87.50	134	589	8	7	1	1
20111215_www.guardian.co.uk_bdb75d0a9df1d38d02528b2a05ff19f310e2a3e96dadbe8b92c332af	5.91	3.05	96.31	9.72	5.15	87.50	496	15783	19	7	129	1
20120117_www.bbc.co.uk_7b29bbb105b5aa555f5c798457911b5d76b2ceedcf800086b1e75327	14.61	7.94	92.13	57.89	47.83	73.33	351	4072	30	11	12	4
20120117_www.wpix.com_04afe7c6a61eacd831ba894e3a88f33664ad60c558e91837eefe23e2	7.26	3.78	87.97	0.00	0.00	0.00	212	5391	29	0	1	10
20120112_www.winnipegfreepress.com_f121c190f81259fa99612eb9152b0ac825793db04cd4b59b89c81bbc	12.34	6.60	94.40	61.11	47.83	84.62	236	3338	14	11	12	2
20120112_www.belfasttelegraph.co.uk_0ef4ec4b4b9d78605a3791b1b53eb1d2b2fd075ed44e802b118ee9e4	26.59	15.44	95.78	51.95	35.71	95.24	659	3610	29	20	36	1
20120117_www.brecorder.com_4801b9e0afc780d1d7960bf690f894d021dc81cde930b60d977d047e	6.84	3.56	87.82	33.33	23.81	55.56	173	4685	24	5	16	4
20120112_www.australianageingagenda.com.au_150094aaab7e7d7c97de03a0a09cd7cf43b05fcb94360f56845c3451	38.06	24.46	85.75	56.72	46.34	73.08	722	2230	120	19	22	7
20120112_www.huffingtonpost.com_5cabf1e343190d832484b66570e32417a284f6f0697cad99c8acaf58	7.89	4.11	98.49	52.17	36.36	92.31	457	10658	7	12	21	1
20120117_www.newsday.com_fa8d57f892007d63353bb71812d9854099c10ea56e7633977b5b4068	17.80	9.86	90.97	48.28	36.84	70.00	272	2486	27	7	12	3
20120117_www.edp24.co.uk_cf53688f0ddfaada390a52d8d7f7fa7b40da6ef015999500807ff06f	26.37	15.34	94.05	43.96	29.85	83.33	695	3837	44	20	47	4
20120117_www.theglobeandmail.com_dca2e983ade8cad2062e2eec6581452ca813f4e46dd64a09d141c6fa	19.05	10.61	93.19	88.00	88.00	88.00	890	7499	65	22	3	3
20120112_www.dailymail.co.uk_7fc700fa999a47bf65a04fca9dbc19294b1135da4d39fe3efcb81de7	6.12	3.17	92.17	6.25	3.45	33.33	353	10796	30	1	28	2
20120117_www.orissadiary.com_6ac515d4b60cdb80d6746c10ff74c02087e132b7e63fb77b6a5d70a6	12.86	6.91	92.98	33.33	50.00	25.00	212	2857	16	1	1	3
20111215_news.stv.tv_3868f9a920e6afeaee5a4ad05a77fb2386c5b3738b549471e37acf50	18.69	10.38	93.58	46.67	32.56	82.35	408	3523	28	14	29	3
20111215_www.cbc.ca_6264e1e535a48110aee84a3640782736ff3920037273d743ac157719	19.39	10.78	96.46	75.00	75.00	75.00	327	2707	12	6	2	2
20120112_www.leaderpost.com_d0f89b07583a3389aa1fb2b2a81da1f47d400e9192b74b0be5e025af	6.32	3.27	93.78	88.89	100.00	80.00	211	6236	14	8	0	2
20120112_yourlife.usatoday.com_91a9ac0660db9f0283c2a185ac06624c308da067ad8d6a7d644a0d9d	24.23	14.08	86.97	0.00	0.00	0.00	434	2649	65	0	5	17
20120117_www.cbc.ca_922864e1693fe48d4ee7464d2dadb10346b9ef217ef20cc2fe7484ad	5.26	2.71	90.29	85.71	100.00	75.00	93	3337	10	3	0	1
20120112_www.businessweek.com_b77c6be214c157c40554ed2ce2cf6c41081f9a39df563f3df245ecf8	19.39	10.83	92.23	0.00	0.00	0.00	356	2930	30	0	6	10
20120112_www.mid-day.com_f63fe3934549b712cececaccd571684914441962cd115c9ea00bf307	31.43	19.17	87.20	0.00	0.00	0.00	286	1206	42	0	0	12
20120112_www.dailymail.co.uk_8360aa5d0696320532ff3bc6d5393aaa725db973d2bb2400aef68dda	6.94	3.62	85.92	0.00	0.00	0.00	354	9431	58	0	20	17
20120117_www.guardian.co.uk_f67c60f60b69ff9f1bad8b64904021df55697b479250c39b831c3191	10.10	5.32	97.42	14.88	8.18	81.82	830	14757	22	9	101	2
20120117_www.digitaljournal.com_b09361ea8ad05070e41243e4b1683ee7a51c5c7490138d8a9959f967	23.14	13.33	87.71	0.00	0.00	0.00	421	2738	59	0	0	11
20120117_www.publicservice.co.uk_683dca4bb6eee80acfac2190184fa833cc3537974475a827280ad603	35.50	22.05	91.08	0.00	0.00	0.00	388	1372	38	0	0	9
20120112_www.northamptonchron.co.uk_c71218a36a51118e3cc0a73afdc72812de85815c1ac68f94a735da28	43.59	28.00	98.34	83.61	75.00	94.44	1718	4417	29	51	17	3
20120117_www.voxy.co.nz_64f99e60c3422776c249206a1764c6971075a8fb130b45d8d5d47153	24.50	14.06	95.37	50.00	37.50	75.00	247	1510	12	6	10	2
20120112_www.guardian.co.uk_2da9855bcb31797fa476727a38f3291bae6e12f139c30c9fdce29580	23.46	13.37	95.97	33.18	22.01	67.31	2718	17617	114	35	124	17
20120112_ottawa.ctv.ca_f8655d60b23aa3b109bef4b98aa48daa6a2c1b0e1710a57715054dbf	2.00	1.01	91.28	35.29	23.08	75.00	136	13328	13	6	20	2
20120112_www.bbc.co.uk_3dab24877ffe3d24aee57e63eb9b5857a0d9836ce966a5d836040f59	18.17	10.08	91.58	65.31	59.26	72.73	424	3781	39	16	11	6
20111215_www.google.com_bceb9bbdc9587b15b2cfe90aec22a9d6443a010bc7b7f8755fc2a4fa	55.78	38.99	97.93	90.91	90.91	90.91	379	593	8	10	1	1
20120117_www.dunstabletoday.co.uk_4eedc3a6179bbd2ffa837339987deffa8d97dff279b6bedf6930e6d7	11.52	6.16	90.23	56.25	45.00	75.00	240	3659	26	9	11	3
20120112_www.winnipegfreepress.com_f785568958931d55422ffeb15b71ca9116ed2ad2eb734058b02090a4	30.40	17.97	98.49	71.43	58.82	90.91	719	3281	11	20	14	2
20120112_www.vancouversun.com_4e062ebd37d16f1783d3d58accff0e8c0d9a9da531f5b98a5a173c5c	10.77	5.73	89.41	0.00	0.00	0.00	557	9168	66	0	37	20
20120117_www.dailymail.co.uk_905874e9183dbcee4b84cb6c3f533cee6b0e814d39a50100fa3e9ca0	11.07	5.91	85.84	3.57	3.45	3.70	600	9546	99	1	28	26
20111215_www.mirror.co.uk_f887e1936d0c1f680961f37b3abb04db60403537f320eb0ff964ec43	13.18	7.07	96.93	81.63	80.00	83.33	536	7046	17	20	5	4
20120117_www.theage.com.au_0049210621f02153b666a988fed86fa63c93213f53b3fbd2e16f75ed	9.60	5.05	95.32	55.56	41.67	83.33	285	5353	14	10	14	2
20120112_www.thelantern.com_b49a9c7f9d4771315e26a88430b005576a9a39a5432767d9a1591ca3	22.81	12.93	96.68	66.67	55.56	83.33	378	2546	13	5	4	1
20120112_www.foxnews.com_83236102d82f5fe34b8e10d360c0cbc9d74fca8f3720841e259e0b12	29.53	17.42	96.96	77.55	67.86	90.48	733	3476	23	19	9	2
20120112_www.indianexpress.com_3ebbb58ef7787735f565d87fa7d914d3181809a65a188920232cf435	11.23	5.97	93.44	80.00	85.71	75.00	171	2692	12	6	1	2
20120112_www.cbc.ca_97b451f726d4c18b8f7459c91c8e3f2b4919a104b89b7f67e12e1c36	21.35	12.11	90.18	70.27	92.86	56.52	441	3201	48	13	1	10
20120117_www.mirror.co.uk_d5396eacefe93b59cd52afd69fa9cb9d6dd055a8fa73b7e391b758c4	5.37	2.77	91.67	69.57	61.54	80.00	209	7345	19	8	5	2
20120112_www.guardian.co.uk_8255a113def1cb887ffd98ceb14bd87e2cc219bb634d56f22185eea0	23.52	13.38	97.17	51.61	39.02	76.19	857	5548	25	16	25	5
20120117_www.montrealgazette.com_a00fae0797653465b25ac1a13bcde9e485b514421c4cba8c2c2e196c	12.91	6.99	84.49	0.00	0.00	0.00	561	7467	103	0	16	18
20120117_www.independent.ie_d1f8adf15cd45d6f91736f7d8e6a4ce125b36f88402b3c699e0fcfd2	19.64	10.92	97.27	81.08	71.43	93.75	427	3483	12	15	6	1
20120117_www.sfgate.com_24e1213a9d551032be5ff810b012664630de7bd43e8f284e982daed6	12.57	6.74	94.18	22.22	14.29	50.00	421	5828	26	4	24	4
20120117_www.bbc.co.uk_ad83ea8e08d8bd9271e717ba6eeaff8101d3e810c810c17c84451469	16.25	8.99	84.53	57.14	52.17	63.16	377	3818	69	12	11	7
20120112_www.jta.org_4a3379d1f9ec531d5a916677a5a73da5877555db9a120018deeaadb3	31.75	19.25	90.51	57.14	60.00	54.55	448	1879	47	6	4	5
20120117_ibnlive.in.com_f09aeec9c93d8a20702206d19b6cf9e3f5d22723802c2b7cb0fb53cc	8.89	4.67	92.78	0.00	0.00	0.00	244	4980	19	0	1	5
20120117_www.theglobeandmail.com_c3fe22bd483d39744f5167a535f088dcf14bba58bec16fa0263b4594	15.71	8.59	91.60	83.72	85.71	81.82	731	7779	67	18	3	4
20120112_www.mirror.co.uk_8663691265499871d832ce0f04fa21b06218d200d99911ecead041a2	7.77	4.06	89.67	66.67	62.50	71.43	295	6968	34	10	6	4
20120112_www.dailymail.co.uk_07c11eeabada1ffd6b2d5303de0f296d539ba3f7865d8d88509f1abd	9.93	5.27	84.17	3.28	3.03	3.57	601	10793	113	1	32	27
20120117_www.usmagazine.com_efcef509d986f4bac6c1d7fd7525bd246623d12b797626e82db6cf3e	6.83	3.56	84.00	26.09	16.22	66.67	189	5123	36	6	31	3
20120112_www.heraldsun.com.au_ef4764e85b5e7926ce73df01f103d5e2d66db0cf41577864e4f5db99	10.09	5.34	92.01	78.26	81.82	75.00	288	5110	25	9	2	3
20120112_www.independent.co.uk_8a8296e812a999e1bfa78ac3986f76676160111381e627c8e020f33f	17.81	9.81	95.90	61.54	52.17	75.00	749	6883	32	12	11	4
20120112_www.theglobeandmail.com_a82c942896627b03cbdaaad77d3fd77b4d6ffb18f3006e9c2f4784ec	13.92	7.51	94.53	83.87	81.25	86.67	605	7448	35	13	3	2
20120117_www.odt.co.nz_93f5a1917311c28282a1f2c7912c2c554160045db323bde92b9aaa62	25.34	14.58	96.72	69.44	56.82	89.29	648	3796	22	25	19	3
20120112_cmvlive.com_b02be15c980c375ec956cf6f1c9f265ea7807b112a901fdef80b25a8	51.56	35.30	95.60	92.75	88.89	96.97	999	1831	46	32	4	1
20120117_www.latimes.com_4bbc92767919d8d2467d301487a59707c439c8fd97dff978db56ecc0	22.48	12.76	94.26	78.26	72.00	85.71	903	6173	55	18	7	3
20120117_www.newstrackindia.com_09b376f9fbdb420dd698e70b05d9041f0616874e7234c88e99334115	55.99	39.51	96.08	93.88	92.00	95.83	808	1237	33	23	2	1
20120112_www.news.com.au_337c7f67bcf3647aba9e786d7a9ac0ae90374fb4af4270431fc04416	4.44	2.27	91.67	82.35	70.00	100.00	143	6145	13	7	3	0
20120117_www.dailymail.co.uk_9e40ba53973df4419b48d86e95478a5c4cef943be06afb1f0bb8c467	13.80	7.48	88.77	0.00	0.00	0.00	727	8994	92	0	29	27
20120112_www.cbc.ca_985f91ae25e09e716a9ce0ebaf13f3b665624571ecec84b96a02c37b	36.89	22.80	96.51	91.30	100.00	84.00	829	2807	30	21	0	4
20120112_www.cbc.ca_130930eda8db2366fb07c8bcc86b1a960ac1e07d67e36909de294ace	11.78	6.28	94.87	88.89	100.00	80.00	222	3314	12	8	0	2
20120112_www.bbc.co.uk_43f849f890fd1367180abcc0c8b8ae3faf43c4b09a53371d52e33efe	28.51	16.90	91.14	68.49	67.57	69.44	854	4200	83	25	12	11
20120112_www.christian.org.uk_cb17ae52b290ea628635022a174dc740094a13675818745240a199a9	36.93	23.08	92.37	66.67	70.59	63.16	363	1210	30	12	5	7
20111215_www.bbc.co.uk_6289b8881ced4e2577bfe460766ab040744647dad9f6913b235cea1a	19.51	10.97	87.75	52.46	43.24	66.67	523	4243	73	16	21	8
20120112_www.foxnews.com_0d269a696925fa21989131eee82ab39ef86ab3900cca39b9d2fb0317	20.65	11.58	95.06	61.11	50.00	78.57	462	3527	24	11	11	3
20120112_www.independent.co.uk_224f87017b56cc4cb55e8039a1a6314296b5aff48f7f4ae79924bfbd	9.51	5.01	95.26	59.26	47.06	80.00	342	6488	17	8	9	2
20120117_www.bbc.co.uk_0e2fefb1a9fc14934b311f00ca71bff7cc909fcacb09d097dafac787	12.29	6.61	87.73	61.54	50.00	80.00	286	4042	40	12	12	3
20120112_www.washingtonpost.com_f7175bdb02eae7ca3a47a87655c79d451f44d1a4758b55052e72aa83	18.14	10.03	94.91	62.50	47.62	90.91	727	6523	39	20	22	2
20111215_www.google.com_f15ae5e3a902a6f4010166ea66e95dd7202bfd7da6da6cdf9eb68bc3	53.82	37.13	97.78	90.91	90.91	90.91	352	596	8	10	1	1
20120117_www.island.lk_8162a1b624866b5638873fee5cdfb747118e1c8575d7dd887af1a33b	16.29	8.94	91.20	19.05	14.29	28.57	228	2322	22	2	12	5
20111215_www.google.com_1dadb7b8b785257c96e75525287128a33660828a93c87864be59ed53	53.66	36.98	97.75	90.91	90.91	90.91	348	593	8	10	1	1
20120117_www.sunlive.co.nz_3c48f558ca87f7ac2a9a687942948a7ef61fd35dd5f2d1d7c1aa0d23	8.43	4.45	81.82	33.33	28.57	40.00	63	1354	14	2	5	3
20120112_www.foxnews.com_758b76cc0f6cf537c117dd591073f38157240017e084e3fb8e1a2d9a	35.48	21.70	97.27	76.71	68.29	87.50	963	3475	27	28	13	4
20120112_yourlife.usatoday.com_1516de67ca7051e7cf7c204cc89c1308cbf19f78c5887fd58842e37d	32.51	19.85	89.90	8.00	20.00	5.00	641	2589	72	1	4	19
20120117_topnews.net.nz_9bfcb66030a6d918d49e40c03c6b4ff3f8d5b202176a974eaa5afe9f	25.29	14.59	94.81	66.67	80.00	57.14	365	2137	20	4	1	3
20120112_www.jarrowandhebburngazette.com_71c89c93cb008511004a762e5d1c15f4b60117914cff78d5e93f07d6	9.94	5.25	94.50	45.45	33.33	71.43	206	3720	12	5	10	2
20120117_www.nzherald.co.nz_63f4577ddd683088d27fd6492f831bb6a82726aa2da4eb42f87e9961	17.37	9.53	97.89	73.24	61.90	89.66	696	6608	15	26	16	3
20120112_psychcentral.com_d083c6b0c8d0c244d419c175957011d592d58ad75eae67ccc1195938	32.88	19.89	94.83	81.25	72.22	92.86	569	2292	31	13	5	1
20120117_www.globes.co.il_d09882c1df29dc17384de479959ebd23c7cb2846d3e30b2735d42fb1	21.26	12.06	89.72	42.11	36.36	50.00	227	1655	26	4	7	4
20120112_www.proactiveinvestors.com_983802c35aa5afe93e2a85e759d02be06913749c233fe29eeb96188a	40.80	25.85	96.69	78.57	78.57	78.57	613	1758	21	11	3	3
20120117_www.gmanetwork.com_a3c1ac3e865f27770d7ead834a1ac09d3e544a5148721a6270991dc2	50.02	35.12	86.88	0.00	0.00	0.00	543	1003	82	0	0	19
20120112_www.nzherald.co.nz_92a98794ce71cef4443a615e7e85c4f03b6e14112749bb4a700a1dce	7.75	4.04	92.43	48.65	36.00	75.00	281	6666	23	9	16	3
20120117_www.figo.org_3afca4e68b47f41368c4616b05e859aa2e01ddb54185d6c811503d6f	30.54	18.35	90.98	66.67	60.00	75.00	222	988	22	6	4	2
20120112_lifestyle.aol.co.uk_309f2cdd5524511152e51f935e103c5c47b90e9601158efa0d8c2ed6	22.83	13.14	87.09	0.00	0.00	0.00	695	4595	103	0	2	24
20120117_www.un.org_143b51c3684fd547bcde51cc7fe04f7f116a8a68bb7d831d4e3649c3	48.96	33.45	91.26	0.00	0.00	0.00	470	935	45	0	10	10
20120112_www.abc.net.au_ff741952f475153888649fb76bf2e79f320b35b575d19c91ffa35239	20.14	11.28	94.26	85.71	92.31	80.00	312	2455	19	12	1	3
20120117_www.dailymail.co.uk_250e9a011bf4213fbe5b098b27130f7bf5d7f435e72f9deaad5ae28a	11.44	6.13	85.57	2.67	2.08	3.70	581	8895	98	1	47	26
20120112_www.webmd.com_252d2169ba7e553ec3c5f51e82c9cb2f7290b97c3ff5e9fe75c6cc16	16.41	9.23	73.67	55.81	70.59	46.15	512	5033	183	12	5	14
20120112_io9.com_342f14a83f5f7c3c3d8fa26c5a5f46e591212ad7a8bb2e45d41daa47	15.13	8.20	97.17	66.67	62.50	71.43	412	4611	12	5	3	2
20120112_calgary.ctv.ca_78e64b611dc5144c5172c519d9292e75405bc6e4e0e4f07ad2a9fef2	5.94	3.06	96.65	56.00	41.18	87.50	375	11864	13	14	20	2
20120117_www.indianexpress.com_9f97c347cb56cdb2f44406a269d038ab499160f00601ff033fc0334d	12.71	6.82	92.69	82.35	87.50	77.78	203	2772	16	7	1	2
20120112_www.newsnet5.com_a339ef70684390395b35975a87f0da722f6ed87b9000cf614fe53f61	9.18	4.83	92.77	60.00	50.00	75.00	154	3035	12	6	6	2
20120112_www.google.com_14cfd3cb4f12edb4e5a2b171b635ed1159404cd611b3e9ac7f5e86ae	55.48	38.70	97.95	90.91	90.91	90.91	382	605	8	10	1	1
20120117_www.mirror.co.uk_9d27adf9ae5483609c257e7dec02cd92a9783b26fad0e33760a5b4dc	11.59	6.18	93.64	58.14	42.37	92.59	501	7609	34	25	34	2
20120117_visitbulgaria.info_54a20f9f7abb52319ad7988e1b4e1170c4ea3cf97827941b6f9a2624	19.85	11.06	96.44	58.33	43.75	87.50	352	2830	13	7	9	1
20120117_www.sacbee.com_d47c90c533a794a05c1634ccff149222ebcc939b5cfc68eecf8274c2	12.41	6.63	96.98	41.18	28.00	77.78	353	4974	11	7	18	2
20111215_www.bbc.co.uk_b549e6b7ec6bf53a79536b51213191b0752f33e134ba1eaef6ff1b45	20.53	11.53	93.72	66.67	56.52	81.25	403	3093	27	13	10	3
20120117_www.heraldscotland.com_998648fa54f1a5e658f33d51eaa231745078400669f2affaa69b117e	4.31	2.44	18.56	35.29	75.00	23.08	62	2484	272	3	1	10
20120117_www.montrealgazette.com_a9fd53720eef6a3beb5af87f466cf208b31c74d9bef701fa0d149020	11.29	6.10	75.84	0.00	0.00	0.00	521	8020	166	0	47	19
20120112_www.theage.com.au_3b2621b040935fc7babe189f04a8195e5d6d42f318738af356788972	6.54	3.39	92.68	51.85	41.18	70.00	190	5416	15	7	10	3
20111215_www.belfasttelegraph.co.uk_c84a9b7d5164656bef295220fa5cc6c072c6d139d92c9f51f7959946	35.64	21.85	96.64	61.54	57.14	66.67	805	2879	28	20	15	10
20120112_www.nydailynews.com_560098327943ada908b93cdf6817fc62425c05f81984b3a69f599a0a	4.27	2.19	84.80	20.00	11.76	66.67	106	4738	19	4	30	2
20120112_www.wcti12.com_d0aebf8b87325236ee29df29ddaa2eb34789a01904e1c209e98791ca	18.79	10.60	82.55	0.00	0.00	0.00	369	3111	78	0	17	16
20111215_lifestyle.aol.co.uk_937d9eb5be35cb3a1e059d8e65792dd4b977f232ebdadc68c861a53f	11.44	6.12	88.41	0.00	0.00	0.00	267	4098	35	0	2	12
20120117_www.google.com_c29fb1d041fc32e81b9f9dcdae0827b060e5de8d963198c1d1ba8dab	48.32	32.14	97.29	90.91	90.91	90.91	287	606	8	10	1	1
20111215_www.dailymail.co.uk_7c9b923c2051007465a44b4b1ab66f37fe7f273adbf47ea20c5efb95	8.44	4.44	85.87	0.00	0.00	0.00	395	8506	65	0	19	18
20120112_www.boston.com_606e55320555966ac0b51b84c1ca252f0201df165c674235ca03125a	28.03	16.45	94.74	81.82	78.26	85.71	720	3657	40	18	5	3
20111215_www.telegraph.co.uk_9bcaa3e3dcef2649906d23c1601f489bbac24913392be2b14e2a9a3a	5.95	3.07	92.00	26.32	16.13	71.43	184	5800	16	5	26	2
20120112_www.scotsman.com_e74fa65d2a9e544286e9f237baadcb4e8becf848ee2b6603bc664d19	16.44	8.99	96.43	70.00	58.33	87.50	568	5752	21	21	15	3
20111215_www.doctorslounge.com_15111bc542b72dd41c3c4b2c6fe3cff546b7114acc06414e73c1d028	26.94	15.74	93.48	25.00	16.00	57.14	330	1767	23	4	21	3
20120117_www.bbc.co.uk_a5a89301d68c7940a0dfcbae5bf161aab81b577a17044afe5217f47d	9.84	5.19	93.81	50.00	38.89	70.00	197	3597	13	7	11	3
20120112_www.mirror.co.uk_0e915ee902e421aef19a4b8a664f2c7536b78caa60bce0f72642dced	7.73	4.06	80.66	0.00	0.00	0.00	317	7492	76	0	13	13
20120112_www.bbc.co.uk_2cac11f4fbd2f55894f9f3e7fb28c8fc105988fdc00c5105aa91bb96	23.21	13.30	91.13	71.19	63.64	80.77	606	3952	59	21	12	5
20120112_www.nytimes.com_30ea681ec1f2ab872b3df28d1b564d0462ef30c3cc15b136cfd0ce7d	26.08	15.08	96.33	88.00	91.67	84.62	551	3102	21	11	1	2
20120112_www.forbes.com_06573abe0d2325fb80b1052a1c35174ba5f221041c38d5faf508b603	19.41	10.82	93.61	73.68	70.00	77.78	571	4704	39	7	3	2
20111215_www.webmd.boots.com_2805090080ec7ca0f50b4fdb245332f0d93d3818e08e7787940bfd3a	24.29	13.94	94.17	70.27	72.22	68.42	549	3388	34	13	5	6
20120117_www.theglobeandmail.com_8c59ebceafadcfa87f6701a01405b73f13784564a6ec58f98208dfe0	10.17	5.38	93.22	70.59	70.59	70.59	454	7991	33	12	5	5
20120117_www.lportepilot.ca_52a9cf5e2276b39a9cb7c9b3e6b1e8320ce5b5d88d5539ae8d4775f5	11.36	6.11	80.70	0.00	0.00	0.00	184	2827	44	0	14	9
20111215_www.4ni.co.uk_e89a5849150069d124708ee2d5f01fcaa2004fe4e62393fcc61dcd61	37.23	23.51	89.40	0.00	0.00	0.00	565	1838	67	0	0	20
20120117_www.latimes.com_2b1c2cabdb7c25ec353fcc7c3c7a7c3a96328c67b4d64dc0de54dd9c	8.47	4.48	76.39	0.00	0.00	0.00	275	5861	85	0	2	12
20120117_www.newsday.com_bd9a36f1d3fa8eeae139eabf18984c92b5fee713788fc1e6b479df0a	23.06	13.09	97.06	60.61	47.62	83.33	363	2411	11	10	11	2
20120117_www.dnaindia.com_04710b4ff490dae30da92912687c1719baa1a6e07674fd1991ed7f4d	11.30	6.03	88.31	80.00	100.00	66.67	136	2118	18	4	0	2
20120117_www.google.com_54167310f35c90568e351f22718af2dc78f4b552976150e79d78e1f4	60.59	43.80	98.23	90.91	90.91	90.91	445	571	8	10	1	1
20120112_www.theglobeandmail.com_4d28a75adf58743732cee0ecc20179df60b2a311ff393cef89b6088d	13.54	7.29	94.51	87.18	85.00	89.47	654	8312	38	17	3	2
20120117_www.nupge.ca_4c77177539fb6c459770af26a327d14c4d1eaaf87656de3226b15fa9	26.38	15.34	93.98	57.14	42.11	88.89	234	1291	15	8	11	1
20111215_www.dailymail.co.uk_7649c3f49d8273fca6eb44499d790769421004f1ed50404d7cf1ffff	11.19	5.98	86.84	3.45	3.23	3.70	594	9342	90	1	30	26
20120112_ibnlive.in.com_f950be00fcdabd04adcb105977662b15b9670d4580731ba46b6df8f7	11.19	5.94	97.07	66.67	100.00	50.00	298	4720	9	1	0	1
20120112_allergies.about.com_88102a1ab73f5b15f96c77a675276d1c9fa99136710d86ce8cd8cece	31.92	19.28	92.62	30.77	22.22	50.00	226	946	18	2	7	2
20120117_www.winnipegfreepress.com_be7fd7a2212584780fcc85b7e50b430545b789b00b78b67a13d595d8	22.77	12.89	97.41	73.33	61.11	91.67	527	3561	14	22	14	2
20120117_economictimes.indiatimes.com_e2109c7328f2ed169f12e980884fd522d752b999667aca3a913a5a6b	22.22	12.61	93.05	82.35	87.50	77.78	348	2411	26	7	1	2
20120117_www.businessweek.com_f298dda4630d2996a1586d8ab7f06f5d7f36990454ec6ac5edc0efde	36.24	22.78	88.60	0.00	0.00	0.00	863	2926	111	0	6	30
20120117_gothamist.com_a6b6a49ce44b1e33a5d2baff994e803b5ef5bbb15ce7642075df08ae	18.13	10.05	92.67	44.44	33.33	66.67	177	1585	14	2	4	1
20120112_www.latimes.com_4fc3f7c44882404f7f8748637fb8161f338c91bdb294af9c0398c74f	10.09	5.35	87.00	0.00	0.00	0.00	348	6151	52	0	9	10
20111215_www.guardian.co.uk_907efa7d6598430e7d998858ce55198cd1b93d8f6173d82e2b3071ee	6.75	3.50	94.27	22.22	13.04	75.00	214	5902	13	6	40	2
20120117_www.nzherald.co.nz_bf50a7c3faa7e7b961fa7b79d60c5a5c6bac6afd3c3fff1ad383ecb4	11.36	6.03	97.00	66.67	51.61	94.12	420	6540	13	16	15	1
20120117_www.vancouversun.com_71478413f90e0d6f2262f3a2cadb7a30be7d7f726e3215acbbd9912d	13.46	7.27	90.21	0.00	0.00	0.00	590	7523	64	0	41	20
20120117_www.guardian.co.uk_dd9d50d1d184dd0ab2d74149f4b884e10bec69f8527a729027f23a54	18.67	10.35	94.61	61.54	47.06	88.89	632	5472	36	16	18	2
20120112_www.sabotagetimes.com_da830dfb205df2f71599d1c4aecc45c80fbd1d2ba8d2e60b05aa003c	47.02	31.23	95.18	72.73	66.67	80.00	1383	3046	70	16	8	4
20120117_www.whatsonxiamen.com_ba0e4cea49bff71d8594d0f09657da0e7b73bb9ba4285d7dec1ac3b5	23.40	13.56	85.31	0.00	0.00	0.00	517	3296	89	0	0	26
20120112_www.iafrica.com_7edd9b541414b73079bf5c811c81fb93e2337bf976ab3484252ecf96	9.22	4.85	94.07	77.78	70.00	87.50	254	4988	16	7	3	1
20120117_www.frenchtribune.com_4265bebad043b0d08948897b8390eaceaf5efe5961cd40268644e147	18.03	9.95	95.80	58.33	46.67	77.78	319	2887	14	7	8	2
20120112_news.bbc.co.uk_f75ece81098631dbd272e4b34ed73383c37d719c26d1d72a6a080931	18.90	10.56	90.08	70.27	61.90	81.25	336	2846	37	13	8	3
20120112_www.guardian.co.uk_5f4756f5d32b866aac3bd29eb56a5e7d613ace85e3e89d50bd409360	6.57	3.41	91.63	37.50	26.09	66.67	208	5898	19	6	17	3
20111215_www.dailymail.co.uk_3f608d00736156a323ab476a86a3c7bca40bcb05ee1d74ceb546bbd5	7.51	3.93	82.82	3.03	2.17	5.00	376	9186	78	1	45	19
20120112_www.guardian.co.uk_ed85aeb8e6073435855f5d682554f3b5905d7cfd035343cc27052ab9	8.36	4.37	95.82	28.26	16.88	86.67	826	18076	36	26	128	4
