file	F	P	R	F.tag	P.tag	R.tag	TP	FP	FN	TP.tag	FP.tag	FN.tag
20111209_www.we-dwoje.pl_19af8fed1feb67d7ad17ceed91f60bbcb0845ec57d5132df8c16e255	34.94	22.70	75.86	29.41	19.23	62.50	264	899	84	5	21	3
20120104_www.money.pl_e7ba8f2d7d697eb07d171de9f2d33a494d57e2fc44dce04b805450e1	68.37	60.07	79.31	40.00	30.77	57.14	161	107	42	4	9	3
20120104_www.gk24.pl_c95d8af5117520c86cf6a43247756d8a8bcfe62435ca0a8d4256662f	60.52	45.60	89.96	27.03	17.24	62.50	233	278	26	5	24	3
20120105_www.we-dwoje.pl_a34f720362e69f95128b20da89e6b87e248575d82e80acd0c12e41ad	71.51	64.56	80.13	46.15	37.50	60.00	512	281	127	9	15	6
20111121_www.biolog.pl_df35442bc753c25dd6c3d261cac577b2e83b5f6405dfa1fbc7b3711d	77.93	71.32	85.90	71.11	57.14	94.12	664	267	109	16	12	1
20120106_www.pomorska.pl_319b22943ec4e778a564cf08846303ca7caac14778d50ab4dcc555d5	84.19	77.92	91.55	48.57	38.64	65.38	1073	304	99	17	27	9
20120102_www.zdrowiutko.info_4af7429d6f7b3967f666b89eea7bef64cc89f5b13fb8a366a7b5fcf9	86.75	86.19	87.31	79.37	75.76	83.33	743	119	108	25	8	5
20111207_www.biolog.pl_1217f2298aedb3f437a8ad8f951d4a5fd72f73453f3a1ad483247983	60.77	50.20	76.97	34.48	25.00	55.56	254	252	76	5	15	4
20111121_www.zdrowiutko.info_974b6000f979b037cca015e83a107762db4890e6216ad7767d15ebbf	88.40	94.89	82.75	76.92	78.95	75.00	446	24	93	15	4	5
20120104_www.rmf24.pl_f855b922968bad3aad3e602bffd0cf52f85e6310bcdccac4cc775317	82.85	81.94	83.78	57.14	57.14	57.14	186	41	36	4	3	3
20120106_www.rp.pl_0c673e6f222d11a2e838ee625217077fdbd48353bf73ad3d4ff6ff47	10.19	32.65	6.04	15.38	16.67	14.29	16	33	249	1	5	6
20120106_www.nowiny24.pl_7f85e13888ff7478c6e1bbb27628ac8bfa7741bdde10abab79aaabbc	71.10	61.07	85.07	36.07	27.50	52.38	513	327	90	11	29	10
20111121_goodcontents.net_daca031b3afb62aa1c5ae330893841cfd517220dc0be08ce017e26d7	4.92	19.64	2.81	0.00	0.00	0.00	11	45	380	0	4	7
20111209_www.biolog.pl_f8a9a3a7e56a47890452bd092305ca15eaaf850b48b6935084628b48	48.69	34.46	82.93	30.00	18.75	75.00	102	194	21	3	13	1
20120106_www.rp.pl_af88e8921fbd34d5545ac12ebf8e46776b2fd5e237f17d8488e67f6b	2.00	53.85	1.02	0.00	0.00	0.00	7	6	681	0	2	14
20120106_www.rynekzdrowia.pl_65763a4d2634741e77cdcbdafb1f17ea37275efbe4a1ced9bba9f2ea	73.30	62.22	89.17	50.00	40.00	66.67	140	85	17	4	6	2
20111207_www.biolog.pl_f7b095a5f67da611db46b0033f53bbf0d6d1d6b0965661dc74629464	63.38	52.77	79.32	45.16	33.33	70.00	257	230	67	7	14	3
20120102_www.biolog.pl_da4971d5a8258ca16606d2a4af7b3ff5a43a04116e50017b5794f1e6	76.24	64.57	93.05	55.17	40.00	88.89	308	169	23	8	12	1
20120106_budownictwo.wnp.pl_ff337b320fa04ea7f0dd72f85bf1de4cbc93f521cd4a02457e6e86d2	5.16	66.67	2.68	0.00	0.00	0.00	8	4	290	0	1	8
20120102_www.biolog.pl_7c3b047ae678cbf0aab0b7b7dfb357b3d41868b90f16f3b227a3c491	73.88	62.96	89.38	46.67	33.33	77.78	345	203	41	7	14	2
20111207_www.biolog.pl_cbef94652e0301b7efa01a61b323fa8e7d1c79ebaa36eb50ede8f7b0	47.44	34.46	76.12	38.10	25.00	80.00	102	194	32	4	12	1
20120106_www.rynekzdrowia.pl_bdc5c2b80ed23617eb900252991d90d4656ade58157d2e3e2bafc26b	84.35	77.11	93.09	63.64	53.85	77.78	283	84	21	7	6	2
20120106_www.wspolczesna.pl_0dd3592e0d200f6516534c023c04eb4e8984fee26436878ad80e2855	80.10	69.40	94.70	53.33	37.21	94.12	769	339	43	16	27	1
20120105_www.we-dwoje.pl_b0db55778e8821d208c8ac62c8d13d45383eb82b029b30856cfb9423	70.65	67.69	73.88	48.28	46.67	50.00	331	158	117	7	8	7
20120102_www.biolog.pl_306b8101d03d29a1ee66c57786538a26ee98577075c873767a787a68	67.71	54.19	90.23	44.44	31.58	75.00	194	164	21	6	13	2
20120106_www.rynekzdrowia.pl_f07b63d1c1fbbffcd623b0c5bd041de2120ee38f6929245adcff13b1	46.58	30.83	95.24	25.81	15.38	80.00	160	359	8	4	22	1
20120106_www.rmf24.pl_505b49e74cd20ee7c8f10d2026d3bf8fdf91537debf2e3952286ded5	69.72	70.37	69.09	72.73	66.67	80.00	76	32	34	4	2	1
20120106_www.polskatimes.pl_cbecb1cdf021db05874d2a890ff464ba725e9083213745397b5a4bb6	14.29	34.38	9.02	0.00	0.00	0.00	22	42	222	0	1	11
20120106_wirtualnapolonia.com_bafb21f000c3042db55f8b3f13a5c43c5a9178fcb520f76dc7ff0ca9	87.06	86.18	87.96	78.79	81.25	76.47	555	89	76	13	3	4
20111209_www.we-dwoje.pl_9e19ffb372d06c9036e7d4c5e06c9f05fa5c86cc123c68e23e7640e7	70.27	65.00	76.47	34.78	23.53	66.67	312	168	96	4	13	2
20120105_www.we-dwoje.pl_6ed54a3f163ad1ffe0cf00805c28afdcf78b018b370957c05e219bf1	77.02	78.22	75.86	56.00	46.67	70.00	553	154	176	7	8	3
20120106_biznes.interia.pl_9a6726be57cae3560f578c7b15519ddb4fb7b474fdcddd62a38534aa	78.63	71.40	87.50	60.87	53.85	70.00	357	143	51	7	6	3
20120106_www.gazetawroclawska.pl_41a7b3773550523a9741d29845aaaee9e977bdfd01901850f9563329	5.59	82.35	2.89	0.00	0.00	0.00	14	3	470	0	1	19
20111209_www.we-dwoje.pl_1c0a491674db2d2724388d3fb0c5682dd6a80cdaa873938b214330d2	73.10	68.02	79.00	40.00	31.58	54.55	587	276	156	6	13	5
20120106_slask.naszemiasto.pl_e4f5f61fdc3d25a8a225b4d8ca7d6940dfab791aade48c19aa6d890a	7.89	16.77	5.16	7.41	12.50	5.26	27	134	496	1	7	18
20111207_www.zdrowiutko.info_458120636c549e2575a4fe998f7365f52987c6e61bac575a78e55e6d	41.99	34.66	53.24	38.10	30.77	50.00	148	279	130	4	9	4
20120106_www.kurierlubelski.pl_f30bc4a6f30f2cf37d811cf421a158e5705660cbaf1aa09a0d5abf79	10.67	9.41	12.31	18.18	20.00	16.67	16	154	114	1	4	5
20120106_wiadomosci.gazeta.pl_9e3a495d6d34f0786bb36d7959b1cfd0fd7be66d18123b9282771fcf	97.43	96.97	97.90	70.59	75.00	66.67	512	16	11	6	2	3
20120105_www.biolog.pl_18fa987c4df0404a2a81a488b1c87144123c6f9aac96f4ab89ec37c0	78.62	68.98	91.40	59.46	45.83	84.62	478	215	45	11	13	2
20120106_biznes.interia.pl_7c18953a68f6289844d42ab7a7811c30f235b0b27bd58f4fe768b52f	45.73	31.08	86.54	57.89	50.00	68.75	450	998	70	11	11	5
20120106_www.zdrowiewpodrozy.pl_5f410c638df6a9193d38a93f51bf764acc9e60cbc883aebe3d0ddf42	30.47	20.81	56.86	26.67	16.67	66.67	87	331	66	2	10	1
20120105_www.zdrowiutko.info_087d4f5b87f18f340f945c2381b1f770980d4e67243a71d8e30f1226	76.88	72.76	81.51	69.84	64.71	75.86	908	340	206	22	12	7
20120104_wiadomosci.onet.pl_59ec17750f853eea42b7b600e45955002f5be09edb7748048e1824fc	6.09	77.78	3.17	0.00	0.00	0.00	7	2	214	0	1	8
20111207_www.biolog.pl_2f300e5dfb93afb536e83060ca4844e5758ce50af3bf9e2bd91a8b77	61.23	48.17	84.02	46.15	31.58	85.71	184	198	35	6	13	1
20111121_www.biolog.pl_8b000f2ac350c280a189edadad368f1037ca3bb84684617169290369	70.26	58.55	87.83	51.85	36.84	87.50	267	189	37	7	12	1
20120106_wiadomosci.gazeta.pl_b7a7a935284f86094e297bd12f887dfbbbb570e29c3e1b22f5e3d7bc	90.95	89.18	92.79	61.54	66.67	57.14	206	25	16	4	2	3
20120106_www.wprost.pl_1da9a6f43423d0e5ae200279d78abdc31feca05e8dc98ec380e665de	26.61	23.44	30.77	13.33	11.11	16.67	64	209	144	1	8	5
20120106_www.rp.pl_849dd4d86cccc711b3ab79a6bdbe5f22390d676d54d83ae5055a56b5	12.70	35.29	7.74	14.29	20.00	11.11	24	44	286	1	4	8
20120106_www.kurierlubelski.pl_d4de09e672965d66c1c672536e1a13bbcafdfff7172f223238eda9a4	5.92	8.33	4.59	0.00	0.00	0.00	14	154	291	0	5	8
20120105_zdrowie.gazeta.pl_25d02d0e4172561f2efa5f137260da753222aa05e4ac37297f889fe8	6.00	75.00	3.12	0.00	0.00	0.00	9	3	279	0	1	19
20111207_www.biolog.pl_039e473555c4ee6a818fbd7ac007c8edc8407155a9cd534dfb0abe80	57.09	43.75	82.12	48.00	33.33	85.71	147	189	32	6	12	1
20120106_odkrywcy.pl_118b87b6df1d2f9b54f7dc4d1ec4e324e03c849d937da26bc9124621	34.68	36.17	33.32	19.23	15.38	25.64	629	1110	1259	10	55	29
20111207_goodcontents.net_6ddd653138b9ebef2c8b3eea220ac17362418304e9c47f22c2af8e3b	4.14	19.64	2.31	0.00	0.00	0.00	11	45	465	0	4	9
20111207_www.we-dwoje.pl_7750fcbf097b086bffb815c87e01ec6d4bdce042f20e34c6a181abb2	63.72	61.68	65.89	34.15	33.33	35.00	396	246	205	7	14	13
20111121_www.biolog.pl_f1377bd36757954a1c0131ef035e6f950fe847f3ecad66d464d747fd	78.04	69.38	89.18	57.14	41.67	90.91	503	222	61	10	14	1
20120104_energetyka.wnp.pl_de7a5b66b6dcfad27ce31f85ebff935a83e553fac41b6189864e8660	10.32	66.67	5.59	0.00	0.00	0.00	8	4	135	0	1	5
20111207_www.we-dwoje.pl_236b1a486c6395f60ac9a1d2949131e949716add254e677ecff3eed1	81.29	77.54	85.43	42.11	33.33	57.14	428	124	73	4	8	3
20120102_www.biolog.pl_183e757bd483767ac212b27981d1402ba1ff5227c483a602136df269	73.45	61.18	91.87	60.00	45.00	90.00	260	165	23	9	11	1
20120106_wiadomosci.wp.pl_f166a5138ccf340a4739beb97132e4670fbd266945872dfb2a5f95f4	4.54	2.37	54.62	5.41	2.80	75.00	65	2680	54	3	104	1
20120106_logistyka.wnp.pl_27ce173ae3fb549f83c2acdd9a5abbd7ecb7e4104837ba3ee99a3287	3.76	58.33	1.94	0.00	0.00	0.00	7	5	353	0	1	8
20120105_www.we-dwoje.pl_c8178c22e2659f9cda5210eb3439f5f78b92fd959a8645e57473286d	53.79	39.48	84.39	30.77	21.05	57.14	227	348	42	4	15	3
20111121_www.we-dwoje.pl_6d6817d20f82986c52426986c94ef4a1de0f35aa9c643662d32a2ca3	71.98	76.52	67.96	10.00	9.68	10.34	808	248	381	3	28	26
20120106_katowice.gazeta.pl_53fe4054505be6ea6b40a7d967f278ae921093eb2b145f54b778f180	7.47	89.47	3.90	0.00	0.00	0.00	17	2	419	0	1	9
20120104_www.rmf24.pl_39c9c81d1e09f7d3628fac5e3cd02e18e3a5a414273b98a8966f1dba	85.39	90.84	80.57	53.33	50.00	57.14	228	23	55	4	4	3
20120104_gwizdek24.se.pl_a6bd37e3bc05b26de47f22e0ef08fb02f0d5e62e5e3558d15871d38a	25.99	31.08	22.33	22.22	50.00	14.29	23	51	80	1	1	6
20120102_www.biolog.pl_18fa987c4df0404a2a81a488b1c87144123c6f9aac96f4ab89ec37c0	79.34	70.09	91.40	59.46	45.83	84.62	478	204	45	11	13	2
20120105_zdrowie.gazeta.pl_464285b45a4d83afe4c38d1dbe170c5ab1eddb12dd4455477b761a0e	3.28	75.00	1.68	0.00	0.00	0.00	9	3	528	0	1	18
20111207_www.zdrowiutko.info_087d4f5b87f18f340f945c2381b1f770980d4e67243a71d8e30f1226	87.42	96.63	79.81	75.68	82.35	70.00	1206	42	305	28	6	12
20120104_www.rp.pl_81eee2d392ad20946df2eac3bac84b18c39296c0df3e4610526e6bcc	1.96	53.85	1.00	0.00	0.00	0.00	7	6	695	0	2	36
20111209_www.we-dwoje.pl_3adf2f38f4a791a5a4f584d2222f96df47bb04f572dc8355ad0f61fb	51.25	42.86	63.72	16.67	12.50	25.00	72	96	41	1	7	3
20111121_goodcontents.net_b620d443a4b5995eb339983e23c9b580085a5aac56bb25a65703c7c1	3.61	16.07	2.03	0.00	0.00	0.00	9	47	434	0	4	7
20111207_www.we-dwoje.pl_429d4b840ac7e41278d5111c96d47bf8a4db8e3cae971076400971ec	77.06	73.94	80.44	40.00	30.00	60.00	403	142	98	3	7	2
20120106_wiadomosci.gazeta.pl_4e987ff4700b94fe6e0827078d714af463a59af009733b25758ad781	98.04	98.29	97.79	76.92	83.33	71.43	574	10	13	10	2	4
20120104_www.wprost.pl_c053d2deaaf1c748b0f9bde19116651d0534fa64441c8637103a5e29	50.41	39.48	69.70	20.00	15.38	28.57	184	282	80	2	11	5
20120105_www.biolog.pl_18f25bfb9bb01f9fbf381bb9f11d90daa713d7739e8eb1475e750817	55.67	39.71	93.10	38.10	25.00	80.00	108	164	8	4	12	1
20120106_www.rmf24.pl_0ead2c203e6c19b561b33611f02c7d063f9ee982711b42c189ee379b	74.85	84.77	67.02	71.43	71.43	71.43	128	23	63	5	2	2
20111121_www.zdrowiutko.info_665904417a34e62564dd9d52ef582728b9f7655e1f5d8a4934115d6c	85.99	92.18	80.57	71.79	66.67	77.78	589	50	142	14	7	4
20120106_www.bankier.pl_332f048f36d15b41e2af00aee9259f25b613e541fe8d0be398ab7adf	86.32	81.46	91.79	44.44	40.00	50.00	123	28	11	2	3	2
20120105_www.zdrowiutko.info_5022f347590833960c9b8492bd7cbe47ced16b5e43fbf0a495c1a05b	66.16	79.72	56.54	58.82	55.56	62.50	173	44	133	5	4	3
20120106_wyborcza.pl_3dcaa2863c79ea77dcf61ac92e53b6e5b10631a8541e019a769d75f6	13.10	39.29	7.86	50.00	66.67	40.00	11	17	129	2	1	3
20111207_www.we-dwoje.pl_aadc8a9177b08dbda4327b28103e911dbf959368dee591196e2b8732	48.65	58.37	41.70	33.33	33.33	33.33	279	199	390	5	10	10
20120106_zdrowie.dziennik.pl_41a3b618e2860a726d88f90155cc12d3e22c36051851dbd398ebcecc	5.36	42.86	2.86	12.50	25.00	8.33	9	12	306	1	3	11
20120104_gornictwo.wnp.pl_e3e4ba3c5614b7d91bc4a20db20650a747ec27f7506e8bbf090f28b2	6.75	66.67	3.56	0.00	0.00	0.00	8	4	217	0	1	7
20111121_goodcontents.net_3bac60d11082c79c3c7691a22cf2e087f817faeb28420816ed7ef701	3.87	16.07	2.20	0.00	0.00	0.00	9	47	400	0	4	11
20120106_www.rmf24.pl_34a0ef2da5dcfb5d6d5a2d92d422be3a6790a18ad0d14da9fcf7ca92	70.97	84.62	61.11	50.00	57.14	44.44	132	24	84	4	3	5
20120106_wiadomosci.wp.pl_ede986dfb9ea0b055d421da8312cfe5c2cd21935ccb0240974bba0c4	21.17	12.48	69.80	8.89	4.84	54.55	275	1929	119	6	118	5
20120106_wyborcza.pl_7863e2f7e4816822c9778bf9d0ba9b44390ca1b08506fed7bc2e32de	84.28	75.73	95.00	74.42	69.57	80.00	855	274	45	16	7	4
20120106_gornictwo.wnp.pl_df7191619c95661172c1fcb6f369d730675e1e367a48e9bc98dd93f9	3.21	66.67	1.64	0.00	0.00	0.00	8	4	479	0	1	14
20120106_waluty.wp.pl_15747fb12c1178c6aea602a0ef373e3734373d160f02618840647159	12.86	6.91	93.23	6.59	3.45	75.00	179	2412	13	3	84	1
20111121_www.we-dwoje.pl_23e8eed1174fe689688251122a4acf4ece6619471fe85bc7bc656aa6	15.12	30.48	10.05	9.76	13.33	7.69	96	219	859	2	13	24
20111121_www.we-dwoje.pl_429187ccb9e87e6dfc4652d046e078c61e30166d483fe869fc19976e	74.57	66.57	84.74	55.00	42.31	78.57	472	237	85	11	15	3
20120106_www.rmf24.pl_7f5842e8e43fd5565317ab8861e87f8370174b9d947220c14baa9b2a	62.52	57.53	68.46	55.56	50.00	62.50	191	141	88	5	5	3
20111209_www.biolog.pl_0c40e93d3207fc5816cd35434625bd3e90d3c72be9e6c00b4b277958	63.70	49.14	90.53	40.00	25.00	100.00	172	178	18	4	12	0
20120106_tvp.info_ad39caa8103c89120e8be1fb5a1539a8530bc9e2b0729b24fcbdd3c5	84.26	75.24	95.75	55.17	80.00	42.11	1103	363	49	8	2	11
20120106_www.rmf24.pl_305c0f08634bf938ad15c3615190d4480b1c05adc84e3a4514676d8d	61.82	62.63	61.03	66.67	71.43	62.50	119	71	76	5	2	3
20111121_www.we-dwoje.pl_15d4a9a21844a96792bcbacd1aba7a58970b04e527ad8841c011f67a	75.47	67.31	85.87	55.56	41.67	83.33	243	118	40	5	7	1
20120105_www.we-dwoje.pl_01634c7ab98ae9b9bb9456c2192aab3060fcaf20f4dd23858cdbd4af	85.45	83.14	87.90	58.06	56.25	60.00	799	162	110	9	7	6
20111207_www.we-dwoje.pl_c5b6af8a7526c739d0640f6f3f4d1b0bf84adb7b6038ea12a64748ea	47.25	54.07	41.95	44.44	36.36	57.14	146	124	202	4	7	3
20120106_www.rp.pl_05d84e8ae6c6f836e60f9c9aae694c3c059d9bd3342257682c197cbe	68.11	92.76	53.81	50.00	57.14	44.44	205	16	176	4	3	5
20111121_www.we-dwoje.pl_02d0b364d35d6c4d5b9807d06b76c6d3836002574d4500e48c2dde5e	13.18	7.16	82.63	13.11	7.14	80.00	157	2035	33	4	52	1
20120105_www.we-dwoje.pl_7195230c656b26e5813543a90d1d5e427d347de4b3e0d10fb565ea17	63.03	64.46	61.67	47.62	41.67	55.56	185	102	115	5	7	4
20111121_www.we-dwoje.pl_f08067ff05f49986e34305118a44c027406df41da7f02f275dffeed5	61.94	62.09	61.79	40.00	32.14	52.94	393	240	243	9	19	8
20120106_www.sfora.pl_a4554ae8c5dffcd2c83f788834250250937b1775c2dc3ca3b439de98	21.27	12.29	79.22	57.14	42.11	88.89	122	871	32	8	11	1
20111121_www.we-dwoje.pl_ccfc5195c780b67e40760af089fa6c9bbcdeac2ed1b306dd7f2999df	55.53	56.14	54.94	15.00	14.29	15.79	512	400	420	3	18	16
20111121_www.biolog.pl_2ade212bc82e82a76476f5f29a512c058df6dc2e0b8ade7a83bc03b4	77.99	70.75	86.87	54.55	40.91	81.82	675	279	102	9	13	2
20111209_www.we-dwoje.pl_236b1a486c6395f60ac9a1d2949131e949716add254e677ecff3eed1	81.29	77.54	85.43	42.11	33.33	57.14	428	124	73	4	8	3
20120106_teleshow.pl_11d28ad75a870f97efd8f4295dae9d5c49669b061a0d9013cc993ce7	51.61	37.32	83.66	25.00	15.00	75.00	128	215	25	3	17	1
20120104_wyborcza.pl_a79c370fa57c75e6b73c6e1a9862802513afe9dce6a86a1a43e9be68	95.74	93.38	98.21	72.00	69.23	75.00	550	39	10	9	4	3
20120104_www.se.pl_3ee27ec46069a1837a8f6923ff91e7590131d1dc25dacbd1252ff86b	11.79	68.57	6.45	0.00	0.00	0.00	24	11	348	0	1	12
20120102_www.biolog.pl_a016490eff21b1267a3eac8194936de785fbeb75780cafa93f326a58	73.35	62.40	88.95	68.29	53.85	93.33	322	194	40	14	12	1
20111209_www.we-dwoje.pl_8f8c807ff49395090156aaad05fee467b41e8fb8350797aa9b3fb6ed	68.01	63.82	72.78	20.00	16.67	25.00	254	144	95	2	10	6
20120104_www.pb.pl_493c924d87c7b1606e49a203d6bce858ec5b6cdb399289c2ac8a6ec0	18.14	10.27	77.57	5.50	2.91	50.00	83	725	24	3	100	3
20120105_www.we-dwoje.pl_590d0ff1a3348d41b60c2d8ae00b1d46a73ff2d8f3e59b81231ae0f3	82.20	79.60	84.97	46.15	46.15	46.15	554	142	98	6	7	7
20120106_www.polskatimes.pl_31ac5f642b68c14138884effb214fb8a05fcf9f7c1603fe6ba164260	5.11	7.74	3.81	0.00	0.00	0.00	12	143	303	0	5	14
20111209_www.biolog.pl_a34af0858c881f84adc682b5e0d67b047251fa6fdb22c6129f13c21c	71.42	63.79	81.13	59.09	48.15	76.47	546	310	127	13	14	4
20120106_www.fakt.pl_67bb8036f1f11af246fafa2a3a8dc7773e06872328426b7d5f2d23eb	16.29	8.99	86.29	5.83	3.03	75.00	151	1528	24	3	96	1
20120106_www.gs24.pl_f6b5c94c8ac16ff6a36cab4b7fa79e5bbce9af5cd76751d028932d40	90.93	88.74	93.24	73.33	61.11	91.67	386	49	28	11	7	1
20120105_www.biolog.pl_3a8e2192561c41a585e67a0d199b69f11532fcfc01c8d919219ae42f	60.14	46.63	84.69	48.00	33.33	85.71	166	190	30	6	12	1
20120105_www.biolog.pl_458dc323d6fecf12318de0d36bb9317f6bd756684cc50211fde2d884	67.81	54.52	89.67	51.85	36.84	87.50	217	181	25	7	12	1
20120105_zdrowie.gazeta.pl_807feadb4f7538020b02fffdd328dcf15ad7ffa9e2c99e909a6aea4c	11.61	81.25	6.25	0.00	0.00	0.00	13	3	195	0	1	6
20111209_www.we-dwoje.pl_cb0e6719f1d1da385317a9d3b45425c2f56d3a9df06eedc71973937c	56.81	44.70	77.95	25.81	18.18	44.44	198	245	56	4	18	5
20111121_www.we-dwoje.pl_590fe2663d5fb205f7b17d24b1ae2adfda99081a33566895def4fd99	21.96	25.08	19.53	7.41	7.69	7.14	74	221	305	1	12	13
20120105_www.biolog.pl_183e757bd483767ac212b27981d1402ba1ff5227c483a602136df269	70.89	57.80	91.64	55.17	40.00	88.89	252	184	23	8	12	1
20111207_www.we-dwoje.pl_1c0a491674db2d2724388d3fb0c5682dd6a80cdaa873938b214330d2	70.80	65.47	77.08	34.48	26.32	50.00	565	298	168	5	14	5
20120106_muzyka.wp.pl_27dde6b4ad8afb870a40611095ed96f784f86363b9a50884b6922a52	53.31	37.26	93.69	14.29	8.70	40.00	193	325	13	2	21	3
20111121_www.we-dwoje.pl_8c003eb18e2580bb67b442bf5aac95120358d8aabd18cd09bb741d02	70.57	63.38	79.61	36.36	26.67	57.14	289	167	74	4	11	3
20111121_www.we-dwoje.pl_c4714d77e4b5f4ddae2505af5f9f0ee5ded4f99e7eb1ada45f097140	69.68	59.60	83.87	31.58	23.08	50.00	208	141	40	3	10	3
20120105_www.we-dwoje.pl_be148ac5867ca8f33ed088894adddeb2497f7a8630b79a1ad7cf2953	27.87	45.71	20.04	15.38	20.00	12.50	96	114	383	2	8	14
20111121_www.we-dwoje.pl_90fd77bec50630920fd87cff4acd69ed5b7a1b8418e2c9faa241d4cb	81.15	74.69	88.85	42.11	30.77	66.67	478	162	60	4	9	2
20120106_www.wprost.pl_8f2e0afd09e476a387553b4151ec5a3c12d14fedc9fb609aa6eef169	36.72	31.18	44.67	13.33	11.11	16.67	130	287	161	1	8	5
20111209_www.zdrowiutko.info_56cc2f0896ce74cc99e8f5a7b15d4e21b4b7d65025a2cce6eadf5443	80.83	93.72	71.06	60.00	60.00	60.00	194	13	79	3	2	2
20120102_www.biolog.pl_458dc323d6fecf12318de0d36bb9317f6bd756684cc50211fde2d884	69.00	56.07	89.67	51.85	36.84	87.50	217	170	25	7	12	1
20120104_wiadomosci.gazeta.pl_b71863be9e1c75b555a9c2c18267fdbd0c823571ed41588f64e4c5dc	95.33	93.97	96.73	52.63	62.50	45.45	296	19	10	5	3	6
20111209_www.biolog.pl_039e473555c4ee6a818fbd7ac007c8edc8407155a9cd534dfb0abe80	57.65	44.41	82.12	48.00	33.33	85.71	147	184	32	6	12	1
20120106_wiadomosci.onet.pl_f7a4f95ac41015a650e31121847c66608eca9bdd8689a51acfbfc8ea	3.83	77.78	1.96	0.00	0.00	0.00	7	2	350	0	1	11
20120104_www.wprost.pl_bc697e337c7d1bab12e06506f0c6874c0606fb0326b89524755b75e1	73.25	63.50	86.53	33.33	28.57	40.00	167	96	26	2	5	3
20120105_www.biolog.pl_306b8101d03d29a1ee66c57786538a26ee98577075c873767a787a68	66.44	52.57	90.23	44.44	31.58	75.00	194	175	21	6	13	2
20120105_www.we-dwoje.pl_926ce8349054293493da8a61bd2041e0c36f2abac6d0751bb84d3d83	22.16	55.52	13.84	10.34	25.00	6.52	161	129	1002	3	9	43
20120104_www.pb.pl_07becbe0b3d63b6f056fffa02e7fe4db5c61763678a4b67a2c6b719d	18.60	10.75	68.99	3.70	1.94	40.00	89	739	40	2	101	3
20120102_www.zdrowiutko.info_087d4f5b87f18f340f945c2381b1f770980d4e67243a71d8e30f1226	76.88	72.76	81.51	69.84	64.71	75.86	908	340	206	22	12	7
20111121_www.we-dwoje.pl_b6ff475c3cc514dda41564996e90eaa2bd880fbb82d755202d6ecb39	65.99	54.23	84.26	42.11	33.33	57.14	487	411	91	8	16	6
20120106_wyborcza.pl_53936debf3d95b1bae6fa9d0582d577cd375b78b23bec85740562b1c	93.57	94.20	92.95	66.67	80.00	57.14	211	13	16	4	1	3
20111121_www.zdrowiutko.info_490a3e1ab669b249644690e80d69082a2e8c030f61a35f86f391f703	78.21	90.22	69.02	53.85	53.85	53.85	323	35	145	7	6	6
20111121_www.zdrowiutko.info_4af7429d6f7b3967f666b89eea7bef64cc89f5b13fb8a366a7b5fcf9	86.37	92.23	81.21	40.00	39.39	40.62	795	67	184	13	20	19
20111209_www.zdrowiutko.info_5022f347590833960c9b8492bd7cbe47ced16b5e43fbf0a495c1a05b	65.90	81.22	55.45	58.82	55.56	62.50	173	40	139	5	4	3
20120106_ciekawe.onet.pl_ef740fcf05217e94f758ffa23a6c948bbf7e87e08806511984269e97	0.92	47.37	0.47	0.00	0.00	0.00	9	10	1919	0	2	28
20120106_kopalniawiedzy.pl_1023c9de44b4a88f22a55a319d6ba60c2a113df5e16a0dcd010b4d9d	64.69	56.10	76.38	42.11	30.77	66.67	207	162	64	4	9	2
20120106_motoryzacja.wnp.pl_881044f7957fec3d197c866910329f871a5990c747c0cf9449ccd5f0	2.74	58.33	1.40	0.00	0.00	0.00	7	5	492	0	1	8
20111121_goodcontents.net_d3d973b9ef61722241c1895ccf3226ee946d67ce816ac725955be986	4.05	25.00	2.20	0.00	0.00	0.00	14	42	622	0	4	10
20120105_www.we-dwoje.pl_96e88944c28cde0f0eb1510e4cdc05e791b654764218ea3be75eb37e	30.73	20.39	62.37	17.39	10.17	60.00	179	699	108	6	53	4
20120102_goodcontents.net_d3d973b9ef61722241c1895ccf3226ee946d67ce816ac725955be986	3.80	26.79	2.04	0.00	0.00	0.00	15	41	719	0	4	10
20120106_www.ciazowy.pl_83b7eeec303b38a2be16a4513f6e3f636ce93803e6142e277ba754f1	91.94	87.06	97.40	76.92	75.00	78.95	935	139	25	15	5	4
20120106_polskalokalna.pl_86c2ead55c872cf0b66aeb8bffee343b89d3b711af4f7e47962f070a	85.97	80.68	92.01	64.00	61.54	66.67	380	91	33	8	5	4
20120104_tvp.info_dd3cfa5468145a9684b74a6ea50f26a82262a3925683d762ef6c80f1	35.43	42.33	30.46	0.00	0.00	0.00	127	173	290	0	1	14
20120106_www.wspolczesna.pl_46dbccbe6f49128ef90631b6b5592469df115e1061c9bcdbd799ba84	54.52	40.07	85.28	21.62	13.33	57.14	226	338	39	4	26	3
20120106_energetyka.wnp.pl_1188cb9039651e80fbb6a607a9cfc72ca038715ec4a3c2b41e480ff6	6.53	66.67	3.43	0.00	0.00	0.00	8	4	225	0	1	6
20120106_wiadomosci.wp.pl_10d2ae8b62b4ccbba64f1ce727d1fba53cdf94a88d4602540a5d24d9	19.79	11.33	78.34	9.20	4.88	80.00	123	963	34	4	78	1
20120106_gornictwo.wnp.pl_c5d8ae716181d8b9504fcfafb5e4785ea1b706b10602ccbbeec5c895	3.78	58.33	1.96	0.00	0.00	0.00	7	5	351	0	1	12
20120105_www.biolog.pl_7c3b047ae678cbf0aab0b7b7dfb357b3d41868b90f16f3b227a3c491	72.88	61.54	89.35	46.67	33.33	77.78	344	215	41	7	14	2
20120105_www.biolog.pl_dd87ecef89e13dc525faa303c9c91962e817146f1eab62bd4cbd49e7	72.42	60.09	91.12	51.85	36.84	87.50	277	184	27	7	12	1
20120106_www.forbes.pl_4ee7120f1153fb8937c2a438c29d6cda443f6fade1cdb63e257535ea	81.17	85.63	77.16	66.67	60.00	75.00	429	72	127	9	6	3
20120106_www.rp.pl_87b41a343a5891e3c9ba79f511476dd8a1a5859be4859218f996efb1	89.21	91.18	87.32	66.67	66.67	66.67	124	12	18	4	2	2
20120105_goodcontents.net_d3d973b9ef61722241c1895ccf3226ee946d67ce816ac725955be986	3.77	26.79	2.03	0.00	0.00	0.00	15	41	725	0	4	24
20120105_www.we-dwoje.pl_d44a3a11a11758e85d892e36c44fe469c34e7be625a1a9b2fe4b6990	80.44	81.75	79.16	56.25	45.00	75.00	775	173	204	9	11	3
20120106_www.polskatimes.pl_7522d308642ca799347bb161a9c9af13ba09c4f1bfd260545c4b1e19	4.74	12.28	2.94	0.00	0.00	0.00	14	100	463	0	4	13
20120106_www.wprost.pl_21e626fb65ed1a7fb963e34d155730c2ecec3dcf1e25e2ebbbabdf8b	34.51	29.86	40.89	28.57	22.22	40.00	83	195	120	2	7	3
20111207_www.we-dwoje.pl_2dbd88c25965ce110e89a01656f5be3b7ee126ebb4c05114f3b883ef	32.89	25.91	45.05	36.36	25.00	66.67	50	143	61	2	6	1
20120104_wiadomosci.onet.pl_1877e175d8d0a7e345a6b4f588b67b90fff4b2292caf722d35494241	2.83	52.94	1.45	0.00	0.00	0.00	9	8	611	0	2	25
20120104_www.wspolczesna.pl_cffe17a28ba0f985bc2c32ef16d1ef48e4df8c9e2b0fff915c203366	45.61	31.33	83.87	27.78	16.67	83.33	130	285	25	5	25	1
20120104_logistyka.wnp.pl_1a2b9317832fc29d27bf3def9869618269324b72112703262abb02b4	9.57	75.00	5.11	0.00	0.00	0.00	9	3	167	0	1	7
20120105_www.we-dwoje.pl_e625543235be76da7b1f4ff546b3aa4f3b23e6ae398fc4e90524e010	73.71	65.65	84.03	70.27	61.90	81.25	300	157	57	13	8	3
20120106_wiadomosci.gazeta.pl_6899fda4c15152d4c38a71a7397d69a4114203623746a1641c2f21b8	93.15	91.70	94.64	70.59	75.00	66.67	265	24	15	6	2	3
20120106_gornictwo.wnp.pl_ce7890f66595a7f70346d99ea27485f04690fc1ceba63aceeaf0b0ca	3.40	58.33	1.75	0.00	0.00	0.00	7	5	393	0	1	14
20120106_gornictwo.wnp.pl_82a7f7a8d7469fa202426c2e5395ce71e1938daf15ae4755ff773dde	4.53	66.67	2.35	0.00	0.00	0.00	8	4	333	0	1	12
20111121_www.we-dwoje.pl_5f8a356d92a7613cf2dd5ff4321157c618efbe8e001dd639eba48013	31.08	44.59	23.86	16.67	20.00	14.29	99	123	316	2	8	12
20120106_www.we-dwoje.pl_c1cd293ed6b5a6e720463363095aa9e0aff7aa62e933826d25cd4e37	76.35	77.61	75.14	43.75	43.75	43.75	402	116	133	7	9	9
20111121_www.we-dwoje.pl_ac186aa43766087c14f3a3f6c5ba25b926217085d643fa543350f4e2	71.84	68.67	75.31	62.07	50.00	81.82	366	167	120	9	9	2
20120104_gornictwo.wnp.pl_37159d1550c75d66da6fefdb813660d9959e5f3bd499136503deb46e	5.36	58.33	2.81	0.00	0.00	0.00	7	5	242	0	1	11
20120106_wyborcza.pl_d60ebe121aed534c1ab9d05f3642cc362b6d30d9bb4e8a3fcda6f486	94.98	94.25	95.72	44.44	50.00	40.00	246	15	11	2	2	3
20111207_goodcontents.net_310f39e4843b4e7c3cdb36545738f42ebb84cc4c5ebd835f68bca53a	4.67	19.64	2.65	0.00	0.00	0.00	11	45	404	0	4	7
20111207_www.biolog.pl_ef9b8411717de8736ad7510078f3a0285273aac75551e322241b0095	65.34	53.95	82.83	44.44	31.58	75.00	246	210	51	6	13	2
20120106_kopalniawiedzy.pl_b1d5f71565aa849df37f9338b777a0b0da57069f7b279ad5737ae8a7	67.87	81.29	58.25	57.14	44.44	80.00	113	26	81	4	5	1
20111121_www.zdrowiutko.info_5022f347590833960c9b8492bd7cbe47ced16b5e43fbf0a495c1a05b	68.13	78.80	60.00	50.00	44.44	57.14	171	46	114	4	5	3
20120106_www.kurierlubelski.pl_2e10c67cf479cbd84cd8b3ad9ea3fb502877d0db4b5df608652727c6	9.01	83.33	4.76	0.00	0.00	0.00	15	3	300	0	1	9
20111121_www.zdrowiutko.info_6248c1d028cdcd3796acd2207bee76fd2f0853e8cf1820e3fe05ca0f	67.20	91.53	53.08	37.21	44.44	32.00	551	51	487	8	10	17
20120102_www.biolog.pl_18f25bfb9bb01f9fbf381bb9f11d90daa713d7739e8eb1475e750817	57.22	41.00	94.69	40.00	25.00	100.00	107	154	6	4	12	0
20111209_www.biolog.pl_991a3c03c74eb82c37ecdcedda314229c91bb10f21b2377e9f721b70	84.23	76.85	93.17	69.57	55.17	94.12	860	259	63	16	13	1
20120102_www.zdrowiutko.info_5022f347590833960c9b8492bd7cbe47ced16b5e43fbf0a495c1a05b	69.92	79.26	62.55	50.00	44.44	57.14	172	45	103	4	5	3
20111121_www.we-dwoje.pl_044a8dca7caad27f7636a1e373a2f6147e8e763695f8479d5175b004	80.32	75.09	86.32	58.33	53.85	63.64	404	134	64	7	6	4
20120104_www.bankier.pl_e65cb23b8a30cd73869032b7cc17c15fdaf330ebe32d99951a249d2b	93.50	89.20	98.24	54.55	50.00	60.00	223	27	4	3	3	2
20111209_goodcontents.net_7af57d9c018b02e5565b5ea51c5c6646419294a8c1277fd047f0d5f5	5.12	19.64	2.94	0.00	0.00	0.00	11	45	363	0	4	7
20120106_www.fakt.pl_b9f73314fc4c780a0767a1acbc91f04022dcd00292ddd7376cc3e8c8	43.05	29.26	81.44	17.95	10.29	70.00	237	573	54	7	61	3
20120106_www.polityka.pl_a968e5c26adf05f5e02deb714aec4e100ab3a84c1ef6c301c9593c0f	1.85	19.61	0.97	0.00	0.00	0.00	10	41	1021	0	4	19
20111121_www.we-dwoje.pl_e41d743ba9490728966087b2cfeac4a182f2d182626480668a64b914	78.62	75.05	82.54	60.87	50.00	77.78	364	121	77	7	7	2
20120102_www.biolog.pl_3a8e2192561c41a585e67a0d199b69f11532fcfc01c8d919219ae42f	61.37	48.12	84.69	48.00	33.33	85.71	166	179	30	6	12	1
20111121_www.biolog.pl_82cc54429b030e7848ea1e82dc4ad2466bb65b95e06564404e9e045a	76.35	68.91	85.60	53.33	42.86	70.59	523	236	88	12	16	5
20120102_www.zdrowiutko.info_e27d03de8919e03776148ffc1b103c76713a9d251993abc06963b75a	84.36	89.91	79.46	64.86	63.16	66.67	499	56	129	12	7	6
20120104_wiadomosci.wp.pl_da88d2c1f513ae7870711de4f2b0934b051274dcae86a84111f70eba	13.87	8.01	51.72	7.41	4.08	40.00	45	517	42	2	47	3
20120105_zdrowie.gazeta.pl_a05040639849ad92fa134645eed582bad1115aee5e2f8c68c1db28f5	8.97	82.35	4.75	0.00	0.00	0.00	14	3	281	0	1	11
20111209_www.we-dwoje.pl_10b733980c25f2a66e72829b7d261ddd42f4c3e67a5f7c5978612f6f	66.15	58.24	76.53	41.67	29.41	71.43	212	152	65	5	12	2
20111207_www.we-dwoje.pl_10563d87982bd7f87544fab5679f6b487fd4d6f203285f8e1a4453ca	67.09	65.23	69.06	40.00	30.00	60.00	212	113	95	3	7	2
20111121_www.we-dwoje.pl_21f717e183f110e349e1c9d9de7f8139686d52c9e9b7e2fde7c5a04a	77.69	71.89	84.50	35.29	25.00	60.00	289	113	53	3	9	2
20120104_wiadomosci.wp.pl_605a92da3da5da73756d869fdbcf056a167730c9ad96183932c2a9d6	21.98	13.25	64.45	9.17	5.15	41.67	194	1270	107	5	92	7
20111209_www.we-dwoje.pl_7750fcbf097b086bffb815c87e01ec6d4bdce042f20e34c6a181abb2	63.72	61.68	65.89	34.15	33.33	35.00	396	246	205	7	14	13
20111207_www.we-dwoje.pl_cb0e6719f1d1da385317a9d3b45425c2f56d3a9df06eedc71973937c	69.82	63.58	77.43	36.36	30.77	44.44	199	114	58	4	9	5
20111121_www.zdrowiutko.info_f468b28dcbabeba53d25452eb69d90c23ee980993795c741cb1c9712	81.25	90.78	73.53	41.67	38.46	45.45	325	33	117	5	8	6
20111121_goodcontents.net_6e8a193b0d5e43883d5bcacdf49357313921e88663e9e4a66cc6eafc	3.66	17.86	2.04	0.00	0.00	0.00	10	46	481	0	4	6
20120104_www.se.pl_f45cbbd8935ea62a022a1fea46a892fcc4923d56a8b9de2b5cdf999d	6.32	68.97	3.31	0.00	0.00	0.00	20	9	584	0	1	22
20120104_www.wprost.pl_2c85ad6b928756f56f7083db5bc3c0d5906cb9df2198ed8f44b7807d	62.93	47.67	92.55	20.00	16.67	25.00	174	191	14	1	5	3
20120106_www.rp.pl_0a2fef2ce0fb91690f53b9cfd4b17f49954454fdc027a1564c221801	7.31	61.54	3.88	0.00	0.00	0.00	8	5	198	0	2	6
20120106_lodz.naszemiasto.pl_8c623e1486d7845763d6ad0d856381012195f7c9552d984bb9583f7c	5.14	28.00	2.83	0.00	0.00	0.00	14	36	481	0	4	11
20111209_www.we-dwoje.pl_d3302a5552a9f3c9e872d562d6d2e05e811aa756d2d469189a36dcf8	67.37	60.83	75.49	47.06	36.36	66.67	191	123	62	4	7	2
20120106_wiadomosci.gazeta.pl_493cd398b5ea890813c44472a69970eb16c9b256eb8c2649f63c8396	91.25	89.77	92.79	66.67	71.43	62.50	193	22	15	5	2	3
20111209_www.biolog.pl_694d8093af586fd66c79fe80e734d2de1ab064e2cbf3b75ae17b6969	74.61	65.97	85.84	57.14	43.48	83.33	473	244	78	10	13	2
20111207_www.we-dwoje.pl_8f8c807ff49395090156aaad05fee467b41e8fb8350797aa9b3fb6ed	69.70	63.57	77.13	21.05	16.67	28.57	253	145	75	2	10	5
20120104_wiadomosci.onet.pl_ff956ce026afdefc4000ad66b807bcea7073e26976b5dd167a1638aa	6.22	77.78	3.24	0.00	0.00	0.00	7	2	209	0	1	8
20111121_www.we-dwoje.pl_154a610a3383e8e01d82a83b0cf2197caa632d5489dbaa9f9c88cb79	44.70	31.60	76.38	12.50	7.69	33.33	194	420	60	1	12	2
20111209_www.we-dwoje.pl_e78b9867d6240e16f7d808d5133b5cbcd696f31779b9a3ecafecd363	56.15	70.16	46.81	63.16	60.00	66.67	315	134	358	12	8	6
20120106_www.se.pl_ea137bcaf50077a26f14a2542ce3dea20236f1a6c13d1ca328439174	30.00	88.24	18.07	0.00	0.00	0.00	15	2	68	0	1	4
20120105_zdrowie.gazeta.pl_39a78a2dff5da27e4ad3f839a255911073d4be569631638b997cd721	3.51	78.57	1.80	0.00	0.00	0.00	11	3	601	0	1	20
20120106_www.rp.pl_c812dbdc90f1f029ae5e996a2cf7b9a7fa33a63e209a2b0a6cf9c955	3.90	53.85	2.02	0.00	0.00	0.00	7	6	339	0	2	9
20111121_goodcontents.net_f164d2c180e17a39cfffdc428541f182be5cea501e3b1135c9bb2c8c	3.70	17.86	2.06	0.00	0.00	0.00	10	46	475	0	4	8
20120106_www.pomorska.pl_a89c9ff4011329947b20a479271a731b74d30d14360f2e3f4ffc007f	87.33	80.00	96.14	48.48	34.78	80.00	324	81	13	8	15	2
20120106_fakty.interia.pl_bf1e8b627d609dfccbc71a5f1c6e6863c33deaa04224c5b4813eb89a	6.56	19.51	3.94	0.00	0.00	0.00	8	33	195	0	1	8
20120105_www.biolog.pl_9940d454b979f8443862031fc3022a424ef673d3609b8652bf8f2e23	76.00	66.39	88.85	48.48	36.36	72.73	486	246	61	8	14	3
20111121_www.we-dwoje.pl_e5439019bb9a189ab8fb03a3c4b9a5ad05693637efa4306a572023e3	78.02	73.89	82.64	40.00	30.00	60.00	300	106	63	3	7	2
20120106_www.wprost.pl_67ce281183144b9f605b46162fea65fd79cc11b40e504fa06e4f4391	48.78	43.90	54.88	50.00	44.44	57.14	90	115	74	4	5	3
20120104_www.dziennikwschodni.pl_ad40f4f3a1266d2e52ccffe5152ed2cb028bffd13f63945b28482ad5	58.34	45.26	82.06	24.39	15.62	55.56	215	260	47	5	27	4
20120106_www.rp.pl_95c330562f009a62f447b6b55d22ae75f63ee25c158d7c62024f19e2	88.51	90.43	86.67	60.00	60.00	60.00	104	11	16	3	2	2
20120106_ulubiency.wp.pl_ff10d8bc20f4eae0d2c90e0937b586f1cb558ab3311839f1ff04451b	56.39	42.20	84.96	28.57	18.37	64.29	384	526	68	9	40	5
20120106_www.gazetalekarska.pl_da750cc1773a4b5b403d6d03bd5d64eece2a85660ac3ca9d9919f1d9	46.36	51.28	42.30	52.63	41.67	71.43	140	133	191	5	7	2
20120106_www.rp.pl_f54b890636c5700cecd8837c81bc5d4b092081a569a910f71f0b186a	68.11	92.76	53.81	50.00	57.14	44.44	205	16	176	4	3	5
20111207_www.we-dwoje.pl_10b733980c25f2a66e72829b7d261ddd42f4c3e67a5f7c5978612f6f	66.36	58.79	76.16	41.67	29.41	71.43	214	150	67	5	12	2
20120105_www.zdrowiutko.info_8fdeaf9b0d19545adf1ddf5ad311ad8674e16dd71661286e59b037da	99.04	98.70	99.38	88.89	85.71	92.31	1289	17	8	24	4	2
20111121_www.biolog.pl_9980d6f12306d6298998081e86bb04eda8871ee02475d66069bc48bc	69.90	59.67	84.38	60.61	45.45	90.91	324	219	60	10	12	1
20120104_wiadomosci.onet.pl_09f90e970b1afc6b46fa4fb381fe3ffcbe1ea5c03ebf50630e3fc524	8.43	77.78	4.46	0.00	0.00	0.00	7	2	150	0	1	5
20120104_www.rmf24.pl_f40528ee132a85ac611099332e36c80ca3b2303614499ebe1be999d8	60.11	49.77	75.86	42.11	33.33	57.14	110	111	35	4	8	3
20120106_www.nto.pl_0888d1dc0bf462de69f294c63c6d4d500252fdd703ec530bab861c25	88.93	84.53	93.81	69.81	58.73	86.05	2120	388	140	37	26	6
20120102_www.zdrowiutko.info_8fdeaf9b0d19545adf1ddf5ad311ad8674e16dd71661286e59b037da	97.73	98.77	96.70	90.91	89.29	92.59	1290	16	44	25	3	2
20120102_www.biolog.pl_9940d454b979f8443862031fc3022a424ef673d3609b8652bf8f2e23	77.43	68.52	89.01	52.94	40.91	75.00	494	227	61	9	13	3
20120104_gwizdek24.se.pl_ecae268e92fe0fee5e79271b090383e579f89a425aea905263a0c92e	10.28	12.94	8.53	25.00	50.00	16.67	11	74	118	1	1	5
20120106_budownictwo.wnp.pl_e48fea5393f630329b63ffba8785d4532879dab63384d8a32bd5d003	7.05	66.67	3.72	0.00	0.00	0.00	8	4	207	0	1	7
20120104_www.wprost.pl_a8aec2cd35e73ac6c25db4fcf20f1c69b06d31166f0594b86347b2ee	37.94	31.44	47.84	22.22	18.18	28.57	144	314	157	2	9	5
20120104_www.money.pl_8849f52a52f6e165cfa84fe7f3fadc3d75a2150204c19ca4fda57bfa	83.95	79.01	89.56	66.67	56.25	81.82	429	114	50	9	7	2
20111121_www.zdrowiutko.info_d6ef7934b7e61cb4db76438cc3e26017ef9e689b1541a1631aa8a4e1	89.77	94.83	85.22	60.00	60.00	60.00	807	44	140	12	8	8
20120105_www.biolog.pl_a016490eff21b1267a3eac8194936de785fbeb75780cafa93f326a58	72.44	61.10	88.95	68.29	53.85	93.33	322	205	40	14	12	1
20120104_www.wprost.pl_e403cda319e9ed5a44d52cb5ad972b9fe31025d491c0eb8a852e4c14	63.12	47.34	94.67	40.00	30.00	60.00	160	178	9	3	7	2
20120104_tvp.info_0f0f253c92891dee1263997673c8e910ae4dd5d59edc88884cfdf372	30.87	46.10	23.20	17.39	66.67	10.00	142	166	470	2	1	18
20111207_www.biolog.pl_191f9248fd9336f28ef6582143bf9768bb38b1d73a4ec0bdd1d8bd3f	68.30	58.40	82.26	56.25	40.91	90.00	459	327	99	9	13	1
20111209_www.we-dwoje.pl_10563d87982bd7f87544fab5679f6b487fd4d6f203285f8e1a4453ca	66.25	64.62	67.96	40.00	30.00	60.00	210	115	99	3	7	2
20120104_wiadomosci.onet.pl_9286ef9b1482d15641f6210db9e2f4e85fbbb64ba98941753c735585	2.14	77.78	1.08	0.00	0.00	0.00	7	2	639	0	1	22
20120105_www.we-dwoje.pl_237edd4512d0f575aa102193c6c5a79fa85feecaf1fdb795baf6ab8f	59.87	59.08	60.68	35.90	50.00	28.00	179	124	116	7	7	18
20111207_www.we-dwoje.pl_ab4552f2e110cd485bed759da10cfa9a6dc889949b176ca65eecf492	60.96	52.06	73.54	31.58	23.08	50.00	139	128	50	3	10	3
20120105_www.we-dwoje.pl_af63a20be0940f8248349028b7ffd1608d02ba40ddeb46de693903fd	69.76	60.25	82.83	56.52	43.33	81.25	579	382	120	13	17	3
20120105_www.we-dwoje.pl_c01670d8a62d698b25c176b409cc69b0d05056996f2b35bfd3b7738c	31.78	39.66	26.51	16.00	14.29	18.18	92	140	255	2	12	9
20120104_www.se.pl_150d37a1ae4d3cbf4e188b12ca6c3c5331d63cef665e32148a7adef8	5.30	76.19	2.74	0.00	0.00	0.00	16	5	567	0	1	15
20111121_www.we-dwoje.pl_9f7aacc1303f4dae00f6594fb8eb1a68d0fe8837de7656e3d51d9b2c	54.77	65.08	47.28	43.75	46.67	41.18	356	191	397	7	8	10
20120105_zdrowie.gazeta.pl_5ba6b4f0584451b718626dd5af8372ef000f9244559fe89aca9afb48	4.42	76.92	2.27	0.00	0.00	0.00	10	3	430	0	1	23
20111207_www.biolog.pl_119c0192ad52b2e4e1ba6fb0d06ca822cdb6be2052e7b05082fca401	77.58	67.53	91.14	63.64	48.28	93.33	576	277	56	14	15	1
20120104_konflikty.wp.pl_9a78872b1c09726ea2c9b2f6559dbb919f5b69bc9449cebe8c6b4b56	19.19	11.42	60.00	7.06	3.85	42.86	138	1070	92	3	75	4
20111121_www.biolog.pl_ad43bdfd510235776032186fb8f9bb28045ad3cd3a2bd8e2013a4bf2	76.13	67.83	86.75	42.42	31.82	63.64	504	239	77	7	15	4
20111121_www.biolog.pl_6b358bbb56369b90368dd7020da2befdf64d1f5b30db7072c9427ece	62.36	50.12	82.51	32.00	21.05	66.67	217	216	46	4	15	2
20111209_www.we-dwoje.pl_ce69407d8288e0f333c38a101c20c6e9bf28b3e087ac1766d2db2263	16.06	13.51	19.80	54.55	37.50	100.00	20	128	81	3	5	0
20111121_www.we-dwoje.pl_012ae81383bf532a51947bbadd381c6ecd26f26034aedcd002eb0967	75.46	66.47	87.26	29.63	18.18	80.00	452	228	66	4	18	1
20120106_gornictwo.wnp.pl_e963ec4fb649971ea8b0e0c2eab6609caed629d3468ac5337714beff	11.94	66.67	6.56	0.00	0.00	0.00	8	4	114	0	1	5
20120104_www.wspolczesna.pl_09c9b146c47490b4107875a95643f0447db3a0691ef65958b0acecc7	70.92	57.89	91.54	40.00	27.03	76.92	411	299	38	10	27	3
20120106_www.kurierlubelski.pl_b56f33f49ca7f0a5e7890c8319613281f94d271e5a948c0845d2adb7	6.47	8.33	5.28	0.00	0.00	0.00	14	154	251	0	5	11
20111209_goodcontents.net_d3d973b9ef61722241c1895ccf3226ee946d67ce816ac725955be986	4.73	26.79	2.60	0.00	0.00	0.00	15	41	563	0	4	8
20111207_www.we-dwoje.pl_9a95f98c088783135f7b881838683e09b65061058a2cf5501bf4cdd7	32.58	56.22	22.93	12.90	22.22	9.09	122	95	410	2	7	20
20120106_www.forbes.pl_58df60840d8c74ec20e03b88639530d8556160a62964dc5cd1004d70	67.63	80.00	58.57	31.58	27.27	37.50	164	41	116	3	8	5
20120106_kobieta.interia.pl_227be13d2686c631aa0ed3682cc05eb5a91b1473955b61dca215a4ab	3.41	17.07	1.90	0.00	0.00	0.00	7	34	362	0	1	9
20120105_www.we-dwoje.pl_5ebb0c8564331903eff2bb1c226b925fe2c5c92d01ed2e8466a4ece6	24.28	21.43	28.00	36.36	28.57	50.00	21	77	54	2	5	2
20111209_www.biolog.pl_1217f2298aedb3f437a8ad8f951d4a5fd72f73453f3a1ad483247983	61.13	50.70	76.97	34.48	25.00	55.56	254	247	76	5	15	4
20111207_www.we-dwoje.pl_faee6f55ba1fccafd811d0bf81491218fbcfb65ae54da2684bb08b90	67.07	57.04	81.37	37.50	27.27	60.00	166	125	38	3	8	2
