file	F	P	R	F.tag	P.tag	R.tag	TP	FP	FN	TP.tag	FP.tag	FN.tag
20120106_rus.ruvr.ru_2c27d04d251b4d73039acc34e424b755e057a4bd0832f98b0906f893	56.42	45.45	74.35	0.00	0.00	0.00	200	240	69	0	12	7
20111209_www.kleo.ru_01f4205128c9fd41669466012d3659ec55d784ba06a1f5cef6627144	77.82	69.75	88.01	50.00	38.46	71.43	279	121	38	5	8	2
20111128_www.argumenti.ru_d2d7845efedd98f5e11c23fb1c7d10bdb66f7b3002b2bcdddf040508	29.39	18.85	66.67	19.05	13.33	33.33	118	508	59	2	13	4
20120106_www.nr2.ru_71e3ea912507bd41bba2cc41352cfafa45e1641fe1347594a3ed38df	13.33	69.57	7.37	0.00	0.00	0.00	16	7	201	0	3	4
20120106_www.nr2.ru_7d0cc61b526813d7fd9e38de4e7f86c3c505e47061e61e59a8bd0c1a	30.36	70.83	19.32	33.33	50.00	25.00	17	7	71	1	1	3
20111128_top.rbc.ru_5c0edc0481444061258af4069db91fe6003a388f102b526776f6a15c	4.07	36.00	2.16	0.00	0.00	0.00	9	16	408	0	3	9
20120106_informpskov.ru_5570171e07dc222858be5bc0f2e630e5532d4c43e3a24eb461c2b758	33.42	20.52	90.00	50.00	37.50	75.00	126	488	14	3	5	1
20120117_www.argumenti.ru_da9cf21b1564b946eb14c4f6762c84c0daa3e93c341db2c1da63770e	21.36	12.59	70.41	23.53	16.67	40.00	69	479	29	2	10	3
20111128_www.1news.az_9bd2b46a12104cd121d8cbb677b1708a235a8f0e0c250d961ebbd3f7	73.79	76.00	71.70	66.67	57.14	80.00	114	36	45	4	3	1
20120106_newsru.co.il_563f6804e34cfc95a8b4fe9b134a0f9a496663a67f010ba3441a3580	13.78	49.09	8.01	0.00	0.00	0.00	27	28	310	0	2	11
20120106_www.rbc.ru_1ab78a77169231ecf2987dcde3559f5cf50d75d1ec92f85d65363a6b	27.70	62.12	17.83	22.22	25.00	20.00	41	25	189	1	3	4
20111128_www.1tv.ru_5af4c17fcfdecef58f591577f57941711ffc6b4d16e9eddf99a2c1ad	66.93	57.09	80.86	0.00	0.00	0.00	169	127	40	0	9	6
20120117_saratov-times.ru_6a4d4ac1088bedc1a7e769ac2e70dcc1f2238360c574ea6a9f8cd4ca	89.92	93.05	87.00	54.55	50.00	60.00	174	13	26	3	3	2
20111128_www.aif.ru_8615176c4de88091217e66433b654d812ceb3aa888504cc5c65da372	6.25	7.69	5.26	0.00	0.00	0.00	11	132	198	0	12	6
20120117_ivona.bigmir.net_0cb32453003aafa4953d364771f630637f59cf3eb9b733e9ee477fff	49.44	35.07	83.78	55.56	71.43	45.45	155	287	30	5	2	6
20111128_www.regnum.ru_2fa9d5942fcceffd25ca1213414b453701bf63d7acaaf43c1501577e	85.16	91.15	79.91	40.00	40.00	40.00	175	17	44	2	3	3
20111128_www.argumenti.ru_3856c6cacc27b32a352e85762bcfbc18a151c60fcfab034c8b6de39c	17.61	10.23	63.27	19.05	12.50	40.00	62	544	36	2	14	3
20120106_www.newsru.com_972d7ff809b13d7a617f1d3f52416749ccd28522c84575c2bf5ff9df	7.40	50.00	3.99	0.00	0.00	0.00	26	26	625	0	2	14
20120117_aifudm.net_5424ed1a898d3559a44c4b3fba83f978f0bb01e02faebaf4eaf9e2bf	86.32	90.11	82.83	61.54	57.14	66.67	164	18	34	4	3	2
20120117_www.aif.ua_d7f2ac2cb9fa37bb13b15ed44d54e10918a3ab4f0029c619f296fe2b	13.40	26.42	8.97	50.00	42.86	60.00	14	39	142	3	4	2
20111209_www.segodnya.ua_ea3e48bceea0c24d659c7f8d91ad963250c97e8d0e02b3ff918feac0	5.85	10.00	4.14	0.00	0.00	0.00	17	153	394	0	5	6
20120106_www.ria.ru_b90e01b4804a1ce2954ffbc6d1681ce209a8c6c36dfefada4fa09cdc	5.93	6.25	5.65	0.00	0.00	0.00	20	300	334	0	20	10
20120106_www.ria.ru_d823459ea362c7f815da99cea5b603e9e220bcfae58b185f041b494d	7.48	6.88	8.21	0.00	0.00	0.00	22	298	246	0	20	7
20111128_ufa.kp.ru_5c499e9fd289c38074c0e5d85a8c08df8c0d6891bb39682d27d98ea6	15.38	70.59	8.63	57.14	66.67	50.00	12	5	127	2	1	2
20120106_www.newsru.com_0f92b104917d16ba580468dc27ade9e65dd091e57a3c840b4852d816	12.60	41.82	7.42	0.00	0.00	0.00	23	32	287	0	2	9
20120117_www.ng.ru_44331160a2aba639b795d593773c5eef34aa1cf67b8b040b718453e5	17.73	90.00	9.84	0.00	0.00	0.00	18	2	165	0	1	2
20120117_top.rbc.ru_b286c1bc8bf5127ea5de05134cabef3fada83e7cdd8517ef6123ef32	5.33	36.00	2.88	0.00	0.00	0.00	9	16	304	0	3	7
20120106_www.regnum.ru_02400c41d43238808fe9c3a5ea56f4f3ee7282fe71f00ef881b22e4e	79.08	69.09	92.43	37.50	30.00	50.00	342	153	28	3	7	3
20120106_www.regnum.ru_53f63cd23e619328bb173399e25f9e85969eabb6e3a0ea8dc56b3431	32.86	24.47	50.00	19.05	18.18	20.00	116	358	116	2	9	8
20111128_www.048.ua_b6c6487ab616bfdc9d7069a13013f96cfaf0173fbe41985e68b9413f	9.84	6.74	18.18	15.00	8.33	75.00	30	415	135	3	33	1
20120106_www.ria.ru_a5982ac8ba021466bd041955944d490b434084b4eb9b8736f9f594e0	53.72	42.03	74.44	27.27	19.35	46.15	332	458	114	6	25	7
20111128_www.likar.info_33b13a3a8fdf43147153ab6bdc9299502cc39aa92f14d4e01e55dc50	23.33	87.50	13.46	0.00	0.00	0.00	14	2	90	0	1	4
20111128_medportal.ru_ed026c43e1ffdc60af3ea9f370ef5a6da7bcf25094cdb0a4fddccc57	84.41	78.99	90.62	66.67	54.55	85.71	203	54	21	6	5	1
20120106_top.rbc.ru_bdcfcf7fa9284b22c4acef40b34661b2a0d9034e9d272a692d0c9a8b	10.31	10.71	9.93	46.15	42.86	50.00	15	125	136	3	4	3
20120106_www.regnum.ru_d30724a07b0fb4f96a7f697425bd0f7e677342e983266d1690baee83	79.76	84.55	75.48	28.57	25.00	33.33	197	36	64	2	6	4
20111209_www.unian.net_f6f26b11bb27fc071a97c6ebbba34c941b23a6d9a413fcbacdee6e42	13.79	48.48	8.04	60.00	75.00	50.00	16	17	183	3	1	3
20120106_motor.ru_741ecb27c192865fc4990c8509dd63244c4a5f5dc62e30945922cfba	40.37	25.78	93.10	13.33	7.32	75.00	108	311	8	3	38	1
20120106_www.newsru.com_95fc96ababf91e7cfac75e20e8d3a074f3237ae538209f9d22d99eea	10.49	52.54	5.83	0.00	0.00	0.00	31	28	501	0	2	13
20111128_krasnoturinsk.info_5a3bfe4c4a2968237c0aaee00b904f9d78a311ee826c1913c7b15bc0	36.25	22.38	95.42	22.73	13.51	71.43	354	1228	17	5	32	2
20120106_glavred.info_df52a83b8d33b1793ec8a3f17de4a163c70f16ad52d42bc8d53b9ece	79.35	77.29	81.51	50.00	50.00	50.00	194	57	44	4	4	4
20120106_fedpress.ru_f481b7b1343b76e5ec11312aab609cb5e9a2878435f70f86fe7b7bda	8.37	38.46	4.69	0.00	0.00	0.00	10	16	203	0	1	6
20111128_www.ukrkonditer.kiev.ua_289093b207c36db1b5210506878a1ccf4fca6fbc7c5bd711f0173c1d	8.56	88.89	4.49	0.00	0.00	0.00	8	1	170	0	1	8
20120117_www.belnovosti.ru_d8dccb6a4fd4add76ec4356a85d54cd8edbd802b4fa7b563cd6b200d	81.48	70.82	95.93	44.44	36.36	57.14	165	68	7	4	7	3
20120106_glavred.info_4d4c81eaf0f69f9624666acf9a0fd977b6fdd522dd33c415f89eaf9a	75.82	73.40	78.41	76.92	71.43	83.33	138	50	38	5	2	1
20120106_www.regnum.ru_7b4866bab218668c095f650b361d06e16eab7fe26dfd5b97caa7f17d	62.71	46.83	94.90	26.67	18.18	50.00	391	444	21	2	9	2
20120106_www.interfax.ru_355ba0d6cad5b55f60035c44bba3125d27faabe8e0fc232d024bfb4c	5.43	17.39	3.22	0.00	0.00	0.00	16	76	481	0	4	9
20120106_www.nr2.ru_e8a7ab045ab0d623fb358028b6ffa3f30c521db5617b48fa30a13465	2.12	69.57	1.08	0.00	0.00	0.00	16	7	1472	0	3	29
20120106_www.newsru.com_94162a1c8fb6eca8312611a627f86b252c38fbd7149dd213934036e7	16.06	40.74	10.00	0.00	0.00	0.00	22	32	198	0	2	6
20111128_www.pravda.ru_7ce5bfa2c3730b163a4c77382ede7c3303c2ea0228e0d74a8d7fa52f	83.10	91.98	75.79	66.67	63.64	70.00	241	21	77	7	4	3
20120106_www.newsru.com_a16c69df4c571a188b4af39ff04d6dbc337cec15c51046b5cbeb91e3	10.11	64.71	5.48	12.50	50.00	7.14	33	18	569	1	1	13
20120117_www.amic.ru_eb2e69ba48065b9615fb25041258937cf0f5c3b61af7242a722286e3	7.11	63.64	3.76	0.00	0.00	0.00	7	4	179	0	1	4
20120117_www.ukrinform.ua_a895bfeea3493522cbfcc0d265d9e92dbffc4488ec57be734a973a18	91.88	87.50	96.71	57.14	50.00	66.67	147	21	5	4	4	2
20120106_www.ria.ru_ae4b12e2d98ecf9ee39967c98157dab4bb0c79842d33006d588e12e1	8.21	8.36	8.06	0.00	0.00	0.00	27	296	308	0	20	9
20120117_news.bigmir.net_1f362ee6b4ce672737d86be6c69bb293fe8ee05513a7e572142402ce	40.94	26.92	85.53	42.86	50.00	37.50	130	353	22	3	3	5
20120106_obkom.net.ua_5fad92a456b3cb06c5cd98a71dca892d6cf4301c6a058cc69f6e55d6	15.32	45.00	9.23	76.92	83.33	71.43	18	22	177	5	1	2
20120106_eco.ria.ru_4b866e458a65a8794d13e57bb8bb0a8d579f431df28c2d5697c65b21	54.02	38.99	87.88	35.00	22.58	77.78	232	363	32	7	24	2
20120117_www.aif.ru_5d224cab8e1ac20fc930d6d91078bb50cfd5305de854f58319a4c578	5.88	7.80	4.72	0.00	0.00	0.00	11	130	222	0	18	8
20120106_rus.ruvr.ru_0cd8ed7b9610ff92162910a392661d11004b66181a96e8dd1dd8ccbe	70.80	60.91	84.51	26.67	18.18	50.00	120	77	22	2	9	2
20111128_www.interfax-russia.ru_d56227e509a79a573b9e30c4342652e1dff21dffef5ee6bc036d73fc	41.00	26.74	87.79	19.35	11.11	75.00	115	315	16	3	24	1
20111128_www.newsmsk.com_d87d5ce9dbefe4d4faec580153f2df6079fa69407804be77d78c7f1f	81.75	76.24	88.11	53.33	50.00	57.14	215	67	29	4	4	3
20120106_rus.ruvr.ru_b8c034fcc558534bd6db057a46ab31c5aaaa9f123e0c60e2368e4447	78.87	73.68	84.85	44.44	33.33	66.67	84	30	15	2	4	1
20111209_society.lb.ua_5f0b3d3553cb6625647110bb7636d9e3b099445dbd61a081a5398e66	78.72	76.29	81.32	25.00	33.33	20.00	148	46	34	1	2	4
20120117_glavnoe.ua_41ac28886c5ea26376f4973656130c09bed726a1699f756516c4d3d0	17.85	21.97	15.03	40.00	26.92	77.78	29	103	164	7	19	2
20111128_www.novopol.ru_8bd7bb61aff1884e017871c981eb9ea01120a132627812a305c8b4b3	8.16	66.67	4.35	0.00	0.00	0.00	8	4	176	0	1	8
20120106_news.samaratoday.ru_9474d4030e8ba3d2a943aa15a4628d64659de2b6780c74d911cbe458	12.14	65.38	6.69	0.00	0.00	0.00	17	9	237	0	2	6
20120117_www.ria.ru_1c44109cedff9b8a5e054dd489303bbc028febd6611050a4b315ae2d	67.79	53.66	92.02	50.00	34.78	88.89	242	209	21	8	15	1
20120117_nbnews.com.ua_bb83a1f2b55e7079b746f573cc6d8b3ff782d414c67d5c45791ff0da	74.24	62.03	92.45	54.55	50.00	60.00	98	60	8	3	3	2
20111128_www.54rus.org_d4ca4851d04858822d336639f9f929d2534bb775a234b77e87a46db1	88.58	94.81	83.12	76.92	83.33	71.43	128	7	26	5	1	2
20111128_www.ca-news.org_efd1aaa1a79fbba3879315af1ca0a8354a00af3df26ca2323da8e789	76.92	67.66	89.13	63.16	50.00	85.71	205	98	25	6	6	1
20120106_www.regnum.ru_30f1d0887d420e9e7632a8d76374ca3a37a01171affb1dc0c778783a	76.62	76.84	76.40	46.15	37.50	60.00	136	41	42	3	5	2
20120106_rus.ruvr.ru_728f3d8ec0e6248172f881c63434592641f72a6d72d155c8e7e723f0	90.36	91.62	89.13	70.59	66.67	75.00	492	45	60	12	6	4
20111209_www.health-ua.org_80162b2dcb8fd58a6f9ba5efdfb917ff0989788db273617db83808dd	3.97	56.25	2.06	0.00	0.00	0.00	9	7	428	0	2	10
20120117_www.argumenti.ru_e4dcced69d2c19877925b98606ff41d2c6b3a40ceba73b59c9190b51	56.83	45.73	75.05	55.56	45.45	71.43	412	489	137	10	12	4
20120106_primamedia.ru_77eca7ca6623ca1ac72b78ec2ed0961fb32970d01a0b014229e00ab0	70.07	56.41	92.48	17.14	10.34	50.00	295	228	24	3	26	3
20120106_vrn.kp.ru_4481fbbd10a3bec5ba28c38dd1d251d519ccfd1d175cca17e149b764	68.20	57.22	84.41	42.11	33.33	57.14	222	166	41	4	8	3
20120106_news.liga.net_a35ece8fbd5af8c7f07c5f1e63d0d5c422edeea53feefc664ab35582	61.39	49.01	82.12	50.00	37.50	75.00	124	129	27	3	5	1
20111128_www.eurolab.ua_265d038a62e38e494a1ff402790d8f5d92fbffdada6bbd7c83ee5354	80.34	87.73	74.09	57.14	57.14	57.14	143	20	50	4	3	3
20111128_russian-bazaar.com_6a49ccdcd2b1593e0d20b3a4f11ea91901744aef45355eaeb25c3c07	8.80	7.76	10.17	30.77	22.22	50.00	18	214	159	2	7	2
20120106_polit.ru_7a6bdb692f9769ce270ebf54258f7a3ebe7eb571647b99f40ebcf94a	55.41	38.80	96.90	54.55	40.00	85.71	407	642	13	6	9	1
20120106_www.newsland.ru_fb2e3d028833efa4361034bfb98483eee9663dbb967d54b7907a6e86	80.23	93.01	70.53	61.54	57.14	66.67	213	16	89	4	3	2
20120117_ivona.bigmir.net_fc26ebb4ff41057ed53e182316e70ff8422b166dd4e1f88488d94ece	50.22	35.37	86.57	28.57	40.00	22.22	174	318	27	2	3	7
20120106_rus.ruvr.ru_af4fbf485bcc6a1679a23de857b2c1fced9fd1707cd13dbf38fd50e6	85.79	86.49	85.11	50.00	42.86	60.00	160	25	28	3	4	2
20120106_www.newsru.com_455bfb523f2fdfe301c9a5b734ed388576980d3ca213b922e708115a	8.66	42.31	4.82	0.00	0.00	0.00	22	30	434	0	2	15
20111128_www.argumenti.ru_f74174bdeb5d196c3a233801519124ca13a961cc3d4cb6f7f30e4c54	28.84	17.15	90.60	11.11	6.67	33.33	106	512	11	1	14	2
20120106_www.ria.ru_aba670002d5a45afa30f60f4e8dc663cbf7a2d26da9a70cdbbde7fae	10.02	6.83	18.80	25.00	15.00	75.00	22	300	95	3	17	1
20120106_rus.ruvr.ru_f1e26404dc319826c41ffee88eb68506945a93e162364331ffdd61eb	66.93	79.72	57.68	11.11	10.00	12.50	169	43	124	1	9	7
20120106_tengrinews.kz_a17beb36e3cb8762cb9adf72dd4e3ca25691bd44e9b13451f94c8a9a	70.92	80.00	63.69	50.00	66.67	40.00	100	25	57	2	1	3
20120106_rus.ruvr.ru_d88e33bdaa62f7aaccef077a0fef801ebca3ce7b150fb2bfae74faaf	44.11	74.49	31.33	0.00	0.00	0.00	73	25	160	0	5	5
20120106_www.rbc.ru_50e41f72faa6539e1469cf3198778e7e711db329eaa811423e0d7dad	62.21	87.72	48.19	58.82	71.43	50.00	200	28	215	5	2	5
20111128_www.aif.ru_e13c5b66cd08c237b420a5a4012f76a6d8a830a19a279a35ee6571b6	17.82	11.92	35.23	19.05	11.11	66.67	31	229	57	2	16	1
20120117_www.1obl.ru_03ca2223d78152f5467d1027c818e8271becb68ab4e62f49445456fd	94.96	91.67	98.51	72.73	66.67	80.00	132	12	2	4	2	1
20120106_www.ria.ru_ac49a3dbffee82ee7e279128b85cbeabaa404a678b12eac5e2fdcd26	6.38	6.31	6.45	0.00	0.00	0.00	20	297	290	0	20	10
20120117_ul.kp.ru_6b3f9e1650f839620e1f3fdb7b9773429960182789a6a929b7526f95	6.29	64.71	3.30	16.67	33.33	11.11	11	6	322	1	2	8
20120117_www.vestipk.ru_e0ef3cfa9d6b29677e20a75acadebff2a7d04cec7ac0f07ebef001de	87.31	82.83	92.31	66.67	53.85	87.50	516	107	43	14	12	2
20120106_www.nr2.ru_aa88fcfd8b0404b65293ae484be79ab8b8124e91f4fd450784164b8d	17.43	76.00	9.84	66.67	66.67	66.67	19	6	174	2	1	1
20120117_top.rbc.ru_66d4dca562d4ca8eb538796c004900749feb4fe9bc56618a59920852	5.68	36.00	3.08	0.00	0.00	0.00	9	16	283	0	3	7
20111209_life.comments.ua_8daa4acb445758626aaaf6d146d4fb695d304f97e2610870f79ac1da	51.23	36.86	83.93	25.00	15.00	75.00	94	161	18	3	17	1
20120106_www.newsru.com_27fa8d3c7c979528c4b0eb4c04d88a4ef4e37642f27a347dc19e4130	4.79	69.09	2.48	4.65	50.00	2.44	38	17	1493	1	1	40
20120117_nversia.ru_125174415f4dd2156e09b2cce81d33116d051545290dd92cb9ad8940	2.17	1.18	13.07	22.22	20.00	25.00	20	1674	133	1	4	3
20120106_www.regnum.ru_38e9fe16ded493f7d74c9e8174c99dc3454ed5247c6997865ded658d	58.52	59.87	57.23	35.29	30.00	42.86	91	61	68	3	7	4
20111128_news.day.az_5fa888d244ce8a22ea48c2a0a008a6e255a0f2608b56526e19afe423	5.48	5.43	5.53	0.00	0.00	0.00	12	209	205	0	8	8
20120117_www.aif.ru_bb2d7753ead60383ec06cb6bcf3493dd7d85d65ffb79b6507fc9b2c8	10.26	8.06	14.10	26.09	16.67	60.00	22	251	134	3	15	2
20111128_news.argumenti.ru_f26d5091e52476e091e13cdddb38a1c010fdc3f8ecb1ba6395a30fc6	58.44	84.67	44.62	30.77	33.33	28.57	116	21	144	2	4	5
20111128_www.1tv.ru_ffa20a7466a435c581a121aa817318144e71e83a49aac0307d016bad	80.55	73.91	88.50	0.00	0.00	0.00	408	144	53	0	13	13
20111209_medportal.ru_18002c24dc3501baaa52622e2a0dbeefea06b2d30179f7937d7a5b6c	71.66	59.53	90.00	44.44	30.77	80.00	153	104	17	4	9	1
20111128_news.zn.ua_faa9be4c282731ea3549317a571cbf83e5b94a70bd94faecdc4cdb57	73.10	73.10	73.10	57.14	46.15	75.00	250	92	92	6	7	2
20111128_www.ukrinform.ua_60654a90458430dc5ecb5eb331c54e1b359f9f36c3aec5d5e322553c	8.93	39.39	5.04	0.00	0.00	0.00	13	20	245	0	3	5
20120117_www.interfax-russia.ru_670981487d96852f39d08106a592133b64334e66abd0d562343ff313	41.87	27.31	89.66	17.14	10.71	42.86	130	346	15	3	25	4
20120117_www.likar.info_a6a8acfd786f7f623fccc595395d1fddb203c450d15ae2b56e989c7d	15.94	78.57	8.87	0.00	0.00	0.00	11	3	113	0	1	4
20111128_cxid.info_8457bff189418435d7f0412b105092467e24d4bc22c56c5f787cd65d	64.77	73.98	57.59	42.86	33.33	60.00	91	32	67	3	6	2
20111128_www.regnum.ru_4193600271bbf74b999e2448e397b3193cb90e0ca5404121d305a0d0	37.07	24.33	77.86	66.67	50.00	100.00	109	339	31	3	3	0
20120117_www.newsland.ru_9d8872900e435c2a95ec7866931810a6119460049a3a04b93c652d75	94.17	95.06	93.30	85.00	85.00	85.00	404	21	29	17	3	3
20120117_www.bel.ru_ee4c7876ee4f411e379e682ce60a5b669f7495edb7490a6f0c544e01	82.17	81.47	82.89	57.14	57.14	57.14	189	43	39	4	3	3
20120106_www.ria.ru_4cab1c82f7b6a455f9da3f7ce098677d4359a3ef9f462ea46524fb7b	7.18	7.03	7.32	0.00	0.00	0.00	23	304	291	0	20	9
20120117_komi.kp.ru_421b4ef726437ef475bbd3ab6848f1ffedd2499ade10dd1a4a14573a	13.92	64.71	7.80	44.44	66.67	33.33	11	6	130	2	1	4
20120106_www.vz.ru_0ed565e7b29814b0a7aa0e0cbb19f161ac17d063f7543dcb96939db3	75.16	67.30	85.10	0.00	0.00	0.00	177	86	31	0	17	6
20111209_www.ameno.ru_094fe89eb4e510c238ac128f8bdd6efcf4727fa49453270a76370628	1.07	100.00	0.54	0.00	0.00	0.00	1	0	185	0	0	5
20120117_www.newsland.ru_bd7d1f16cb84b2d48e25b3267cb90003d126ac55d3edded12edc4a84	92.11	92.65	91.57	81.82	81.82	81.82	315	25	29	9	2	2
20120106_www.bbc.co.uk_0cff067af40961c028bfc292ccdcc29a984a6b692389e53b1dc96445	12.70	88.89	6.84	0.00	0.00	0.00	8	1	109	0	1	5
20120106_www.objectiv.tv_f1450364e8b6799a16d25d27e8d4d20c03c6582a542fbb5522222efc	79.39	76.16	82.91	61.54	57.14	66.67	131	41	27	4	3	2
20120106_www.nr2.ru_a8610aa505f2155383c46706587bda61b57e4f476c7094a8c4341940	13.68	72.73	7.55	0.00	0.00	0.00	16	6	196	0	2	5
20120106_www.kapital-rus.ru_9bb641315c0eb883e411d4d2607d462edf915890a8f0e1e17fb9c117	46.82	35.89	67.32	75.00	66.67	85.71	103	184	50	6	3	1
20120106_www.baikal-daily.ru_6910489e94427c1266f98aeca463a626f6f021962f27c14a9e01a3fc	4.64	25.71	2.55	0.00	0.00	0.00	9	26	344	0	2	11
20120106_rus.ruvr.ru_6995e691805cbfe865135607127fce8532f135e00c585a04e88d00ca	65.63	81.09	55.12	0.00	0.00	0.00	253	59	206	0	15	17
20120117_top.rbc.ru_59910528942418ed94703b750a97876172bb51c6ca1c932e49fd65d0	3.76	7.59	2.50	0.00	0.00	0.00	11	134	429	0	7	10
20111128_news.bcm.ru_51f1c8d6e09c4ed03027a7d14443c92eb9cb506bce82a6a9c45ccd04	4.03	6.67	2.89	0.00	0.00	0.00	10	140	336	0	3	8
20120106_www.regnum.ru_9626940719b75df8347ca84a3a33aaf73617eed5c65fe6820065566a	63.14	48.60	90.09	42.86	40.00	46.15	418	442	46	6	9	7
20120106_www.regnum.ru_023688a04c014bd6acf99b302eb738313df62a9496f5ee5f6bcabbbe	85.55	79.47	92.64	42.86	33.33	60.00	151	39	12	3	6	2
20111128_dozor.kharkov.ua_f3b980e81e058464fd3126929bfb11abd46f286d6747d07f2140f490	68.92	70.87	67.08	42.11	44.44	40.00	163	67	80	4	5	6
20120106_www.ria.ru_65d3cd8c47d4a2f9c4fdec98d51f7ad610295f9300072b909371a346	7.90	6.83	9.36	0.00	0.00	0.00	22	300	213	0	20	8
20120106_vesti.kz_30d73cd8a4eb70ae8086f88ceff9fb842ae001cfecb076334b347e13	85.32	80.65	90.58	75.00	75.00	75.00	125	30	13	3	1	1
20120117_www.ng.ru_9bf1d60cde49a368b4bc14dce2321eb37e63936df6079681d3dc661a	17.96	83.33	10.07	0.00	0.00	0.00	15	3	134	0	1	2
20120106_rus.ruvr.ru_d0936b32f4dfcfd8d4933b5807394621f9a2c55096176a4e6f7dd4c9	86.08	83.44	88.89	40.00	33.33	50.00	136	27	17	2	4	2
20120106_rus.ruvr.ru_ea8a312da029ade02837e74a53649ccfab6b23a4c931d63e7076b3ed	88.13	87.43	88.83	61.54	57.14	66.67	167	24	21	4	3	2
20111209_www.regnum.ru_39dbf385c056f5fac5095193a66768a641ffa44532cc29c5dca7ec0e	82.09	83.95	80.31	30.77	25.00	40.00	204	39	50	2	6	3
20120106_rus.ruvr.ru_cabf961cc2bc8a3b1ec2bb8b3b6a8bb358c674a4d0e74beb37bfe536	80.94	83.50	78.54	0.00	0.00	0.00	344	68	94	0	13	8
20120106_rus.ruvr.ru_d60b58d8921206220b592de79852b10eb5c8a3a01cd90e91c5760107	88.58	86.36	90.91	0.00	0.00	0.00	190	30	19	0	6	4
20120117_www.pr.ua_c7667f1e20086a484b35ddc27b70d4dbc0fd1ec238dddce3ad8104ea	4.29	6.46	3.21	0.00	0.00	0.00	27	391	815	0	13	12
20120106_www.baltic-course.com_23d594bb1390d2a5680eb3bdd8abff0afda52ac950deec2a30de081b	10.08	60.00	5.50	0.00	0.00	0.00	12	8	206	0	1	6
20111209_mignews.com.ua_8136e68b329da9d717135f04cebc055074902a64563fc7ba12b5973a	85.08	86.03	84.15	66.67	57.14	80.00	154	25	29	4	3	1
20120117_www.medikforum.ru_5641402348c024f1ee710c27302194e49a514ed542fc7d44fcb9459a	56.21	43.46	79.55	17.65	10.91	46.15	249	324	64	6	49	7
20120106_www.fergananews.com_3107dd7419e68cfa31a4242d97450f271ed51e4d56be9e971047fe29	14.22	15.09	13.45	42.86	27.27	100.00	16	90	103	3	8	0
20120117_www.isra.com_64bebeefa3bee1910ff84ab10ad7bbf33a6710618005775b7dff86ad	66.27	70.51	62.50	70.00	58.33	87.50	110	46	66	7	5	1
20120106_polit.ru_6425ba354b23dad3aca264e5f0ae4c571faecafe5741e37da0064987	30.57	18.37	91.14	50.00	35.71	83.33	144	640	14	5	9	1
20120117_www.regnum.ru_59ff197a55c3661cb75f16317be8420473852acaf7daae63508dd08c	42.01	28.09	83.23	36.36	33.33	40.00	134	343	27	2	4	3
20111209_www.health-ua.org_5d82207438f000749355eaa8c87b2fefc218564a361b005d725a679f	3.85	56.25	1.99	0.00	0.00	0.00	9	7	443	0	2	13
20120106_www.ntv.ru_9cd271d26e479370e5f13dc6a17e8e1e5ad76baef843f2d041f83cef	12.79	78.57	6.96	0.00	0.00	0.00	11	3	147	0	1	5
20120117_ura.dn.ua_4737640aa688991a3c0162213748af869eef11a9662ec38fb0b6e057	5.03	88.89	2.59	0.00	0.00	0.00	8	1	301	0	1	8
20111209_www.pravda.ru_708959c113d06281226c407dfdb5849683673dab9e9e7e0b4f6aab3b	75.57	85.86	67.48	50.00	41.67	62.50	249	41	120	5	7	3
20120106_www.ria.ru_029cdb94cdadb2cda796721f98aa1c854725855fe56297ef7a719622	40.82	27.97	75.53	17.65	11.11	42.86	179	461	58	3	24	4
20111128_www.newsland.ru_deca5850da6e13d3afaba5a733ba630dfc85e0446c1024e58f74bdc9	73.11	90.30	61.42	54.55	60.00	50.00	121	13	76	3	2	3
20120117_top.rbc.ru_8fc49681dc7b3805b395f0c5114a2bb597635b97fbc3a74744c60c8e	4.99	36.00	2.68	0.00	0.00	0.00	9	16	327	0	3	6
20120106_www.rzn.info_dfa9de2dad8922187b79eca288b190f143d3a1fed26e0db8afd3db94	69.82	60.19	83.12	46.15	37.50	60.00	192	127	39	3	5	2
20111128_top.rbc.ru_780223131eb3c6a04c95f782525de8c94814bfcd61e1a34d7d10cb31	6.45	36.00	3.54	0.00	0.00	0.00	9	16	245	0	3	5
20111128_www.medicusamicus.com_9e7f4aabccca4d02b620513399601bbb5572b04262ec078f810fd1df	81.71	70.57	97.03	13.79	8.33	40.00	458	191	14	2	22	3
20111128_www.radiomayak.ru_8ad67e417e7dda07308001996b87066591849749c42006aa649e710f	15.27	62.50	8.70	28.57	50.00	20.00	10	6	105	1	1	4
20120117_life.comments.ua_0c05c8ad98404601c2e4e4ec899c77060381efef6e2b18d9583d4bce	65.59	51.82	89.31	38.10	26.67	66.67	142	132	17	4	11	2
20120106_www.rbc.ru_9de3f8c98565dbf813e1dc0ee7fe858058b486556e7632b7ae132691	73.25	92.25	60.74	69.57	80.00	61.54	345	29	223	8	2	5
20120117_news.vdv-s.ru_2f8de7cf4d3452ac2db6f37d13200fec986021f3336a8a7b8931c191	91.55	90.32	92.82	71.43	71.43	71.43	168	18	13	5	2	2
20111128_www.gazeta.ru_6c0acb5d065e76f57a212807e5dc2c1c9fa84ced5d212e2826b68bba	10.06	7.05	17.53	16.67	9.09	100.00	17	224	80	2	20	0
20120117_novostimira.com_89caeb1d83e485e88e05b68ada2bfaacce54e8e5cea0e90556c30761	8.48	63.64	4.55	0.00	0.00	0.00	7	4	147	0	1	5
20120106_fedpress.ru_73f28aa90c78276cdc79ec3ef8c1b76d0a4597fc758a0937095617da	7.22	38.46	3.98	0.00	0.00	0.00	10	16	241	0	1	6
20120106_www.ria.ru_7f29ab13be7012fa4d0697b37842464f5fab21a186d722cb6178d251	7.10	7.62	6.65	0.00	0.00	0.00	25	303	351	0	20	11
20120106_www.mk.ru_925812eec2e8ead92b3d2d9769cf9f4cc3cf36c01542afcab76ff2bc	56.00	47.22	68.79	12.50	8.33	25.00	119	133	54	1	11	3
20120117_www.pravda.ru_68888a68fa69fd0df677b92c50edce4f8d60e4dc4345546c908fedc8	66.01	63.38	68.88	40.00	33.33	50.00	135	78	61	3	6	3
20111128_veved.ru_e6b94e8edabcfb9236cf7032cab266b1b2078c644a54d1a02bf4db8b	3.40	45.00	1.77	0.00	0.00	0.00	9	11	500	0	1	14
20120106_www.regnum.ru_5ea350ca1731a56c9ec962530657c5a888a6b093b716e73ff9716bc2	37.91	28.22	57.74	21.05	20.00	22.22	138	351	101	2	8	7
20120117_omsk-times.ru_7a0a159e051a7d83f83c718ab0e6784197a74ce14c0991fa43327c37	80.92	86.42	76.09	66.67	60.00	75.00	70	11	22	3	2	1
20111209_life.comments.ua_4229a5c93d87864b9e6e262fb654b76e316bf45d1fdabfb1f1d98f95	64.00	52.60	81.70	32.26	21.74	62.50	192	173	43	5	18	3
20120106_www.ria.ru_dae988a9974d99898ea7607c52c81c903dc469acbdd0ab1110f52c02	49.60	37.44	73.47	33.33	22.58	63.64	216	361	78	7	24	4
20111128_www.argumenti.ru_be21cce9cc0c17a4811702603ad0cb82afcbdd32fe0d26093575449e	44.37	35.32	59.66	41.38	31.58	60.00	278	509	188	6	13	4
20111209_www.profinews.com.ua_a6e507d0bc2a2d16425421b2edf86681f9ef1a3093c01b710f703d6a	64.14	89.44	50.00	36.36	40.00	33.33	144	17	144	2	3	4
20120106_www.ria.ru_34361154a23f529006256a654692cc256ca859a19dc0f6f018a076f7	6.57	7.98	5.58	0.00	0.00	0.00	26	300	440	0	20	18
20120106_www.nr2.ru_e411c27e03a56c423624eb693a1d7431a2eb0c9a8a38f2d457474efc	5.76	66.67	3.01	15.38	33.33	10.00	14	7	451	1	2	9
20111128_www.argumenti.ru_cdafa92c8e21a65094c97379581e6aa23b675ce928564cbad43a8f6a	23.83	14.84	60.53	18.18	12.50	33.33	92	528	60	2	14	4
20120106_saratov.kp.ru_b75c2de73f16547855914744f1c2f986075e0e98e1462b36cb68bb39	75.74	68.29	85.01	35.29	30.00	42.86	295	137	52	3	7	4
20120117_pln-pskov.ru_ca3e20f824a77c1599d707340ec6f89a171f8ffc689af27627dc2968	70.23	55.26	96.33	61.54	57.14	66.67	105	85	4	4	3	2
20111209_www.regnum.ru_390fcad04260783ea96a5bed16a9f654777fee12ee6f1ce243163e31	42.03	27.47	89.47	16.67	11.11	33.33	153	404	18	1	8	2
20120117_www.aif.ru_a7a2b954a2707bdba78a221747044782454c7e7c29ea9ac74797aa01	48.38	42.62	55.95	38.10	30.77	50.00	127	171	100	4	9	4
20111128_gorodlip.ru_d8a37399572148f53db84da1e4beb795915a508b97023d958cfeb983	84.24	88.60	80.28	62.50	62.50	62.50	171	22	42	5	3	3
20111128_ubr.ua_ed8680ca9497c6e01814b8be69009bb9d4613a38c2a36a533ef27933	4.58	2.80	12.70	12.50	9.09	20.00	16	556	110	1	10	4
20111128_globalist.org.ua_5be549e96570e486891bf881eacbfddb2d6908f251c2d23bffe7e213	90.43	94.20	86.96	57.14	57.14	57.14	260	16	39	4	3	3
20120117_www.amur.info_6443a3c4f43e909a0b1be0663d859d2851e9580b73ef791bf728e71f	5.16	14.61	3.13	26.67	22.22	33.33	13	76	402	2	7	4
20120106_newsru.co.il_3ad15acc5ce87890828835c3d4d299f8d03e47e2636c4930e548cf66	1.14	100.00	0.57	0.00	0.00	0.00	1	0	174	0	0	8
20120106_www.regnum.ru_0499069aa430b9e9d88c8f172c978ef70745d000686903a15254f16d	77.76	65.56	95.55	66.67	56.52	81.25	944	496	44	13	10	3
20120106_www.newsru.com_1a91a63e0072a3c2afba0eda3d830e458319c5849a3318af3066c419	7.14	46.15	3.87	0.00	0.00	0.00	24	28	596	0	2	18
20111128_www.pravda.ru_ca2831b2776caab499f7d4089b80813eeedac9bc1e8920068c8e4972	77.74	91.15	67.76	63.16	60.00	66.67	206	20	98	6	4	3
20120117_www.argumenti.ru_24d2793e8210bef73d9c5552b74f8f93cd50f14cc6ccd7798c77ba79	25.80	15.59	74.79	22.22	16.67	33.33	89	482	30	2	10	4
20120106_tengrinews.kz_ed77af7b4de973f4ac7f4470fbb98c2acab3723cfd23c5dc9349255b	77.78	80.99	74.81	50.00	66.67	40.00	98	23	33	2	1	3
20120106_www.objectiv.tv_1876c342c825d0d55a82f91bb831095b8bd91b8e4260191a188245cb	85.47	83.88	87.12	66.67	62.50	71.43	203	39	30	5	3	2
20120106_rus.ruvr.ru_cbf5c80b8489db267e531a296f5cdddba82bc5d93ce48d2f69b9e3d6	90.79	90.79	90.79	31.58	30.00	33.33	345	35	35	3	7	6
20120106_rus.ruvr.ru_a6dd099050e32e54018a737dc6ebd189a7516bb4de909eea014f2057	76.40	85.11	69.31	0.00	0.00	0.00	280	49	124	0	12	12
20111209_www.regnum.ru_5bc9ac4324d46c89b7a9fa7a32794ca6e21dcf231fc2962b9e4a938b	42.53	29.66	75.13	40.00	33.33	50.00	148	351	49	3	6	3
20111209_www.medicinform.net_385707b66bcc2eff8c627aa2c253de8023b356153ca318b57eca95ba	20.88	37.25	14.50	42.86	30.00	75.00	19	32	112	3	7	1
20120117_www.9111.ru_e2e47b234353771176e7da60db97f5417e13ecd58f7d6cef61553432	47.64	34.91	75.00	31.58	23.08	50.00	111	207	37	3	10	3
20111128_prm.ru_1e627e2f5da52271de697836d25f7e848085d516e2d4982ac7863973	4.97	20.00	2.84	0.00	0.00	0.00	9	36	308	0	5	5
20111209_kurskweb.ru_0cbd3006d5c3cf6a44e59909e6bb93a78ef3596c0cf4bf23ea3c79c6	86.25	86.45	86.05	18.18	25.00	14.29	185	29	30	1	3	6
20120117_www.aif.ru_dce59edee65574969667311668737fed5eaccd473430301530a88e32	6.52	7.79	5.61	0.00	0.00	0.00	12	142	202	0	13	7
20120117_medicina.ua_be8c534c34dce9d78e68186d0a801c87ad4be2388e5045e05d58a7d0	18.28	25.37	14.29	33.33	50.00	25.00	17	50	102	1	1	3
20111128_news.bcm.ru_612395c1206be9b438b4eb493abe4b9c4b436263f490185758c3073e	9.94	10.67	9.30	50.00	66.67	40.00	16	134	156	2	1	3
20120106_news.liga.net_bea4e3c07b0e369b410c4bce2657ccd027df9595b1640b320a8a870a	60.18	55.92	65.13	47.62	45.45	50.00	170	134	91	5	6	5
20120117_www.aif.ua_ba56626e454701098f0c2d7c287ba60b5e027dcff50189015b444379	8.42	22.64	5.17	13.33	14.29	12.50	12	41	220	1	6	7
20120106_www.newsru.com_ad086f34fd28d9c4e33cd4cc7c45200b406f465c6c99e0c6c03effc5	9.17	44.90	5.10	0.00	0.00	0.00	22	27	409	0	2	11
20120106_www.aif.ru_47f630ae70a185204c0848a1b5c565182c07b0f8afcb874c5866fe48	22.16	18.03	28.73	12.50	8.33	25.00	77	350	191	2	22	6
20120106_top.rbc.ru_33a7b32079a929ba92132315cd0c3e5ec1c15ebf88b3db82697fd583	9.79	11.03	8.79	28.57	28.57	28.57	16	129	166	2	5	5
20120106_www.health-ua.org_8ea8618c460350ff3b44f5a4ee2e0e1add6370e519925d6422189e90	4.64	56.25	2.42	0.00	0.00	0.00	9	7	363	0	2	13
20120106_rus.ruvr.ru_10482b7b0a197fc54a4eb42f4ccbbbac8334cd53c182dfb63ebb8157	86.96	84.51	89.55	0.00	0.00	0.00	240	44	28	0	9	6
20120106_tiras.ru_a8ac1a3f8f25605853e24d4efcd409bc412fdc50beb8af6794b871cc	53.68	53.45	53.91	26.67	18.18	50.00	62	54	53	2	9	2
20111128_www.pravda.ru_27bffe1b5efb7f55921254f786a83f2d2856be99f278bd9c8bf0896a	72.73	90.26	60.90	58.82	55.56	62.50	176	19	113	5	4	3
20111209_medportal.ru_0468ef9dd22197e37bbfa27d019c37f591209f25e553699e379a191c	85.27	81.17	89.81	50.00	44.44	57.14	194	45	22	4	5	3
20120117_www.tverlife.ru_931381a532cd08822c0b77d1ebf260b748bebc663b20cb85a73a7fd8	57.43	40.85	96.67	20.51	12.12	66.67	203	294	7	4	29	2
20120117_www.zabinfo.ru_a8e761fd4d1b7c2c194fa2771f16fed53ebff860edcf42a1ab46ee69	9.57	58.82	5.21	25.00	50.00	16.67	10	7	182	1	1	5
20120106_www.vz.ru_574f47be259cb32afcdea3b4a616ad67b52deeb0ce356f617b5c4e5b	74.24	66.67	83.76	6.67	4.35	14.29	196	98	38	1	22	6
20120117_amur.kp.ru_db49177b09dc18c652d8e00a07ebce62115931394d912c94a825ba43	11.84	52.94	6.67	44.44	66.67	33.33	9	8	126	2	1	4
20111209_kurskweb.ru_89d2fbdb45d0d08892f5a2c4b69fab7487e22b6e9d97a41f7a8cbd5e	89.59	87.68	91.58	66.67	62.50	71.43	185	26	17	5	3	2
20120106_rus.ruvr.ru_9c8301660644efef49fbaa51cee88e5e99a1368e147ca5d978151887	75.91	82.41	70.36	0.00	0.00	0.00	178	38	75	0	8	7
20111209_podrobnosti.ua_3c23469ada46556111db75f2bbf6b5c8d4ecd3c2d493cf50c02ae210	45.85	55.56	39.02	11.11	7.69	20.00	80	64	125	1	12	4
20120106_www.regnum.ru_698ed2763766604d29a5d7cd114dcc5267a1de255f7ea6274a8f3ab0	88.24	89.15	87.36	40.00	33.33	50.00	304	37	44	3	6	3
20120117_www.bankfax.ru_4f20a65dd86ac9a4f42b058fc4e24a90d011f3a8814bab4f4cf940ec	18.80	33.33	13.10	57.14	66.67	50.00	11	22	73	2	1	2
20120106_ivona.bigmir.net_e2b3b52c46918b33a21f0c2c6fd7c14df124641ec7962d2508567d89	58.44	45.06	83.11	53.33	66.67	44.44	187	228	38	4	2	5
20111128_www.from-ua.com_ace40a3654c2a925138e46a10cf05a27ea5cf9fccbb7858ef6405b64	4.62	26.47	2.53	0.00	0.00	0.00	9	25	347	0	3	9
20120106_www.newsru.com_7acb8f34117eb77ac8b38d5a12bd86805f38657dc468f3c9e2f8ead8	11.35	38.18	6.67	0.00	0.00	0.00	21	34	294	0	2	10
20120106_www.newsru.com_3cc03dc13c51c45cc005192493d338f9ec23e0cfa5cfc78721e89f28	11.91	47.06	6.82	0.00	0.00	0.00	24	27	328	0	2	11
20120106_www.regnum.ru_b1d108a915c7e9f07f25f4388ae14f3fd60ebc499f71c5ccdba8f0be	84.14	83.94	84.33	28.57	25.00	33.33	183	35	34	2	6	4
20120106_www.baikal-daily.ru_4d03f94d8fd5cdf97dd80e1e3bd661f57e3eb3d955156e9a6c38a552	7.41	25.71	4.33	0.00	0.00	0.00	9	26	199	0	2	7
20111128_news.bcm.ru_f1419d22979d6c691f2531742718e2144783b692018049d5f54a0f9c	4.99	8.00	3.63	0.00	0.00	0.00	12	138	319	0	3	8
20120106_www.ria.ru_20f18ab50b99825191bb0198434800d93ed7499840be42f83e1ddc8a	8.18	6.88	10.09	0.00	0.00	0.00	22	298	196	0	20	8
20120106_www.ntv.ru_902972a735c13e28e92e7b5780c450ba7f201e52780f41be74f0498d	4.46	85.71	2.29	0.00	0.00	0.00	12	2	512	0	1	14
20120117_www.rg.ru_425ebb7e3028b9d4ff8157a6ff47c62cc723822de0b5f40976d38471	94.19	90.08	98.70	75.00	66.67	85.71	227	25	3	6	3	1
20120106_rus.ruvr.ru_954487f51fe0cdd6c9fa51a2e31e0c5739e5e3915cabb7ee2607b9bb	85.47	81.53	89.82	0.00	0.00	0.00	203	46	23	0	10	5
20120117_podrobnosti.ua_4493a21ef66dd94e0ed46ded15d0472d097d24273bf72a3798b6bfc2	23.29	70.83	13.93	28.57	50.00	20.00	17	7	105	1	1	4
20120106_4geo.ru_da79c1f1b11cb8e4ecac8702ab9f754c2213abfa4b5b055b5fffb5a3	52.83	44.09	65.88	22.22	13.33	66.67	56	71	29	2	13	1
20111209_www.from-ua.com_a167986f72fb86473423c8b36255f5d2c4bbc2e78bb8717180731b1a	7.17	27.27	4.13	0.00	0.00	0.00	9	24	209	0	3	6
20120106_www.newsru.com_0b070cc4e82ec1acce4fea201186feaa70c969ca0e8d22ac363e868a	4.25	46.00	2.23	0.00	0.00	0.00	23	27	1009	0	2	26
20111209_glavcom.ua_da7ef7f7afd4283aa29b892498ada013ab33c6c87acc1d7c3662d9cc	40.58	26.72	84.24	20.00	20.00	20.00	155	425	29	1	4	4
20111128_www.aif.ru_252b43f4faece558ef50829e48585bf4bf29dcc45a9b11e2657f7e73	6.29	7.69	5.31	0.00	0.00	0.00	11	132	196	0	12	6
20111128_www.health-ua.org_32f4fc9c9ac1b6310bb65c65e4d053b0159cff2bd4e53e3cf14f3b0a	4.85	75.00	2.51	0.00	0.00	0.00	9	3	350	0	1	11
20120117_www.regnum.ru_5e974f524a73b85fcc3d8971b53a898b8ea81bd560ce7f4e89e5134e	86.40	90.00	83.08	46.15	50.00	42.86	162	18	33	3	3	4
20111128_www.argumenti.ru_e6cfe32f454066b47a2cc18825563f7d1fce16a3d4f4d496d07f9cb7	53.40	40.53	78.25	51.43	40.91	69.23	349	512	97	9	13	4
20120106_tiras.ru_348ef5af5f140200b7ba83bcdd26e30cf3060de1552e9571c4ff531d	59.33	60.49	58.22	31.58	23.08	50.00	124	81	89	3	10	3
20111128_www.utro.ru_6f87a77ee82ea8623b44ea3d6fc0b5991f47c2234d520a29f5140096	5.99	32.26	3.30	16.67	33.33	11.11	20	42	586	3	6	24
20111209_www.news.nashbryansk.ru_6368eecacdbef694fd68e4d3ba2d9e28127f1fe0ddd95e728f0f3e34	81.02	71.83	92.91	45.45	38.46	55.56	459	180	35	5	8	4
20120106_www.ria.ru_ecab1113d544619f44e1b612b5946015a224e818817918184b42e821	11.62	8.41	18.79	30.77	20.00	66.67	28	305	121	4	16	2
20111128_www.rg.ru_8ec829733ea6b6e5d210f3c576505b8d8537febec29da1a74ace7dec	86.60	81.22	92.75	80.00	72.73	88.89	320	74	25	8	3	1
20120117_www.krsk.kp.ru_efe952742da53e9095a25ee3e25e361f703ec489b91417eb93d607c6	7.02	42.11	3.83	0.00	0.00	0.00	8	11	201	0	3	9
20120117_news.bigmir.net_435a7d809723a5eadd129d775236a1e87ba3c761ef6a6232f959398f	41.48	27.30	86.26	42.86	50.00	37.50	157	418	25	3	3	5
20120106_rus.ruvr.ru_7af3c3015646058a6271387cf6ceadd752248627dc6beafd18873a10	87.25	87.01	87.50	36.36	33.33	40.00	154	23	22	2	4	3
20120106_rus.ruvr.ru_201874024c9e7296d4e68008f4d3604533cc1751335aadc6f598d91a	80.97	80.00	81.97	36.36	33.33	40.00	100	25	22	2	4	3
20111209_www.utro.ru_64966d8a81c1e36b7f5924157c935c59845398e72f17a793746986f4	3.13	7.80	1.96	0.00	0.00	0.00	11	130	550	0	16	15
20120106_www.regnum.ru_7e0f85b355f6099930e5edc2852f70f051239c50aa9314304cca365b	64.93	49.59	94.02	44.44	33.33	66.67	487	495	31	6	12	3
20120106_www.nr2.ru_e4d7196ecdc3760ad5e14a283aedbc93f81a0f9ef0097b18d3bdd5ef	20.94	80.00	12.05	28.57	50.00	20.00	20	5	146	1	1	4
20120106_www.newsru.com_621a1d59e85615519ae66e37f01d82a1db6298ec0ca37d1d17512fb3	13.65	57.50	7.74	0.00	0.00	0.00	23	17	274	0	3	11
20120106_rus.delfi.ee_42f389d95f6d25a7104c706211b7df6a271bd42230d318a6a97fff70	66.67	70.76	63.02	46.15	37.50	60.00	121	50	71	3	5	2
20120106_rus.ruvr.ru_7ed22df2ffb6952d9e74611b212b0071c335df7ac1bb8924bb0231aa	90.76	86.23	95.79	33.33	25.00	50.00	432	69	19	2	6	2
20111209_life.comments.ua_413445fcf5fda9b6746c9c34097c7995ec2b801d4d5d87762b8d5263	63.14	47.66	93.51	28.57	17.39	80.00	173	190	12	4	19	1
20120106_podrobnosti.ua_ffd2d278eebbe5c243770afb049d2093e442f848a7ad58bb3f708cab	23.19	25.81	21.05	21.05	14.29	40.00	24	69	90	2	12	3
20120106_inopressa.ru_5347f152e35fa50bdc5c7b71e91fdcab0ee924e147b6a77e00c4ab2f	18.98	13.66	31.11	66.67	57.14	80.00	28	177	62	4	3	1
20120106_www.ria.ru_3bd41a95753e1381dcf18287aae31e25a823e33a19e206ddebd5ea9f	4.28	8.84	2.82	0.00	0.00	0.00	29	299	999	0	20	25
20120106_www.nr2.ru_413d33998faf4052b4d53db62cd3294a3910c8b24dbf0bea894652b7	29.20	80.00	17.86	33.33	50.00	25.00	20	5	92	1	1	3
20120117_vechirka.kiev.ua_5e96086a62e756565a43ef700524f872888b149b8264cbd095605678	23.81	47.62	15.87	66.67	66.67	66.67	10	11	53	2	1	1
20120117_www.aif.ru_ea29c469ec4c897bc00b0ce55763e97f3a54140a67185148ad734f32	11.57	9.09	15.91	50.00	38.46	71.43	14	140	74	5	8	2
20120106_www.ria.ru_c82a4fd390143702a94960f7d2146a45fe7dd8a32727936439be6d96	12.89	8.41	27.55	16.00	10.00	40.00	27	294	71	2	18	3
20111209_www.regnum.ru_799bdf6955e6b3414bcf437052ee6b7edc25d61bb152b8abaa49fb4e	44.62	30.91	80.19	20.00	14.29	33.33	166	371	41	1	6	2
20120117_www.regnum.ru_44d1177e6d6669aea0144a3fc575cd9880cbe2a2b142043cd0be4f93	88.84	92.41	85.55	53.33	57.14	50.00	219	18	37	4	3	4
20120117_ivona.bigmir.net_b28687a47406c8e9f07bc02733c7d72d30362c16d3cf0cd260cc5c57	46.38	33.04	77.82	41.67	41.67	41.67	186	377	53	5	7	7
20120106_www.19rus.info_0e04f91eba72b04f9b8e7c477e0ca01e2c1538aa21a4d184dc610e1f	72.73	64.39	83.54	48.00	33.33	85.71	132	73	26	6	12	1
20111128_medportal.ru_5373dbb4efcf35c8e37ec4bb2acffbc1138e77d16d7f37bf40b7c967	80.17	71.88	90.64	55.56	41.67	83.33	184	72	19	5	7	1
