file	F	P	R	F.tag	P.tag	R.tag	TP	FP	FN	TP.tag	FP.tag	FN.tag
20120117_timesofindia.indiatimes.com_22c1d64206e29a0dca411ee86f44ea616b8f8ac5c652cf30f2382385	97.62	98.26	97.00	66.67	80.00	57.14	226	4	7	4	1	3
20120117_www.orissadiary.com_6ac515d4b60cdb80d6746c10ff74c02087e132b7e63fb77b6a5d70a6	81.16	69.14	98.25	14.81	8.70	50.00	224	100	4	2	21	2
20120117_m.smh.com.au_2837b4beda2d9647673c8344773c6914407ae87298d155731de503cd	92.80	96.69	89.20	95.00	95.00	95.00	380	13	46	19	1	1
20111215_www.telegraph.co.uk_c56e99f68fdb6b7f284f287ac8b1133b20ba731b77a8a9cb96d16260	74.20	62.93	90.39	52.00	37.14	86.67	348	205	37	13	22	2
20120112_news.bbc.co.uk_f75ece81098631dbd272e4b34ed73383c37d719c26d1d72a6a080931	92.59	91.38	93.83	76.47	72.22	81.25	350	33	23	13	5	3
20120117_news.nationalpost.com_d014b8d85ef1cbb634831c871b4bdda202e92660d1062b4f19457c02	88.14	83.46	93.38	77.55	70.37	86.36	747	148	53	19	8	3
20120117_visitbulgaria.info_54a20f9f7abb52319ad7988e1b4e1170c4ea3cf97827941b6f9a2624	4.26	72.73	2.19	0.00	0.00	0.00	8	3	357	0	1	8
20120112_online.wsj.com_078a9cdd4b90e6cb0fd7112799485760d0fc0ee223259c46111498e8	82.02	74.80	90.77	56.52	43.33	81.25	659	222	67	13	17	3
20120117_www.cosmosmagazine.com_ca99584dc34b621b196e5469128147ca2a2596f9ef72cb11548df45e	2.14	42.86	1.10	0.00	0.00	0.00	9	12	810	0	2	20
20111215_www.metro.co.uk_59956104e4f612d6f61f5497ddfdfea1352c597763ea33c207929059	84.27	86.11	82.51	73.68	77.78	70.00	217	35	46	7	2	3
20111215_www.guardian.co.uk_bdb75d0a9df1d38d02528b2a05ff19f310e2a3e96dadbe8b92c332af	7.54	50.00	4.08	0.00	0.00	0.00	21	21	494	0	3	8
20111215_www.dailymail.co.uk_3f608d00736156a323ab476a86a3c7bca40bcb05ee1d74ceb546bbd5	10.49	8.14	14.76	9.37	6.82	15.00	67	756	387	3	41	17
20120112_psychcentral.com_d083c6b0c8d0c244d419c175957011d592d58ad75eae67ccc1195938	4.15	48.15	2.17	0.00	0.00	0.00	13	14	587	0	2	14
20120117_www.mirror.co.uk_b9d91e8cabba8832ceed69fd1edbc73b1c204ba6dfd9df89ce4260b4	90.04	84.43	96.44	69.57	61.54	80.00	244	45	9	8	5	2
20120117_www.bbc.co.uk_7b29bbb105b5aa555f5c798457911b5d76b2ceedcf800086b1e75327	89.39	86.13	92.91	75.00	70.59	80.00	354	57	27	12	5	3
20111215_www.dh.gov.uk_0a9cbae2299a36326acfa07e1a72eb684e38363967d46b929f16e7b6	78.52	85.38	72.69	52.63	55.56	50.00	181	31	68	5	4	5
20120117_news.nationalpost.com_72ee301752737078845a7b55b80760e571b4b0ce0605d2fef8354964	98.53	98.60	98.46	94.12	92.31	96.00	702	10	11	24	2	1
20120117_www.kake.com_f53c043c168bfe50334316658bfc69588b8ddcc26efa05a315da78b1	68.80	61.46	78.15	75.00	75.00	75.00	118	74	33	6	2	2
20120112_www.theglobeandmail.com_a82c942896627b03cbdaaad77d3fd77b4d6ffb18f3006e9c2f4784ec	81.17	76.16	86.88	59.46	50.00	73.33	556	174	84	11	11	4
20120112_www.businessweek.com_a005cdc19204ac2e3d4a5b818aa8c77e5968802888d329495c31085c	96.58	95.40	97.80	69.57	66.67	72.73	311	15	7	8	4	3
20120117_www.stuff.co.nz_53ba40796817ab0ee7fe18d7db255eebc0a5de2acb375b7df7b8ab9e	91.56	86.00	97.89	68.00	58.62	80.95	651	106	14	17	12	4
20111215_www.bbc.co.uk_10ad28b17f9e43976b02a6c94273819d431408d013d600dd689c1168	91.25	86.93	96.03	75.56	70.83	80.95	532	80	22	17	7	4
20120112_www.webmd.com_e32ac08f1b45b33ae2008ecd653f647c5b3eada798c6d439717a374d	3.12	14.77	1.75	0.00	0.00	0.00	13	75	731	0	2	28
20120112_www.prnewswire.com_8d259fddc33accecceb54274199d80eb29bca4526ca3ce0efb210d6d	79.49	79.82	79.18	61.54	54.05	71.43	692	175	182	20	17	8
20120112_www.google.com_fa0d9757941c336d81b6a57178537f035510e965958079464a0ade9d	95.11	92.56	97.80	75.00	69.23	81.82	311	25	7	9	4	2
20120117_www.ohio.com_3257efd6ddffd185f2fe02a3033e51b100d23cfe1bbb6974825ab535	81.19	70.37	95.94	71.19	58.33	91.30	520	219	22	21	15	2
20120112_news.sky.com_894e7a03c5dd0220ce188ac32e8eb1ee0cc463613a722b966cf9a2a4	95.25	94.75	95.75	87.27	85.71	88.89	541	30	24	24	4	3
20111215_www.bbc.co.uk_e96f24839be5d51388265d2a50689ac0e3d174c1dcee1d0100219777	90.45	85.94	95.47	76.47	72.22	81.25	379	62	18	13	5	3
20120117_www.cambridgefirst.co.uk_5738cca15743d499f55994f6132bef39d9e0ac6c6709654080d91340	25.68	68.12	15.82	30.77	40.00	25.00	47	22	250	2	3	6
20120112_www.metro.co.uk_63ca8cbe651c3917efb0977f6ea7a4b5fe936b9bd5367591a2f6570c	89.13	95.35	83.67	75.00	85.71	66.67	164	8	32	6	1	3
20120117_www.scotsman.com_9da257b1239aa7ede6b742e611265879c4c71c95ee65f3e21375cc03	83.68	72.77	98.43	55.81	39.34	96.00	628	235	10	24	37	1
20120112_www.cbsnews.com_45aa314d1bba90dfc9b74aedc130fef139c9c92d7c02f72def10138d	93.60	88.47	99.35	81.82	72.00	94.74	760	99	5	18	7	1
20120112_www.webmd.com_252d2169ba7e553ec3c5f51e82c9cb2f7290b97c3ff5e9fe75c6cc16	3.40	10.94	2.01	0.00	0.00	0.00	14	114	681	0	2	26
20111215_www.google.com_f15ae5e3a902a6f4010166ea66e95dd7202bfd7da6da6cdf9eb68bc3	95.52	93.37	97.78	75.00	69.23	81.82	352	25	8	9	4	2
20111215_www.guardian.co.uk_51844ecc39330dff62a070e5c2b90bad74c03e084f1f2456f297d216	5.47	66.67	2.85	0.00	0.00	0.00	26	13	885	0	3	16
20120117_www.latimes.com_4bbc92767919d8d2467d301487a59707c439c8fd97dff978db56ecc0	84.94	78.16	93.01	80.85	73.08	90.48	891	249	67	19	7	2
20120112_www.express.co.uk_2cc333acdf6ed5465ec0d4d7f4458731780f0c07bca31232aa18a858	56.40	41.12	89.76	50.85	36.59	83.33	403	577	46	15	26	3
20120117_www.dailymail.co.uk_56994e6d6576437c4deaf0da93ed39e5e4ef091958832cf3ec83bd6d	11.39	10.05	13.15	12.12	9.30	17.39	76	680	502	4	39	19
20120117_gazette.jhu.edu_47e76623eb1c3d7206d1cb4165d0b85123ddbbf0f2b1dcd64ab40bee	91.70	87.66	96.13	55.56	45.45	71.43	348	49	14	5	6	2
20111215_www.google.com_1dadb7b8b785257c96e75525287128a33660828a93c87864be59ed53	95.76	93.33	98.31	75.00	69.23	81.82	350	25	6	9	4	2
20120117_www.slbc.lk_ffe253f28e00d6fe592352ade540a8794f1fc39629982208652ab870	16.22	46.15	9.84	66.67	66.67	66.67	12	14	110	2	1	1
20120112_www.dailymail.co.uk_8360aa5d0696320532ff3bc6d5393aaa725db973d2bb2400aef68dda	9.13	6.87	13.59	7.02	5.00	11.76	56	759	356	2	38	15
20120112_www.foxnews.com_758b76cc0f6cf537c117dd591073f38157240017e084e3fb8e1a2d9a	99.19	99.09	99.29	90.91	88.24	93.75	983	9	7	30	4	2
20120117_www.independent.ie_d1f8adf15cd45d6f91736f7d8e6a4ce125b36f88402b3c699e0fcfd2	3.94	50.00	2.05	0.00	0.00	0.00	9	9	430	0	2	16
20120117_www.bbc.co.uk_ee4014a4f6529d9216f9b35b8c4b03d285024160369fef89b9c86b45	88.52	82.17	95.94	72.73	66.67	80.00	189	41	8	8	4	2
20111215_www.bbc.co.uk_b549e6b7ec6bf53a79536b51213191b0752f33e134ba1eaef6ff1b45	92.76	90.31	95.35	74.29	68.42	81.25	410	44	20	13	6	3
20111215_www.google.com_bceb9bbdc9587b15b2cfe90aec22a9d6443a010bc7b7f8755fc2a4fa	95.96	93.83	98.19	75.00	69.23	81.82	380	25	7	9	4	2
20120112_www.theglobeandmail.com_4d28a75adf58743732cee0ecc20179df60b2a311ff393cef89b6088d	84.77	79.42	90.90	66.67	57.69	78.95	629	163	63	15	11	4
20111215_www.4ni.co.uk_e89a5849150069d124708ee2d5f01fcaa2004fe4e62393fcc61dcd61	13.18	69.70	7.28	0.00	0.00	0.00	46	20	586	0	3	20
20120112_www.google.com_2dfbec827e0f441c89fcc448d891770f6e5730f6b1554e1c6dc49cca	96.07	93.99	98.24	75.00	69.23	81.82	391	25	7	9	4	2
20120112_www.scotsman.com_05fc82470d64b6000b7e2bebc552b812a0d8708cd7935287e992f6ac	51.80	35.13	98.55	36.59	22.73	93.75	475	877	7	15	51	1
20120112_www.dailytelegraph.com.au_19da765522c25f1e05b4e2e5c71ead9d2a29c56f410c0e9466d84987	74.73	63.79	90.19	64.86	54.55	80.00	340	193	37	12	10	3
20111215_www.google.com_cdb26ea5a65abb028b8670a95d873fd0db5b7494bc03a29153cfabed	95.89	93.90	97.96	75.00	69.23	81.82	385	25	8	9	4	2
20120117_allafrica.com_ca8306a6e2b39b6e3390076bae8b3db6d31234d8ff6dd0ff5480512a	73.32	59.05	96.71	55.56	41.67	83.33	235	163	8	5	7	1
20120112_www.theage.com.au_3b2621b040935fc7babe189f04a8195e5d6d42f318738af356788972	7.48	88.89	3.90	0.00	0.00	0.00	8	1	197	0	1	10
20120112_www.bbc.co.uk_43f849f890fd1367180abcc0c8b8ae3faf43c4b09a53371d52e33efe	80.52	82.13	78.98	78.87	80.00	77.78	740	161	197	28	7	8
20120117_www.bbc.co.uk_ad83ea8e08d8bd9271e717ba6eeaff8101d3e810c810c17c84451469	86.69	82.56	91.26	71.79	70.00	73.68	407	86	39	14	6	5
20120117_www.mirror.co.uk_33b2a6dd191f2233bfa3c1ef3a49c492b505832883d3050e1940961b	90.55	86.00	95.60	82.93	77.27	89.47	522	85	24	17	5	2
20120117_www.nzherald.co.nz_63f4577ddd683088d27fd6492f831bb6a82726aa2da4eb42f87e9961	92.21	88.90	95.78	84.75	83.33	86.21	681	85	30	25	5	4
20120117_www.yorkshirepost.co.uk_50c87a669df9177b29c3a5d3019d875e04957d02d996b8bb2aac1801	76.42	62.48	98.35	42.25	27.27	93.75	418	251	7	15	40	1
20120112_www.forbes.com_06573abe0d2325fb80b1052a1c35174ba5f221041c38d5faf508b603	86.98	78.17	98.03	66.67	58.33	77.78	598	167	12	7	5	2
20120112_www.cbc.ca_130930eda8db2366fb07c8bcc86b1a960ac1e07d67e36909de294ace	88.61	85.94	91.45	80.00	80.00	80.00	214	35	20	8	2	2
20111215_www.bbc.co.uk_1cf23adb7a882e3c2684f4ef8a0b9f10a45fe51c00624f3307d1cbee	88.10	86.93	89.30	72.73	76.19	69.57	459	69	55	16	5	7
20120112_www.jta.org_4a3379d1f9ec531d5a916677a5a73da5877555db9a120018deeaadb3	76.42	77.94	74.95	69.23	60.00	81.82	371	105	124	9	6	2
20120112_www.azfamily.com_901416d2d30deb043a1da49860792aee2db6df9ed7892be62b8290ce	55.17	42.14	79.85	40.82	34.48	50.00	531	729	134	10	19	10
20120117_www.voxy.co.nz_9822c3f85f78abf468f9e7670d120cd101c2e5cca1defd3b2a312240	6.45	88.89	3.35	0.00	0.00	0.00	8	1	231	0	1	8
20120117_vitals.msnbc.msn.com_446c16a3f7e197591efce13b4ab472f3462cd95375d64b6ec18e8d43	4.69	2.89	12.50	4.88	2.86	16.67	28	942	196	1	34	5
20120112_www.radionz.co.nz_019b7a4433f39cc0bb4134f3fdb4aef3ccc81b7d442d811868a1aa61	77.05	66.86	90.88	56.00	42.42	82.35	339	168	34	14	19	3
20120112_www.slashgear.com_aa9a030c90af5872c76046a4801e9c3a704b820c13ccb4842159f709	86.55	79.33	95.20	36.36	33.33	40.00	238	62	12	2	4	3
20120112_www.cbc.ca_2013ab16a33b8e9a328db6d85e9640d6fdc1f27529f5c142819b392b	91.12	89.68	92.60	85.71	81.82	90.00	313	36	25	9	2	1
20120112_yourlife.usatoday.com_ebe50592eeff17817363219c543164cc48dd75d9b67e95c8cb630c69	2.21	44.44	1.13	0.00	0.00	0.00	8	10	697	0	2	24
20111215_www.dailymail.co.uk_d0ea63908ff796a09c45b95e841dfac33563e802387991bcc135fa4a	13.83	13.94	13.73	15.62	12.50	20.83	81	500	509	5	35	19
20120117_lifestyle.aol.co.uk_03bd3f3ec24087f69f7cc62ad2014eefaa0653bf0aed586e6dac305b	20.00	44.44	12.90	40.00	50.00	33.33	20	25	135	2	2	4
20120117_www.news.com.au_45ec13db07ca54a903d0b2f1ab5560495b485cdc62e5e573caaa8bfc	62.12	47.04	91.45	43.24	30.77	72.73	278	313	26	8	18	3
20120117_www.indianexpress.com_9f97c347cb56cdb2f44406a269d038ab499160f00601ff033fc0334d	14.96	54.29	8.68	0.00	0.00	0.00	19	16	200	0	2	9
20120117_www.gmanetwork.com_a3c1ac3e865f27770d7ead834a1ac09d3e544a5148721a6270991dc2	80.83	75.45	87.04	0.00	0.00	0.00	544	177	81	0	2	19
20120112_www.christian.org.uk_cb17ae52b290ea628635022a174dc740094a13675818745240a199a9	3.98	88.89	2.04	0.00	0.00	0.00	8	1	385	0	1	19
20120117_www.dailymail.co.uk_d2047223c1ca302714775c2e00e6b7f6a24a339fb4cbbb1ff6f96b6a	11.41	8.45	17.53	12.50	9.52	18.18	88	953	414	4	38	18
20120117_www.globes.co.il_d09882c1df29dc17384de479959ebd23c7cb2846d3e30b2735d42fb1	85.55	84.56	86.56	18.18	33.33	12.50	219	40	34	1	2	7
20120117_www.asianscientist.com_13d649500425e7e8398807a5f05fadebbfd7d61ccf9533e59c348f2f	16.08	56.10	9.39	21.05	40.00	14.29	46	36	444	2	3	12
20120117_www.frenchtribune.com_4265bebad043b0d08948897b8390eaceaf5efe5961cd40268644e147	64.61	49.14	94.29	73.68	70.00	77.78	314	325	19	7	3	2
20120117_www.dailymail.co.uk_71b8164fa3ae3b22d1815a056cfb7ea99dcb3f38a3568ea16b50d6c7	10.83	6.95	24.47	11.76	7.14	33.33	58	776	179	3	39	6
20120112_www.usforacle.com_f2891c69339edef2dbc4a373f6ae6dd076bba28fb00514a78a3453eb	97.96	96.95	99.00	87.50	84.00	91.30	794	25	8	21	4	2
20120117_www.vancouversun.com_71478413f90e0d6f2262f3a2cadb7a30be7d7f726e3215acbbd9912d	2.69	56.25	1.38	0.00	0.00	0.00	9	7	645	0	1	20
20120112_www.pulsetoday.co.uk_9be002fbea0f0cda68ec64a3d969d7c5f981f67724253017eb93b917	5.18	88.89	2.67	0.00	0.00	0.00	8	1	292	0	1	7
20120117_www.cbc.ca_d280ab600eeced3edfccf6115b9f97c18cfc3e5eaeb1e8a008078b1f	93.69	93.35	94.04	90.48	90.48	90.48	505	36	32	19	2	2
20120112_www.guardian.co.uk_8255a113def1cb887ffd98ceb14bd87e2cc219bb634d56f22185eea0	6.91	72.73	3.63	0.00	0.00	0.00	32	12	850	0	3	21
20120117_www.vancouversun.com_eb21b7043fcf3025de7089f813da30ebf2866ec79e08ebd77f289128	3.19	50.00	1.65	0.00	0.00	0.00	8	8	478	0	1	12
20120112_capsules.kaiserhealthnews.org_bd950f35c3d4bbfedd3679aa8ed5911ac1670d24388a5c68bc43101b	94.25	91.80	96.84	75.00	69.23	81.82	459	41	15	9	4	2
20120117_www.emirates247.com_3a7aa28fa801bdb4409674b8dbbfa9898076418e079d5b7f7e85b041	19.61	11.00	90.15	16.22	9.38	60.00	183	1480	20	6	58	4
20120112_www.winnipegfreepress.com_0c2c3ed6118a3315ea5ab46444a5010ad180a3b82a0182cbaf9749f7	5.22	26.60	2.90	0.00	0.00	0.00	25	69	838	0	13	24
20120112_yourlife.usatoday.com_91a9ac0660db9f0283c2a185ac06624c308da067ad8d6a7d644a0d9d	3.09	44.44	1.60	0.00	0.00	0.00	8	10	491	0	2	17
20120112_www.guardian.co.uk_5f4756f5d32b866aac3bd29eb56a5e7d613ace85e3e89d50bd409360	20.38	71.05	11.89	16.67	33.33	11.11	27	11	200	1	2	8
20120112_www.winnipegsun.com_73165016b6c9d0a560d91e989e05fc18e0377bfdc9f8cda970e26a7d	4.09	73.68	2.11	0.00	0.00	0.00	14	5	651	0	1	22
20120112_www.northamptonchron.co.uk_c71218a36a51118e3cc0a73afdc72812de85815c1ac68f94a735da28	86.41	76.44	99.37	68.92	54.26	94.44	1736	535	11	51	43	3
20120112_www.medicalnewstoday.com_15b285f600b9236be7ce88cfb81f1a5a229f078321d2e94265ddb1ed	87.23	77.72	99.39	71.70	57.58	95.00	649	186	4	19	14	1
20120117_www.ctv.ca_c0c7faf0396c90b75a307acbd2afa92f8ba4ec226b64ad3af584feba	16.26	13.70	20.00	40.00	26.67	80.00	20	126	80	4	11	1
20120117_www.vancouversun.com_53f7cb2729dbc799a8053833c38c1e209189cec3232585a24e480a55	6.69	56.25	3.56	0.00	0.00	0.00	9	7	244	0	1	9
20120112_www.theage.com.au_020d43d60b12fc5b5432754642742548282d8dc150d8c95f4aebac53	4.97	88.89	2.56	0.00	0.00	0.00	8	1	305	0	1	11
20120117_www.cbc.ca_fb2fbf10401b86e2b4a3e896dcdcb805f0219e982383b31112bfe3c0	70.62	59.81	86.21	73.68	63.64	87.50	375	252	60	14	8	2
20120117_www.theglobeandmail.com_dca2e983ade8cad2062e2eec6581452ca813f4e46dd64a09d141c6fa	84.03	83.77	84.29	52.83	50.00	56.00	805	156	150	14	14	11
20120112_www.iol.co.za_90e7e6721be682e0eeaa0fe149743f9903a70d6254096bd7a050f83a	83.75	77.89	90.57	43.75	38.89	50.00	317	90	33	7	11	7
20120117_www.wwltv.com_39defc5e9432230c3fa6895d4f902155e08b7962fe2f5cc0c87f7d6e	5.12	10.78	3.36	0.00	0.00	0.00	18	149	518	0	7	17
20120117_www.wpix.com_04afe7c6a61eacd831ba894e3a88f33664ad60c558e91837eefe23e2	91.75	85.36	99.17	78.26	69.23	90.00	239	41	2	9	4	1
20120117_ibnlive.in.com_d4550f517a2cf8bc5702aa113f5f415d4476ae0ca0898420aa0e5fc6	5.35	40.00	2.87	0.00	0.00	0.00	8	12	271	0	2	9
20120117_www.nzherald.co.nz_ad956db50d001d3ce17d3c6342e808aa1238bd8e8206f01d4812bf72	94.64	92.88	96.47	88.46	92.00	85.19	574	44	21	23	2	4
20120117_www.calgaryherald.com_aa6d5bb9c192dfedf78aaf49cba9647132f8db9f3e4c92f2044f9fc5	2.09	81.82	1.06	0.00	0.00	0.00	9	2	841	0	1	20
20111215_www.google.com_8e4063dc6cfb782088d53af715efdf52447cbd4aa6b8e56060cda6f7	94.24	90.94	97.80	75.00	69.23	81.82	311	31	7	9	4	2
20120112_www.nydailynews.com_5bc94e5c54af59d5708af729a68924bc8fe11ef5ba62e0505efde515	61.88	54.10	72.26	43.48	35.71	55.56	323	274	124	10	18	8
20120112_www.sunderlandecho.com_c306b8c96a9bba70a2a2093dc16cbd8e0890f9f3d2072429d3b8c95a	62.53	45.69	99.05	48.08	32.05	96.15	731	869	7	25	53	1
20120112_medicalxpress.com_dca594b0d3bee481b3ace56bdba6f1d55f4bf62c2e78aad13f2121be	83.09	82.56	83.62	57.14	46.15	75.00	587	124	115	6	7	2
20120117_www.cbc.ca_1db9a3fe019e11e392aebc86ca7bd63b11ec2c4e7fd0bea2a421e98c	92.20	91.55	92.86	83.33	83.33	83.33	390	36	30	10	2	2
20120117_www2.canada.com_768405a9cf2dadc2769a56edb9fc57549c7d628cb373c38b75f12919	38.32	67.37	26.78	26.67	33.33	22.22	64	31	175	2	4	7
20120112_www.telegraph.co.uk_773824591d924ebde22bf3e709e355466c64015956ebded4595ca892	76.96	75.79	78.17	52.17	43.90	64.29	573	183	160	18	23	10
20111215_www.dailymail.co.uk_7c9b923c2051007465a44b4b1ab66f37fe7f273adbf47ea20c5efb95	13.88	16.14	12.17	15.79	15.00	16.67	56	291	404	3	17	15
20111215_www.bbc.co.uk_03e7bd4c10f54b7af926369ff843d86668ea229d4dd7026bbea5fc4e	89.12	85.75	92.77	82.05	80.00	84.21	385	64	30	16	4	3
20120117_www.langleyadvance.com_c094f71e549e47744144566197f0abf73ca1eb707ff060e3a7c068da	2.37	47.06	1.22	0.00	0.00	0.00	8	9	650	0	2	23
20111215_www.squidcard.com_714e53ab0bff1684b6fbd242c45b85b57564ef44e5d5b1f25609b3ea	95.35	95.07	95.63	81.48	78.57	84.62	328	17	15	11	3	2
20120117_www.dailymail.co.uk_905874e9183dbcee4b84cb6c3f533cee6b0e814d39a50100fa3e9ca0	11.89	10.33	14.02	16.95	15.62	18.52	98	851	601	5	27	22
20120117_www.cbc.ca_1c7a295ecb833dbabc9f3cb6df64331739f50f5e467c61da22a89d96	65.95	53.20	86.74	58.54	46.15	80.00	399	351	61	12	14	3
20120112_www.medicalnewstoday.com_4c0a5615e5b184879734f654b435da5a4b081e8a98c663ac18b51e70	82.17	70.17	99.14	52.38	36.67	91.67	461	196	4	11	19	1
20111215_news.stv.tv_3868f9a920e6afeaee5a4ad05a77fb2386c5b3738b549471e37acf50	3.57	66.67	1.83	0.00	0.00	0.00	8	4	428	0	1	17
20120117_www.ctv.ca_d2892bc031e361b72819e7d96a4daadcb17d0afb60e6bd19733dff65	5.27	14.15	3.24	0.00	0.00	0.00	15	91	448	0	12	15
20111215_www.bbc.co.uk_3a66abad09329b54c3dc699d80ce85384beb21ecf3d480f7bd1dd8f3	82.56	85.83	79.53	69.39	73.91	65.38	509	84	131	17	6	9
20120117_www.stuff.co.nz_cc415cc1a7f98456f362ad5d9d0f5768c4bfece11189bd576907fbb9	82.74	71.63	97.93	53.16	38.89	84.00	803	318	17	21	33	4
20120112_abcnews.go.com_7b2ea90b30176ca2e098e6e3a331dc3bcd6beb0216747a49b2fd9f07	85.90	75.64	99.39	85.00	80.95	89.47	655	211	4	17	4	2
20120112_boingboing.net_2156ac82499859c52b946dd08fd4049125d5db03b78a252bd99a827e	2.82	45.00	1.45	0.00	0.00	0.00	9	11	610	0	1	16
20120112_cmvlive.com_b02be15c980c375ec956cf6f1c9f265ea7807b112a901fdef80b25a8	90.46	90.60	90.33	80.65	86.21	75.76	944	98	101	25	4	8
20120112_www.cbc.ca_3d0724e574ef5beec2407286148b10363daffed804199cf0cbe28b06	87.30	87.14	87.46	85.71	81.82	90.00	244	36	35	9	2	1
20120117_www.vocm.com_1f56795a46048751504db2ae132b6e49c057205e76a3a5f61f81ab85	15.25	81.82	8.41	0.00	0.00	0.00	9	2	98	0	1	3
20120117_www.indianexpress.com_7533df9985a7e604c04952d27e24f4d3d3d4a8e2b5ec810cd9352760	83.81	99.64	72.32	50.00	66.67	40.00	277	1	106	2	1	3
20120117_www.bbc.co.uk_0711524886a0068794cb31a55a2f3b3fbc82b501f7e46fb84581a3e1	92.56	89.42	95.92	79.17	76.00	82.61	541	64	23	19	6	4
20120117_www.rte.ie_0588a81cedf5f3db088bd632512682241a0d6ea97d3ea4c0c3cd02fb	9.01	23.08	5.59	13.79	22.22	10.00	24	80	405	2	7	18
20120117_www.digitaljournal.com_b09361ea8ad05070e41243e4b1683ee7a51c5c7490138d8a9959f967	3.27	88.89	1.67	0.00	0.00	0.00	8	1	472	0	1	11
20120112_www.medicalnewstoday.com_0d4f2d84bf8fc9e3bb097865447abd0246a26175b6cf6dc3442e997c	86.08	75.95	99.34	70.59	56.25	94.74	600	190	4	18	14	1
20120117_www.sundaytimes.lk_2487e3d3adadb2a5b545433f20eda72bb6989b9ee1b9acace784c93c	14.71	94.12	7.98	10.00	50.00	5.56	64	4	738	1	1	17
20120117_www.montrealgazette.com_a00fae0797653465b25ac1a13bcde9e485b514421c4cba8c2c2e196c	2.34	42.11	1.20	0.00	0.00	0.00	8	11	656	0	2	18
20120112_www.wctv.tv_dd68b342550c281cd298181258a33c400869d5839c47ccda0d20dbef	82.37	80.28	84.57	73.68	70.00	77.78	285	70	52	7	3	2
20120112_www.dailymail.co.uk_c7d3f6443d15e3e8b751d734c063d919bf90ddb5735ceab36b6a1320	8.70	8.13	9.36	2.74	2.27	3.45	74	836	717	1	43	28
20120112_www.latimes.com_9fa8e2c8423350080ea1cde836f5a140d026cdb7b2c8030d52023479	74.95	63.64	91.15	64.00	57.14	72.73	371	212	36	8	6	3
20120112_mobihealthnews.com_e0281a435ccce60a61a8046c519d57be049fffc3e8b44c21c87976e5	90.42	89.26	91.61	83.87	81.25	86.67	590	71	54	13	3	2
20120117_www.straitstimes.com_bd59413015818e41702e70acee39591dd6c12b52dd4c4e1df12fd833	26.33	15.40	90.65	10.81	5.88	66.67	126	692	13	4	64	2
20120112_www.inpharm.com_6e18f109719fb4aefa4da84792800594e38ea3227bb27066de7fe10f	95.58	99.04	92.36	85.71	93.75	78.95	411	4	34	15	1	4
20120117_www.google.com_54167310f35c90568e351f22718af2dc78f4b552976150e79d78e1f4	96.42	94.68	98.23	75.00	69.23	81.82	445	25	8	9	4	2
20120117_www.inpharm.com_13cb4a94a2af912370425c72652866dde00b4a67607b08a8969f0da7	95.99	99.45	92.76	81.48	91.67	73.33	359	2	28	11	1	4
20111215_www.webmd.com_72fa7465e3530407517fefa9a2ad2857103e31185e0007520828d1ab	5.90	18.33	3.51	0.00	0.00	0.00	22	98	604	0	4	21
20120117_www.heraldscotland.com_998648fa54f1a5e658f33d51eaa231745078400669f2affaa69b117e	30.62	76.19	19.16	33.33	60.00	23.08	64	20	270	3	2	10
20120112_www.independent.co.uk_8a8296e812a999e1bfa78ac3986f76676160111381e627c8e020f33f	4.76	9.29	3.20	0.00	0.00	0.00	25	244	756	0	6	16
20120112_calgary.ctv.ca_011a082345b3ea8b74fb5e7a126df7c3c577899170d821748d85b2f3	1.68	1.42	2.07	0.00	0.00	0.00	9	626	425	0	1	13
20120117_www.bayofplentytimes.co.nz_1b02a85be013542b49f5462100cd39f556fc6d289c7992aa4516db81	64.32	50.45	88.71	63.64	51.85	82.35	338	332	43	14	13	3
20120112_www.walesonline.co.uk_c74de3f2c3597ac5a357a970261183f1c40796d56c78aab8804648cf	2.62	75.00	1.34	0.00	0.00	0.00	9	3	665	0	1	22
20120117_www.timescolonist.com_d30fb2248f49e66acdcf2f56609771cc53758577da2ce8122c2b594e	2.96	42.86	1.53	0.00	0.00	0.00	9	12	578	0	2	22
20120117_www.publicservice.co.uk_683dca4bb6eee80acfac2190184fa833cc3537974475a827280ad603	91.89	88.31	95.77	70.00	63.64	77.78	408	54	18	7	4	2
20120112_www.newsnet5.com_a339ef70684390395b35975a87f0da722f6ed87b9000cf614fe53f61	78.22	66.39	95.18	60.87	46.67	87.50	158	80	8	7	8	1
20120112_www.telegraph.co.uk_9adb8d607dc4fbf1b30f508947f1c9187bf004627c748562e32f5a05	74.08	69.24	79.64	42.55	37.04	50.00	403	179	103	10	17	10
20120117_www.foxnews.com_444ed31fe47dfd22b178e57c15acfb2165abd521080b21aa8513d890	88.54	83.74	93.92	66.67	55.56	83.33	170	33	11	5	4	1
20120117_www.bbc.co.uk_a5a89301d68c7940a0dfcbae5bf161aab81b577a17044afe5217f47d	91.15	85.12	98.10	72.73	66.67	80.00	206	36	4	8	4	2
20120112_scienceblogs.com_19abf46d03c2b6d959e4778242ae61fd6a51461ec61c0ad6ea97c073	83.25	75.61	92.61	66.67	57.89	78.57	1528	493	122	22	16	6
20120117_ibnlive.in.com_f09aeec9c93d8a20702206d19b6cf9e3f5d22723802c2b7cb0fb53cc	6.36	45.00	3.42	0.00	0.00	0.00	9	11	254	0	2	5
20120112_www.indianexpress.com_9048c2ae85891363446489fa9274ed43dce8dd87b5e6538d3dc1ac63	8.77	48.39	4.82	0.00	0.00	0.00	15	16	296	0	2	11
20120117_www.emailwire.com_335519a0d2e7ba4e9a89bb9e4e3e5296f89616588d24dd921701b601	90.06	84.41	96.53	66.67	52.38	91.67	417	77	15	11	10	1
20120117_www.cbc.ca_922864e1693fe48d4ee7464d2dadb10346b9ef217ef20cc2fe7484ad	82.30	71.43	97.09	66.67	60.00	75.00	100	40	3	3	2	1
20120117_popwatch.ew.com_76e12c8d51a7b68e71f13f8d98b5561ca8dbaa558d239a1df9e4df4c	80.27	68.60	96.72	58.82	45.45	83.33	177	81	6	5	6	1
20120112_www.latimes.com_5b3d04d073c7bfb9af751c9dd8cce0959454a25874f8972f0e37c1d5	88.79	85.25	92.65	62.07	52.94	75.00	416	72	33	9	8	3
20120112_www.three.fm_57439652367bbf1e93b2db66588a8bb1804217ae8431c45b343b87b7	93.85	92.06	95.72	60.87	70.00	53.85	313	27	14	7	3	6
20120117_www.businessweek.com_f298dda4630d2996a1586d8ab7f06f5d7f36990454ec6ac5edc0efde	86.56	81.02	92.92	73.24	63.41	86.67	905	212	69	26	15	4
20120117_www.theglobeandmail.com_2f8c4f3e053f8a1c6f1e3c029d13a4535cfedff37081e875c2409398	76.12	76.98	75.28	43.75	41.18	46.67	341	102	112	7	10	8
20120117_ibnlive.in.com_699400a4278cba71902aee6965c6cb60f3a1dd057377414ce021cb4e	10.96	60.00	6.03	50.00	50.00	50.00	12	8	187	1	1	1
20120117_www.usmagazine.com_efcef509d986f4bac6c1d7fd7525bd246623d12b797626e82db6cf3e	80.64	73.19	89.78	57.14	50.00	66.67	202	74	23	6	6	3
20120117_www.ctv.ca_34ad8b4063fcac90f46f9d32b9889468774971649484712c3d9b524c	12.50	15.84	10.32	58.82	45.45	83.33	16	85	139	5	6	1
20120112_www.huffingtonpost.com_5cabf1e343190d832484b66570e32417a284f6f0697cad99c8acaf58	68.09	53.74	92.89	59.46	45.83	84.62	431	371	33	11	13	2
20120112_www.dailymail.co.uk_3c74f06a28bdd9795551e38107f828db9177ad22dde8e5002b43cf5a	14.12	12.90	15.61	13.70	11.11	17.86	118	797	638	5	40	23
20120117_www.bizjournals.com_c06b61a58e8e7913454abdb02067b7fc0edcf99c9d848c2d4fea81a1	45.85	30.62	91.26	28.57	20.00	50.00	94	213	9	2	8	2
20120117_www.voxy.co.nz_fac19adfb84f2747fdadfa08c89497057bd56f075e53f941550b4906	2.01	88.89	1.01	0.00	0.00	0.00	8	1	781	0	1	18
20120117_www.guardian.co.uk_5977a9e5cd21e538685d6a42680a0a2c40e8315ae224dd8784d005de	5.69	53.19	3.00	0.00	0.00	0.00	25	22	807	0	3	17
20120112_3d-car-shows.com_568a696a9b0b74e33aa9f371e1894d6bb8e919d0745fd18d26771bdc	1.81	88.89	0.92	0.00	0.00	0.00	8	1	866	0	1	29
20111215_www.guardian.co.uk_055efffff0eae3cdab727ce3d9f781b240ae2e830348fe44213c15f2	6.63	55.77	3.52	9.52	33.33	5.56	29	23	794	1	2	17
20120117_www.figo.org_3afca4e68b47f41368c4616b05e859aa2e01ddb54185d6c811503d6f	78.39	66.29	95.90	57.14	46.15	75.00	234	119	10	6	7	2
20120117_www.guardian.co.uk_dd9d50d1d184dd0ab2d74149f4b884e10bec69f8527a729027f23a54	5.11	48.65	2.69	0.00	0.00	0.00	18	19	650	0	3	18
20111215_www.belfasttelegraph.co.uk_c84a9b7d5164656bef295220fa5cc6c072c6d139d92c9f51f7959946	2.11	42.86	1.08	0.00	0.00	0.00	9	12	824	0	3	30
20120117_www.bbc.co.uk_e3fd678203c31aa09445d655a2e56a7f8bf4c1651ceef12345789a9c	84.19	78.60	90.64	66.67	60.00	75.00	213	58	22	9	6	3
20120117_www.google.com_6efdc613eb93d12a9500bf91a355693091eb23744fb0d6621b6e50ef	94.72	92.21	97.37	75.00	69.23	81.82	296	25	8	9	4	2
20120112_www.dailymail.co.uk_185a9e04efa6651dc4a7c53c5e3b35a18b6b69daa75de77487232257	16.28	38.13	10.35	28.57	40.00	22.22	53	86	459	4	6	14
20120112_www.businessweek.com_1151af0dcad3cda5773eb2d1d26cf0e3ac2ebb5f8f34a99434129516	74.87	68.63	82.35	40.00	29.41	62.50	280	128	60	5	12	3
20120112_www.news.com.au_337c7f67bcf3647aba9e786d7a9ac0ae90374fb4af4270431fc04416	37.11	24.09	80.77	35.29	22.22	85.71	126	397	30	6	21	1
20120117_www.foxnews.com_eb7e134296b991dec4a9750fe0bdbdf6e9c51dc264a5b3a6278d7bbd	97.80	97.42	98.18	85.00	89.47	80.95	754	20	14	17	2	4
20120112_www.washingtontimes.com_92d81e4d373524316f170850ce146c98a5ef60b1ee2d323de4eb5f05	70.79	58.47	89.68	37.93	25.58	73.33	452	321	52	11	32	4
20120112_www.cbc.ca_1343723ddc7858d97ad7be2636252e4b904a6cd969bd559fa4924042	84.69	87.68	81.91	72.73	80.00	66.67	249	35	55	8	2	4
20120117_www.mirror.co.uk_9d27adf9ae5483609c257e7dec02cd92a9783b26fad0e33760a5b4dc	60.55	44.70	93.83	52.05	41.30	70.37	502	621	33	19	27	8
20120117_www.vancouversun.com_bc6137a56083e9dab259a97f6bde13f07d4c97b1dd27b66335eb8127	2.29	56.25	1.17	0.00	0.00	0.00	9	7	762	0	1	31
20120112_www.thelocal.de_ddaee297447b9afccf5dd65b59635271f32f2332c1f35f99f6fff576	41.74	28.35	79.05	28.57	17.54	76.92	317	801	84	10	47	3
20120112_www.medpagetoday.com_b51db5f1ba536e7d5bd5b28f46d46cb4020037bea04bbc7475af681c	80.13	71.72	90.76	67.69	56.41	84.62	766	302	78	22	17	4
20120117_www.massey.ac.nz_fa35656e661a39d744a330d797279aa4dbb320d8de27ff4621b53d3e	84.70	88.60	81.12	75.00	62.07	94.74	653	84	152	18	11	1
20120112_www.mid-day.com_f63fe3934549b712cececaccd571684914441962cd115c9ea00bf307	79.51	92.34	69.82	63.64	70.00	58.33	229	19	99	7	3	5
20111215_www.bbc.co.uk_6289b8881ced4e2577bfe460766ab040744647dad9f6913b235cea1a	74.24	62.17	92.11	57.63	48.57	70.83	549	334	47	17	18	7
20120112_www.heraldsun.com.au_ef4764e85b5e7926ce73df01f103d5e2d66db0cf41577864e4f5db99	67.75	55.79	86.26	58.82	45.45	83.33	270	214	43	10	12	2
20120117_www.abc.net.au_67a8e08a830fc6731e29d12e0cf8c46e1d7b88558f7a2586234f5807	3.38	16.92	1.88	0.00	0.00	0.00	11	54	575	0	1	26
20120112_www.expertclick.com_c849b6ebb9fb8fcf0191255177b241e41d03986f8e0eb9a3421361fc	71.61	88.00	60.37	52.17	66.67	42.86	550	75	361	6	3	8
20120117_topnews.ae_de7616081fc45200997e2360ad973eff77025b1eb4bef5ad70b4ebbf	91.68	87.83	95.89	77.78	77.78	77.78	303	42	13	7	2	2
20120117_www.guardian.co.uk_391eecad2ee1c02543a7c9a17ac788046d6dd5b6204b7f11d0dfbc73	7.70	59.57	4.12	0.00	0.00	0.00	28	19	652	0	3	20
20120112_www.dailymail.co.uk_07c11eeabada1ffd6b2d5303de0f296d539ba3f7865d8d88509f1abd	13.17	10.72	17.09	16.67	13.64	21.43	122	1016	592	6	38	22
20120112_www.calgaryherald.com_2d319a6f950e9c0f3569098d55658d4719c7c4f902c3627cb39a9cf7	2.09	81.82	1.06	0.00	0.00	0.00	9	2	840	0	1	33
20120112_news.nationalpost.com_db84bb6bef5278925cad1cb6ee9f78ef5341659326967b3a77cf8799	95.67	96.24	95.10	82.61	82.61	82.61	640	25	33	19	4	4
20120112_ibnlive.in.com_4de5c68e2c3cb25169d585548d45e75e5e249bb42be4f54e2f9ca8df	4.69	45.00	2.47	0.00	0.00	0.00	9	11	355	0	2	9
20120112_www.businessweek.com_2a21025f6f4dc13c9eb8ebf3d249f3fd66c6dd25a65a594f0083b2b7	82.23	72.74	94.57	66.67	51.85	93.33	435	163	25	14	13	1
20120117_www.dailymail.co.uk_056de4e608770f24708213450cd4dde723d54b60236578976c0b056d	14.69	17.99	12.41	15.79	16.67	15.00	52	237	367	3	15	17
20120112_www.medicalnewstoday.com_3c7a2b3347ff9a9f376ef57ffccea1eb33898b6064fab71224d80c19	78.96	77.23	80.76	66.67	58.33	77.78	424	125	101	14	10	4
20120117_www.latimes.com_2b1c2cabdb7c25ec353fcc7c3c7a7c3a96328c67b4d64dc0de54dd9c	75.27	67.03	85.83	55.17	47.06	66.67	309	152	51	8	9	4
20120112_www.foxnews.com_0d269a696925fa21989131eee82ab39ef86ab3900cca39b9d2fb0317	98.78	97.98	99.59	86.67	81.25	92.86	484	10	2	13	3	1
20120117_timesofindia.indiatimes.com_87093d456225c802820c5a70f7f0ab9c67178751ba6dcb659390b030	98.59	98.97	98.21	77.78	87.50	70.00	384	4	7	7	1	3
20120117_theuptowner.org_5e03c90055896adb8d8f3cba18a5ecf4b076702f7d9805c8b9a81422	96.84	95.84	97.87	88.46	85.19	92.00	1059	46	23	23	4	2
20111215_www.guardian.co.uk_907efa7d6598430e7d998858ce55198cd1b93d8f6173d82e2b3071ee	19.92	76.47	11.45	18.18	33.33	12.50	26	8	201	1	2	7
20120112_lifestyle.aol.co.uk_309f2cdd5524511152e51f935e103c5c47b90e9601158efa0d8c2ed6	7.74	60.00	4.14	14.29	50.00	8.33	33	22	765	2	2	22
20120112_www.latimes.com_a3c4f7092044d8d4a9fc93264445da7fd27088e47318ea679d881db6	69.72	57.99	87.42	60.61	50.00	76.92	570	413	82	10	10	3
20120117_www.newstrackindia.com_be31d862c62a21db5da44f6f04dfbefa0db30b8871335add44765e18	88.63	80.65	98.38	68.29	58.33	82.35	425	102	7	14	10	3
20120117_insideireland.ie_bd5694f07cacedbc1f7469f11cdb8aafce10444b6e845730fe15dc50	7.62	80.00	4.00	0.00	0.00	0.00	8	2	192	0	1	8
20120117_www.dnaindia.com_fd3765adb1b01b810d1167ba1712a8470fba7b0fb2891182c2b1a100	91.40	95.42	87.70	85.71	85.71	85.71	271	13	38	12	2	2
20120112_www.torontosun.com_f2a19d5b2abbc3b13069721457c368493c5bd5ffafaa0a8ddd6b7d87	85.45	90.38	81.03	77.78	77.78	77.78	141	15	33	7	2	2
20120112_www.boston.com_074caa4afb62a4df906fb8620e35f09208d6ed2d6b9326eb114f35ef	95.15	92.33	98.15	83.72	81.82	85.71	638	53	12	18	4	3
20120117_www.telegraphindia.com_f2c7f602fb72a37c60841753229e49c1ff9169695ea2b9ad3cba98c0	5.88	82.35	3.05	0.00	0.00	0.00	28	6	891	0	2	25
20120112_www.foxnews.com_83236102d82f5fe34b8e10d360c0cbc9d74fca8f3720841e259e0b12	99.54	99.34	99.74	93.02	90.91	95.24	754	5	2	20	2	1
20120112_www.google.com_16ba7af039d5e83a5722d8de6bdf55167ee80ce457b03f27739be3c7	95.51	93.47	97.64	82.35	77.78	87.50	372	26	9	14	4	2
20120117_www.travelagentcentral.com_fa9f01519f4110031bce2f2035dbc52b6e9e27b88cabc88f52274f8b	85.15	83.75	86.61	47.06	36.36	66.67	304	59	47	4	7	2
20120117_www.mirror.co.uk_d5396eacefe93b59cd52afd69fa9cb9d6dd055a8fa73b7e391b758c4	87.63	81.51	94.74	69.57	61.54	80.00	216	49	12	8	5	2
20120117_www.dailymail.co.uk_24323412761f93cb64df4009599e78c7bdd303f93c33b0c4031eef78	27.24	59.28	17.68	31.25	45.45	23.81	99	68	461	5	6	16
20120112_www.vancouversun.com_4e062ebd37d16f1783d3d58accff0e8c0d9a9da531f5b98a5a173c5c	3.26	21.57	1.77	0.00	0.00	0.00	11	40	612	0	1	20
20120112_ckom.com_7e263a94f02d5a1d7bffccd680f372762e6b05c502e4bd889b5815ff	5.71	88.89	2.95	0.00	0.00	0.00	8	1	263	0	1	12
20120117_www.mirror.co.uk_7d5e6f67a6979c53c5555614287d5e615c527c53fb9760236b95b8b9	90.44	86.44	94.83	82.35	73.68	93.33	440	69	24	14	5	1
20120117_www.globalpost.com_79a4dd9737349e7695e9f386a54b849a1e025e959db8a50954f798fb	82.67	72.34	96.45	62.50	55.56	71.43	272	104	10	5	4	2
20120117_www.google.com_ce49b38ed4b0a0cfa78cc173c5dc33aebe2019d6c3b60a9e0d3b445d	94.77	92.06	97.64	75.00	69.23	81.82	290	25	7	9	4	2
20111215_www.foxnews.com_8c8755e6e6cf31b8ddad1ada9085a3089802a05e23e37b0e8316b1a4	95.89	93.86	98.01	81.48	78.57	84.62	443	29	9	11	3	2
20120117_gothamist.com_a6b6a49ce44b1e33a5d2baff994e803b5ef5bbb15ce7642075df08ae	86.64	77.37	98.43	40.00	28.57	66.67	188	55	3	2	5	1
20120112_www.dailymail.co.uk_7fc700fa999a47bf65a04fca9dbc19294b1135da4d39fe3efcb81de7	4.11	2.90	7.05	0.00	0.00	0.00	27	905	356	0	41	3
20111215_www.bloomberg.com_89eb5fb6f715c79f7b80b996dcbdfe57e6f6837e3fb513c7948dee1e	80.48	78.27	82.83	69.57	61.54	80.00	299	83	62	8	5	2
20120112_www.winnipegfreepress.com_31beb74ad5cc37754e1d33ec41cd9c4b8cf4c68c52611eb58a5b2a2d	75.23	62.60	94.25	48.28	33.33	87.50	164	98	10	7	14	1
20111215_lifestyle.aol.co.uk_937d9eb5be35cb3a1e059d8e65792dd4b977f232ebdadc68c861a53f	87.46	83.04	92.38	81.48	73.33	91.67	279	57	23	11	4	1
20120112_newstonight.co.za_4947d97c403248217bb6c561819984948d4ea0f93eddebb8bed85820	69.47	54.99	94.29	54.55	42.86	75.00	314	257	19	6	8	2
20120112_www.latimes.com_7813a9736252189070abfda11663cf03ebfbce16d4fac270cf184c58	86.96	80.00	95.24	63.16	50.00	85.71	280	70	14	6	6	1
20120117_topnews.net.nz_9bfcb66030a6d918d49e40c03c6b4ff3f8d5b202176a974eaa5afe9f	96.05	94.25	97.92	71.43	71.43	71.43	377	23	8	5	2	2
20120117_www.google.com_c29fb1d041fc32e81b9f9dcdae0827b060e5de8d963198c1d1ba8dab	94.56	91.99	97.29	75.00	69.23	81.82	287	25	8	9	4	2
20120112_www.iafrica.com_7edd9b541414b73079bf5c811c81fb93e2337bf976ab3484252ecf96	5.26	23.53	2.96	0.00	0.00	0.00	8	26	262	0	3	8
20120112_timesofindia.indiatimes.com_86d9c13b0000d41c59712badf36a3a6e49ae660e956d17d7841b959b	99.08	99.34	98.82	83.87	92.86	76.47	755	5	9	13	1	4
20120117_www.vancouversun.com_a8fbdd69f65db06aa729e3db8df251d9939313d3d9cab7a8ad116dfb	5.83	56.25	3.07	0.00	0.00	0.00	9	7	284	0	1	9
20120112_www.msnbc.msn.com_816efc90821d446121da0919d604c25bcf609dcdae1315719001cf5e	66.96	65.15	68.86	61.90	59.09	65.00	387	207	175	13	9	7
20120117_www.newsday.com_fa8d57f892007d63353bb71812d9854099c10ea56e7633977b5b4068	87.87	78.78	99.33	72.00	60.00	90.00	297	80	2	9	6	1
20120112_www.businessweek.com_b77c6be214c157c40554ed2ce2cf6c41081f9a39df563f3df245ecf8	82.48	72.09	96.37	56.25	40.91	90.00	372	144	14	9	13	1
20120117_www.abc.net.au_de78bc966dde34a1742c725701302d1454a167d4ff15066abcc3cdee	2.90	13.85	1.62	0.00	0.00	0.00	9	56	547	0	1	20
20120112_tvnz.co.nz_695629943f191bba92909e10c5c610e6a2926c80af35069ab5185b24	51.29	36.97	83.71	40.00	28.57	66.67	149	254	29	4	10	2
20120112_www.bbc.co.uk_2cac11f4fbd2f55894f9f3e7fb28c8fc105988fdc00c5105aa91bb96	89.44	86.72	92.33	79.25	77.78	80.77	614	94	51	21	6	5
20120117_wonderwoman.intoday.in_ac77509543e77c4fac40e105e32e2772efe84f6e1c2fe32e14f41a39	3.22	88.89	1.64	0.00	0.00	0.00	8	1	480	0	1	17
20120117_www.newstrackindia.com_09b376f9fbdb420dd698e70b05d9041f0616874e7234c88e99334115	96.76	94.15	99.52	84.62	78.57	91.67	837	52	4	22	6	2
20120112_www.washingtonpost.com_f7175bdb02eae7ca3a47a87655c79d451f44d1a4758b55052e72aa83	75.44	62.04	96.21	45.16	29.58	95.45	737	451	29	21	50	1
20120117_abcnews.go.com_02f75071c1cc07e05a78a2f1062f1499b8c7a7cd5e01b23a9d932bd0	9.76	6.13	23.94	33.33	30.00	37.50	45	689	143	3	7	5
20120112_io9.com_342f14a83f5f7c3c3d8fa26c5a5f46e591212ad7a8bb2e45d41daa47	3.68	72.73	1.89	0.00	0.00	0.00	8	3	416	0	1	7
20120112_thechronicleherald.ca_d70e1b649f68e7e94bdc11385d626de54df9ff6312ea7464457c55e4	50.86	34.36	97.83	57.14	42.86	85.71	768	1467	17	18	24	3
20120117_topnews.ae_60e71ed4515e93f5ae418efc8f91af85246a9e9daa63d9f8668f7367	93.46	90.56	96.54	75.00	75.00	75.00	307	32	11	6	2	2
20111215_www.walesonline.co.uk_8d91605236e7af55c0d28c54c1c1fcfefa87308d2f55ba1cbe0c7245	2.46	75.00	1.25	0.00	0.00	0.00	9	3	712	0	1	25
20120117_www.newsday.com_bd9a36f1d3fa8eeae139eabf18984c92b5fee713788fc1e6b479df0a	92.08	85.71	99.47	75.86	64.71	91.67	372	62	2	11	6	1
20120112_www.cbc.ca_0bcde571ac213d83e8f838480693af9d70c2ddc2b44ddd5221170be7	87.84	84.78	91.12	77.78	77.78	77.78	195	35	19	7	2	2
20120117_www.basingstokegazette.co.uk_9f95bd6b31caa6c22c8b78467947eb43fc3c27e87c476f41472b1090	73.96	61.88	91.91	52.63	38.46	83.33	125	77	11	5	8	1
20120117_www.sfgate.com_24e1213a9d551032be5ff810b012664630de7bd43e8f284e982daed6	63.01	51.04	82.33	26.09	15.79	75.00	368	353	79	6	32	2
20120112_www.barchester.com_4c4d0427e91d6004553087582714950ca37bb14a373c872a31053a77	6.64	88.89	3.45	0.00	0.00	0.00	8	1	224	0	1	10
20111215_lifestyle.myjoyonline.com_b5b6ed9b355b6a6cc165063e69e3751d6d208794a0584ae03c75329e	13.06	75.93	7.14	13.79	40.00	8.33	41	13	533	2	3	22
20120112_www.reuters.com_2d186f1bdc126e568e3394e1f1af926f58c39d8ccbe1ec0fe30ddec5	60.12	43.77	95.97	52.00	38.24	81.25	453	582	19	13	21	3
20120117_www.nursingtimes.net_38b101d69b9c9cfe1e114d0559971d9c8902ae2648a37d32788f46eb	93.07	88.27	98.44	75.56	62.96	94.44	692	92	11	17	10	1
20120112_www.nytimes.com_baf47ee30129c2c69980ac4def3977ca1e07a46f9c06a9e493e567bf	6.53	88.89	3.39	0.00	0.00	0.00	8	1	228	0	1	3
20120112_www.news-press.com_0c04426f510b39823ae14e53c9d17984f234d2c32df1e081386a2d77	86.22	83.07	89.63	62.50	55.56	71.43	363	74	42	10	8	4
20120112_www.eveningtimes.co.uk_6ae06c166470c5b4275e7da2ad0b8a141e265d8b28ac4aa7569fd339	13.79	60.00	7.79	36.36	66.67	25.00	12	8	142	2	1	6
20120112_www.nursingtimes.net_ca29bcc1ba37628c31cd89cd917e90fff298ae75980920811a12f434	93.28	87.92	99.34	64.29	50.00	90.00	604	83	4	9	9	1
20120112_www.dailymail.co.uk_6a455c7e61c1346482ba40d477706011eb2561af0d9818921e748b49	10.60	7.82	16.43	14.08	11.11	19.23	91	1072	463	5	40	21
20111215_www.google.com_8ad4138167b471c61549e62de2da82f1caf9d6fdebd33c02afb27c70	95.55	93.58	97.61	83.33	78.95	88.24	408	28	10	15	4	2
20120112_www.newstalkzb.co.nz_969d7ae1be36bfe4c30c9fc1ac89760b3822c295058c24b366e05a26	75.58	71.93	79.61	28.57	25.00	33.33	82	32	21	2	6	4
20120112_www.mirror.co.uk_8663691265499871d832ce0f04fa21b06218d200d99911ecead041a2	89.88	85.67	94.53	80.00	75.00	85.71	311	52	18	12	4	2
20120112_www.deccanchronicle.com_da4b4e7685d7a48f5ad320e14dcbcb15f6a8a98cd45fd798a8c6526a	12.15	30.61	7.58	80.00	85.71	75.00	15	34	183	6	1	2
20120117_www.foxnews.com_afd88d9ff26bde569ad8578614c9b61beaf56abf288bb42f8caf09d6	97.46	96.23	98.71	77.78	70.00	87.50	230	9	3	7	3	1
20120117_tribune.com.pk_8e315b727f49b50dfa980ef6488391d7e5735794b39fb5ac4e3d0428	65.71	50.83	92.89	43.14	30.56	73.33	457	442	35	11	25	4
20120112_abcnews.go.com_4735ad98695d777e63923731d5a16423868aad5704baa5ed79d98777	88.74	83.02	95.31	83.33	78.95	88.24	670	137	33	15	4	2
20120112_www.bbc.co.uk_11ac003bb189b173013ffe172a5f9d970511411776aa8a2240af5a06	81.48	72.96	92.26	66.67	60.00	75.00	143	53	12	6	4	2
20111215_www.webmd.boots.com_2805090080ec7ca0f50b4fdb245332f0d93d3818e08e7787940bfd3a	90.37	89.83	90.91	66.67	70.59	63.16	530	60	53	12	5	7
20120117_www.theglobeandmail.com_8c59ebceafadcfa87f6701a01405b73f13784564a6ec58f98208dfe0	84.84	81.99	87.89	61.11	57.89	64.71	428	94	59	11	8	6
20120112_www.winnipegfreepress.com_f785568958931d55422ffeb15b71ca9116ed2ad2eb734058b02090a4	91.98	85.87	99.04	68.97	55.56	90.91	723	119	7	20	16	2
20120112_www.guardian.co.uk_2da9855bcb31797fa476727a38f3291bae6e12f139c30c9fdce29580	0.56	88.89	0.28	0.00	0.00	0.00	8	1	2824	0	1	52
20120112_www.irishhealth.com_a361acaac9810b5100c62926d5649a6118027ffb60db7aef06c9df8a	5.39	88.89	2.78	0.00	0.00	0.00	8	1	280	0	1	11
20120117_www.healthcanal.com_8edecf312eef5bede6750ca9181875c2970b5e31b026251abfafa9c8	87.31	83.45	91.54	63.64	53.85	77.78	368	73	34	7	6	2
20120112_yourlife.usatoday.com_e8a5ad12c6630b952c1cbe67286f1f6d788fd681e836f6d807bdb143	2.50	44.44	1.29	0.00	0.00	0.00	8	10	614	0	2	14
20120112_www.independent.co.uk_224f87017b56cc4cb55e8039a1a6314296b5aff48f7f4ae79924bfbd	61.38	44.67	98.05	50.00	36.36	80.00	352	436	7	8	14	2
20120117_www.dailymail.co.uk_9e40ba53973df4419b48d86e95478a5c4cef943be06afb1f0bb8c467	9.36	12.96	7.33	10.34	9.68	11.11	60	403	759	3	28	24
20120117_www.webmd.com_0d9c995cb887514cfdd86a410c23334910a6b70382ec506577562fd0	3.58	15.46	2.02	0.00	0.00	0.00	15	82	727	0	2	19
20120112_www.medpagetoday.com_873994fea57f1921838fad1316c448b9102c2a8dae2620fd75303413	96.15	93.51	98.95	85.00	77.27	94.44	850	59	9	17	5	1
20111215_www.foxnews.com_df946aceb02b3f5fdf45cf23aaa92a1e8c0eff450eac22c459ff5243	99.20	99.20	99.20	88.89	88.89	88.89	248	2	2	8	1	1
20120112_www.montrealgazette.com_a00bac034dbcb0826e2ff48108e07a317aaef845e74312b563621b4e	7.27	42.11	3.98	0.00	0.00	0.00	8	11	193	0	2	9
20120112_twocircles.net_e952787cf52feb093284b1e08fa3e2bbf673634e3a36618d1e5ae5f7	86.58	77.07	98.75	64.86	50.00	92.31	316	94	4	12	12	1
20120112_www.nytimes.com_061e77b36ba562f36887601596fba176227c5e11001bfd4cda5dc993	2.32	88.89	1.18	0.00	0.00	0.00	8	1	672	0	1	18
20111215_www.managementinpractice.com_421454829cb75f32eef8f31f549a8c7d7c5d24694732c1888019acd9	6.66	62.50	3.51	0.00	0.00	0.00	20	12	549	0	3	16
20120117_www.thehindu.com_8b040e087a12de4d40f989bae180f0f17387a2d0e9645faa766e108f	80.00	68.60	95.94	71.43	62.50	83.33	520	238	22	15	9	3
20111215_www.dailymail.co.uk_7649c3f49d8273fca6eb44499d790769421004f1ed50404d7cf1ffff	11.94	10.56	13.74	10.96	8.70	14.81	94	796	590	4	42	23
20120117_www.theage.com.au_0049210621f02153b666a988fed86fa63c93213f53b3fbd2e16f75ed	5.19	88.89	2.68	0.00	0.00	0.00	8	1	291	0	1	12
20120117_www.timeslive.co.za_893bb50c7b91e8b82e215045de8580f9162b6ada30a3c21ba63e4167	61.25	48.94	81.82	77.78	77.78	77.78	162	169	36	7	2	2
20120112_www.guardian.co.uk_ed85aeb8e6073435855f5d682554f3b5905d7cfd035343cc27052ab9	5.53	59.52	2.90	0.00	0.00	0.00	25	17	837	0	3	30
20120112_www.smh.com.au_a06534b3c16eaf51c4fac344f19aebef34c49dc2d543a7f721bcf310	2.42	88.89	1.23	0.00	0.00	0.00	8	1	644	0	1	24
20120117_insciences.org_5a38d0d9d1f6c2efa76613a579a1d272a5e049b9a1b335572bddc86f	4.04	16.80	2.30	10.53	14.29	8.33	21	104	893	1	6	11
20120112_ibnlive.in.com_f950be00fcdabd04adcb105977662b15b9670d4580731ba46b6df8f7	5.50	45.00	2.93	50.00	50.00	50.00	9	11	298	1	1	1
20120112_allergies.about.com_88102a1ab73f5b15f96c77a675276d1c9fa99136710d86ce8cd8cece	95.07	91.63	98.77	44.44	40.00	50.00	241	22	3	2	3	2
20120117_www.publicaffairs.ubc.ca_960736fb4b55a2aef25f35953090a0abed467b5780f847eed52607a6	90.44	85.63	95.81	54.55	39.13	90.00	435	73	19	9	14	1
20111215_www.google.com_453dc5333df9263e7a38cab1675e8cc6945729c15c9b4861a5203573	94.97	92.35	97.73	72.73	66.67	80.00	302	25	7	8	4	2
20120117_www.deadlinenews.co.uk_46f85fba84210a9d8297175a51f0a455e02739a8acb325476f397dc9	91.81	86.73	97.51	74.07	71.43	76.92	353	54	9	10	4	3
20120112_www.bbc.co.uk_ad1db78d02be495a79ccaa71c7f97feca24c11fbb4743486ed5bc98d	94.09	92.32	95.93	86.27	84.62	88.00	637	53	27	22	4	3
20120117_ottawa.ctv.ca_185d58d6bafc8849152ce0430eeb8d243450e52025686429eca85123	47.81	31.68	97.37	60.00	45.00	90.00	519	1119	14	18	22	2
20120112_www.latimes.com_e85343665d685346620e87c39a9c9f6812c15a84e41f5bd37d86bf29	75.30	62.72	94.19	62.07	52.94	75.00	503	299	31	9	8	3
20120117_www.brecorder.com_4801b9e0afc780d1d7960bf690f894d021dc81cde930b60d977d047e	75.94	62.42	96.95	50.00	40.00	66.67	191	115	6	6	9	3
20120112_ottawa.ctv.ca_f8655d60b23aa3b109bef4b98aa48daa6a2c1b0e1710a57715054dbf	14.09	7.62	93.29	24.56	14.29	87.50	139	1685	10	7	42	1
20120117_www.mirror.co.uk_c3f826ea9cea6fbf59e17bca1670119e472c7e984c38bf7cc7369950	88.21	81.66	95.90	73.68	63.64	87.50	187	42	8	7	4	1
20120112_www.businessweek.com_a3c2447b038ee157ff05a6e38a9f1923422b8f38d0eb556eee61c7e8	88.80	81.20	97.97	53.85	43.75	70.00	337	78	7	7	9	3
20120117_economictimes.indiatimes.com_e2109c7328f2ed169f12e980884fd522d752b999667aca3a913a5a6b	97.88	96.86	98.93	82.35	87.50	77.78	370	12	4	7	1	2
20120117_www.vancouversun.com_5c5c8a2b675997c08c964a232714b1e2815473e93bf43e12e25d2ecd	2.43	56.25	1.24	0.00	0.00	0.00	9	7	715	0	1	25
20120117_www.sunderlandecho.com_11ef26314b2339538dba0edf09303ccba6fecc6d108cea306d79a8ca	79.16	66.13	98.60	49.41	33.33	95.45	492	252	7	21	42	1
20120112_www.forbes.com_9df15b8203b99aed7f5f16cf325910f94c8a9705a4f860d2f64d4dea	84.19	76.05	94.27	74.07	66.67	83.33	543	171	33	10	5	2
20120117_www.vancouversun.com_645c3e13b7ed69829ebfa404ab367f5d607585e3408017d5053f2cca	4.39	62.50	2.27	0.00	0.00	0.00	10	6	430	0	1	19
20120117_www.nzherald.co.nz_bf50a7c3faa7e7b961fa7b79d60c5a5c6bac6afd3c3fff1ad383ecb4	92.58	87.78	97.92	85.71	83.33	88.24	424	59	9	15	3	2
20120117_www.hudsonhubtimes.com_81a2ad8a87eed065c4f97bf6d0d7b432a82f3ad18974f116dca3197c	93.24	88.68	98.28	82.76	80.00	85.71	572	73	10	12	3	2
20120117_www.voxy.co.nz_64f99e60c3422776c249206a1764c6971075a8fb130b45d8d5d47153	5.97	88.89	3.09	0.00	0.00	0.00	8	1	251	0	1	8
20120112_www.nytimes.com_30ea681ec1f2ab872b3df28d1b564d0462ef30c3cc15b136cfd0ce7d	91.03	96.66	86.01	80.00	83.33	76.92	492	17	80	10	2	3
20111215_www.metro.co.uk_ff128efb71f99871a9fa169dfe705d91a2f03511fae894416f72e872	4.42	88.89	2.27	0.00	0.00	0.00	8	1	345	0	1	13
20120117_news.nationalpost.com_9c41a76b35f0bece9d7fe3cc2535a83c4623c27625b8f483ce92764c	92.31	86.35	99.15	72.73	61.54	88.89	234	37	2	8	5	1
20120112_www.dailymail.co.uk_f8b255be5b8a3e960e4dfd26706fa9958f441c373719abb15ffa4044	9.28	8.92	9.67	8.33	6.82	10.71	81	827	757	3	41	25
20120117_www.heraldsun.com.au_8126059a034413bbc5feda6c0972a2f4bcdc10a4a2966756524bdb9a	68.41	56.80	85.97	63.41	52.00	81.25	288	219	47	13	12	3
20120112_www.bbc.co.uk_370e10cd75d7a03b7bc85b98a0e95d013bf0d85ae93a5be07970dae4	86.44	81.07	92.57	73.17	71.43	75.00	411	96	33	15	6	5
20120112_www.cnn.com_b78b02dda94a0bb1c9af1b450bcee42ba27a409fbffe44a63f9a8983	96.64	99.04	94.36	85.00	94.44	77.27	720	7	43	17	1	5
20120112_www.vancouversun.com_a7a143f20a560992ca878cd0e6885e75ff1af630c7f58a543b227fe4	3.46	17.65	1.92	0.00	0.00	0.00	9	42	460	0	1	18
20120117_www.theglobeandmail.com_36ea6f6eaa3cef710ab028cb216c78e11fb821c228bf17694d43eedd	82.72	86.40	79.33	61.54	60.00	63.16	572	90	149	12	8	7
20120112_www.winnipegfreepress.com_f121c190f81259fa99612eb9152b0ac825793db04cd4b59b89c81bbc	10.24	20.73	6.80	0.00	0.00	0.00	17	65	233	0	13	13
20120112_www.ottawacitizen.com_18f1f1488b03dfd50b6ecf166a058c0b1ce363b539db75ff6733e5b8	2.21	45.00	1.13	0.00	0.00	0.00	9	11	786	0	2	19
20120117_m.smh.com.au_57f2c0b04d678f4c82e7fd29ffe36fde93311599c23e007af0365532	89.99	96.46	84.33	94.74	94.74	94.74	409	15	76	18	1	1
20120117_www.dailymail.co.uk_250e9a011bf4213fbe5b098b27130f7bf5d7f435e72f9deaad5ae28a	18.55	48.15	11.49	30.00	46.15	22.22	78	84	601	6	7	21
20120112_www.thelantern.com_b49a9c7f9d4771315e26a88430b005576a9a39a5432767d9a1591ca3	86.61	77.31	98.47	52.63	38.46	83.33	385	113	6	5	8	1
20120112_www.latimes.com_86590de2901a8e344e80e97320b29447c9e32973abca5f94e937e36d	50.14	36.35	80.78	40.00	27.59	72.73	269	471	64	8	21	3
20120117_www.vancouversun.com_f6fc048f5ef474ad6269dfe36c60d0dcc09d71b34e234d5b0f904448	4.01	56.25	2.08	0.00	0.00	0.00	9	7	424	0	1	15
20120112_www.guardian.co.uk_1dea54cb2bc43d561690560e0813621721c012ebd0fb1c8104978169	13.39	66.67	7.44	0.00	0.00	0.00	32	16	398	0	3	11
20120112_www.nydailynews.com_560098327943ada908b93cdf6817fc62425c05f81984b3a69f599a0a	28.90	17.17	91.20	19.05	11.11	66.67	114	550	11	4	32	2
20120117_www.therepublic.com_462638bd8246b7eedeb61fc13c6570fc3d0001fe9f9944719fc9810f	96.05	95.73	96.37	82.05	76.19	88.89	1167	52	44	16	5	2
20120117_www.radionz.co.nz_8f4cfaaed56962ae6a500d669bd618905f87346dda87037cf72e78b4	54.08	40.46	81.54	40.00	26.09	85.71	106	156	24	6	17	1
20120112_www.reuters.com_7a3ed76095e0102a7e0d096cf11f2a1e75c1376bc923de2879fa8700	56.57	62.50	51.67	50.00	53.33	47.06	310	186	290	8	7	9
20120117_www.nzherald.co.nz_e2d26048653a5baacec16d8d6ce2140a0aadcb05c4af0803b2625f06	87.65	80.29	96.49	66.67	62.50	71.43	110	27	4	5	3	2
20120112_www.proactiveinvestors.com_983802c35aa5afe93e2a85e759d02be06913749c233fe29eeb96188a	97.73	97.05	98.42	78.57	78.57	78.57	624	19	10	11	3	3
20120112_www.dailymail.co.uk_312178333630c1aae812202f6affe4de2fd6cd800ceabe34cad6cc90	9.98	6.20	25.62	12.00	7.32	33.33	52	787	151	3	38	6
20111215_www.google.com_c50d4f7677fffc9b7484502340de3b0f9a260d11719611e9f17b162a	95.90	94.09	97.79	75.00	69.23	81.82	398	25	9	9	4	2
20120112_www.latimes.com_4fc3f7c44882404f7f8748637fb8161f338c91bdb294af9c0398c74f	61.99	47.42	89.50	50.00	38.89	70.00	358	397	42	7	11	3
20120112_www.google.com_67ab2a5fb5ec4c1d92d352aba2b3b6963a455bc6fa881ad8f99b1126	96.08	94.58	97.63	81.25	76.47	86.67	454	26	11	13	4	2
20120112_www.stuff.co.nz_9b4fbd0f0ab4011910cbfcd80261b4fb2227a0ddd893e05e925c8df6	80.92	68.53	98.76	66.67	50.00	100.00	159	73	2	6	6	0
20120112_www.reuters.com_9805087f9c2bdf6ce2cee7f755b2f88f80ac2b09d470bc6fefeb9954	32.60	35.14	30.41	27.27	33.33	23.08	104	192	238	3	6	10
20120117_www.bbc.co.uk_0e2fefb1a9fc14934b311f00ca71bff7cc909fcacb09d097dafac787	84.35	79.95	89.26	66.67	61.11	73.33	291	73	35	11	7	4
20111215_www.bbc.co.uk_cef0d1619babf56ae2533742ef19512e3ecf3e818a4bcc3036bcf0c7	90.85	85.43	96.99	62.22	53.85	73.68	645	110	20	14	12	5
20120117_www.dailymail.co.uk_868c9443878fc41941fe65a4574ec9b012d876912874d4247b4b4258	12.32	10.22	15.50	13.04	10.00	18.75	64	562	349	3	27	13
20120112_www.newsandstar.co.uk_87af71c469ffa03161f85d93769c28c54d8c6685e696c81d02585bf3	3.77	66.67	1.94	0.00	0.00	0.00	8	4	404	0	1	17
20120112_www.sflorg.com_69d1e2e5f6f122887db7946844596f17eb2c74e413a3334539b76f05	2.74	88.89	1.39	0.00	0.00	0.00	8	1	568	0	1	15
20120112_www.indianexpress.com_3ebbb58ef7787735f565d87fa7d914d3181809a65a188920232cf435	15.02	53.33	8.74	20.00	50.00	12.50	16	14	167	1	1	7
20120112_www2.canada.com_061c2254d186cba1de8bc740da2f39c8df5b5bd530b2e1f27df8b166	17.40	67.78	9.98	16.00	33.33	10.53	61	29	550	2	4	17
20120117_www.bbc.co.uk_a7667a2dd7fab4c06608182e1704ddf4d1d2acc211ad5e97f9abf377	68.56	57.99	83.85	56.67	51.52	62.96	566	410	109	17	16	10
20111215_www.marieclaire.co.uk_0301be353cf37074e378724e6db3fc2f4dcdffcb6d695876516b1ea8	77.56	68.79	88.89	54.55	42.86	75.00	216	98	27	6	8	2
20120117_www.edp24.co.uk_cf53688f0ddfaada390a52d8d7f7fa7b40da6ef015999500807ff06f	92.87	89.17	96.89	78.57	68.75	91.67	716	87	23	22	10	2
20120117_www.odt.co.nz_93f5a1917311c28282a1f2c7912c2c554160045db323bde92b9aaa62	83.67	76.35	92.54	76.92	67.57	89.29	620	192	50	25	12	3
20120112_www.iomtoday.co.im_c5606ce4748c1b5e2be3e508a1b06af67461d8887fa4c27ecdf44502	52.39	35.85	97.32	22.22	12.73	87.50	290	519	8	7	48	1
20120117_www.independent.ie_77aa2a14f308dae5bd7b258322bdd455f3477d449671fd90280d9b07	4.45	55.56	2.32	0.00	0.00	0.00	10	8	421	0	2	16
20120117_www.google.com_9667d9c24318ed07ff13eb022b3d10796f03cdbf0dd8bfff59310578	93.94	90.84	97.25	72.73	66.67	80.00	248	25	7	8	4	2
20120112_edmonton.ctv.ca_544d41a827d7fd0d0bd2af150f9762dab35350867f0e55c21ac775c3	2.17	66.67	1.10	0.00	0.00	0.00	6	3	539	0	1	22
20120112_www.winnipegfreepress.com_d3aaf237c8360e10bd94e16808e6d49438f61f1501bebc3aa0289b0f	71.28	55.82	98.58	28.57	17.65	75.00	139	110	2	3	14	1
20120112_www.guardian.co.uk_65b7b5ad66fc92fcdc8cd6a289d65590c824c508ee901becca783449	8.50	57.14	4.59	0.00	0.00	0.00	24	18	499	0	3	13
20120117_www.bizjournals.com_c30980d4262c0ccdc79d548cbc4dfe17d5c6d7b62980d12d353ef9ae	70.66	57.29	92.18	47.06	36.36	66.67	165	123	14	4	7	2
20120117_www.guardian.co.uk_f67c60f60b69ff9f1bad8b64904021df55697b479250c39b831c3191	5.78	54.17	3.05	0.00	0.00	0.00	26	22	826	0	3	11
20120112_www.miamiherald.com_f9bee98cb7f78f08fc8e75634629d28c6cc109d0aa31d444031dd977	2.95	56.25	1.51	0.00	0.00	0.00	9	7	586	0	2	15
20120117_www.ndtv.com_9217541c6e041802716cd7470f536583e5bc5aca5234bf5802d9a31a	22.58	30.11	18.06	53.33	57.14	50.00	28	65	127	4	3	4
20120112_www.ctv.ca_212977300121cb60ac349698924e039bf25162fd18da3179df05166a	5.44	7.65	4.22	0.00	0.00	0.00	14	169	318	0	15	10
20120117_www.guardian.co.uk_fc352e3c04cb88c6627e38aa69093e73d732faa742edf95814454563	4.47	69.23	2.31	0.00	0.00	0.00	27	12	1143	0	3	29
20120117_www.thecomet.net_5b391a285e5caa070f6cca73c004844fa4463973740b0300162f65a6	90.96	87.69	94.48	45.16	38.89	53.85	513	72	30	7	11	6
20120112_ibnlive.in.com_09fad9c959056d10ec19c574be69fde6666617dfc01321c4e5620f9a	19.51	60.00	11.65	25.00	50.00	16.67	12	8	91	1	1	5
20120112_www.smh.com.au_d0f78d966103c3cb2e487699416e834f27469fed8f0e0749218c1cc5	6.58	88.89	3.42	0.00	0.00	0.00	8	1	226	0	1	10
20120112_www.winnipegfreepress.com_312294e70ef9fd00ed668ccfb5c89f5d28eb6c660916f044f7f548a2	84.44	74.09	98.15	50.00	35.00	87.50	266	93	5	7	13	1
20120117_www.dunstabletoday.co.uk_4eedc3a6179bbd2ffa837339987deffa8d97dff279b6bedf6930e6d7	54.47	43.74	72.18	22.22	14.29	50.00	192	247	74	6	36	6
20111215_au.news.yahoo.com_7ba45c98f6335a1c593e17752672e5ec5d561d1fbff35cd41648ffa7	2.16	80.00	1.09	0.00	0.00	0.00	8	2	723	0	1	23
20111215_www.guardian.co.uk_ec041a3edeca458419db6cb4dde71cd7452e42dc8b4433092b0e1db8	7.10	61.90	3.77	0.00	0.00	0.00	26	16	664	0	3	15
20111215_www.cbc.ca_6264e1e535a48110aee84a3640782736ff3920037273d743ac157719	89.08	86.83	91.45	70.59	66.67	75.00	310	47	29	6	3	2
20120112_www.marketingmagazine.co.uk_96fd908afe32f4e7f840febe777ae963ae37fe91334740e9acdbff9f	80.81	71.04	93.70	57.14	47.06	72.73	238	97	16	8	9	3
20120117_www.telegraph.co.uk_cd54a74e1100aec1ace442dbab89377297f39c00968c92be3efd2c3b	85.12	77.36	94.62	58.82	46.88	78.95	492	144	28	15	17	4
20120112_www.winnipegfreepress.com_136441b6d619d87485c05e17c0d3b6a8187aed870a0ca285bfb52647	7.46	23.44	4.44	0.00	0.00	0.00	15	49	323	0	10	10
20120117_www.guardian.co.uk_2db34db46735626bb17099f1e04a0b8a3614ac789391c9bfe3cfd4e6	9.51	59.09	5.17	9.09	33.33	5.26	26	18	477	1	2	18
20111215_www.economist.com_303e7a3288d2b109062b6ebcd0676f206e605325782fe0a181f02049	95.27	95.87	94.67	78.26	75.00	81.82	604	26	34	9	3	2
20120112_www.torontosun.com_91c106f56f21bc8531d5ccbf0a13cbe69e03b99196ba7e101de25ebc	7.32	75.00	3.85	0.00	0.00	0.00	15	5	375	0	1	14
20120112_www.whitehouse.gov_8a4f1f3cb5ec3c71b3480a56cbbff449d1973595033b728f7e82fadf	57.49	43.12	86.20	16.05	8.97	76.47	762	1005	122	13	132	4
20120117_www.theglobeandmail.com_c3fe22bd483d39744f5167a535f088dcf14bba58bec16fa0263b4594	80.56	82.25	78.95	57.78	56.52	59.09	630	136	168	13	10	9
20120112_www.cbc.ca_985f91ae25e09e716a9ce0ebaf13f3b665624571ecec84b96a02c37b	92.57	95.31	89.99	85.71	87.50	84.00	773	38	86	21	3	4
20111215_www.doctorslounge.com_15111bc542b72dd41c3c4b2c6fe3cff546b7114acc06414e73c1d028	87.61	91.38	84.14	50.00	38.46	71.43	297	28	56	5	8	2
20120112_www.upi.com_6bc0cec6f101a06f51f10a4f029ca1ede9c205c88cbda6fe24b3df82	66.31	54.71	84.16	70.00	63.64	77.78	186	154	35	7	4	2
20120117_medicalxpress.com_e90868732f31bc8286c67c05fdbc456e9b374ced94bb3999dd91baa9	91.54	86.70	96.96	72.73	62.50	86.96	1147	176	36	20	12	3
20120112_www.medpagetoday.com_aa700f3f9f132418c19d956b92e7eb611bc588a9508c5a40b5866f24	93.45	89.63	97.62	82.35	75.00	91.30	778	90	19	21	7	2
20120117_www.google.com_19aa0640b07ea6eb3987b8d6b9404183ceea2938464b7cc39defc095	90.07	85.00	95.77	77.78	70.00	87.50	136	24	6	7	3	1
20120117_tribune.com.pk_f982bbb2b1b6d22a3c33fba07b265a1c8be69562b8d48f773729c81b	71.05	57.25	93.63	62.86	48.89	88.00	691	516	47	22	23	3
20120112_www.australianageingagenda.com.au_150094aaab7e7d7c97de03a0a09cd7cf43b05fcb94360f56845c3451	72.78	60.65	90.97	57.14	45.45	76.92	766	497	76	20	24	6
20120117_www.sunlive.co.nz_3c48f558ca87f7ac2a9a687942948a7ef61fd35dd5f2d1d7c1aa0d23	38.22	25.32	77.92	21.62	12.50	80.00	60	177	17	4	28	1
20120112_www.bbc.co.uk_2fd5753588bcd3ba3776b6228b5ea295f7da0cfca206616b78f0dcbd	78.76	85.19	73.22	74.42	76.19	72.73	443	77	162	16	5	6
20120112_abcnews.go.com_ca192dd70c0168c3fb3b9d1368f8639f8d08d096411274279c13e5a7	93.23	87.75	99.43	88.46	85.19	92.00	695	97	4	23	4	2
20120112_calgary.ctv.ca_78e64b611dc5144c5172c519d9292e75405bc6e4e0e4f07ad2a9fef2	2.15	1.73	2.84	0.00	0.00	0.00	11	624	377	0	1	16
20120112_www.abc.net.au_ff741952f475153888649fb76bf2e79f320b35b575d19c91ffa35239	4.55	13.85	2.72	0.00	0.00	0.00	9	56	322	0	1	15
20120117_www.ctv.ca_a35ad8f1e7324913bc915620a77f658f9251e90ce04b2e26481a983d	6.75	11.97	4.70	7.41	7.14	7.69	17	125	345	1	13	12
20120117_www.nupge.ca_4c77177539fb6c459770af26a327d14c4d1eaaf87656de3226b15fa9	88.00	80.40	97.19	53.85	41.18	77.78	242	59	7	7	10	2
20120112_www.boston.com_606e55320555966ac0b51b84c1ca252f0201df165c674235ca03125a	95.87	92.74	99.21	80.00	75.00	85.71	754	59	6	18	6	3
20120112_abcnews.go.com_3a6a0eb843fbdd0cf4c05f9cf4fc3e325539f9a837029af6c52617c2	88.71	84.96	92.81	73.47	85.71	64.29	723	128	56	18	3	10
20120112_www.guardian.co.uk_fe4c86a6ff1334cd703e1fba09498b614fd4d8c6e9c5e1a1de4e114c	3.68	61.11	1.90	0.00	0.00	0.00	11	7	569	0	2	9
20120117_www.whatsonxiamen.com_ba0e4cea49bff71d8594d0f09657da0e7b73bb9ba4285d7dec1ac3b5	71.68	59.37	90.43	69.84	59.46	84.62	548	375	58	22	15	4
20120112_www.vancouversun.com_b485e4d763bfebcc1913826217da60fd9e9773675bdb336c2826cbd7	3.11	21.57	1.67	0.00	0.00	0.00	11	40	646	0	1	22
20120117_www.thetelegram.com_84e336661344c69f7d06dbf5d9ed920e501ed62e7b64b477e5b84dec	92.76	88.70	97.21	78.05	72.73	84.21	314	40	9	16	6	3
20120117_yourlife.usatoday.com_704d21574d01a67167c1582fb3590fc9497721570a41faaa3567da03	2.65	50.00	1.36	0.00	0.00	0.00	9	9	652	0	2	16
20120117_india.blogs.nytimes.com_72a69c84ecf4506792e5ceb8f6afb3d2b94e5d4c01a55e9869e03e4d	68.65	53.96	94.34	39.13	27.27	69.23	450	384	27	9	24	4
20120112_www.sabotagetimes.com_da830dfb205df2f71599d1c4aecc45c80fbd1d2ba8d2e60b05aa003c	75.97	63.06	95.53	72.00	60.00	90.00	1388	813	65	18	12	2
20120112_www.bbc.co.uk_fed2d4456144c04c9622e239524c1ee8eae2fdce2f3436eabad141bb	76.96	86.69	69.20	71.11	72.73	69.57	456	70	203	16	6	7
20111215_www.mirror.co.uk_f887e1936d0c1f680961f37b3abb04db60403537f320eb0ff964ec43	96.49	93.70	99.46	86.27	81.48	91.67	550	37	3	22	5	2
20120112_www.yorkshireeveningpost.co.uk_9a866a81bb685e50a97428a7f2560081a7592e85ca57c4fbc0ed4c2c	77.59	63.58	99.52	51.28	35.09	95.24	412	236	2	20	37	1
20111215_www.guardian.co.uk_3791c8c67c664abd757652c5675e6092ee08625e681177d7a4b4b68b	5.99	63.16	3.15	0.00	0.00	0.00	24	14	739	0	3	16
20111215_www.telegraph.co.uk_9bcaa3e3dcef2649906d23c1601f489bbac24913392be2b14e2a9a3a	11.92	13.02	11.00	0.00	0.00	0.00	22	147	178	0	20	7
20120112_www.publicservice.co.uk_971d853591cd37f6c9521317f8ef61a1f3915dcb903c30626a9cf5dd	90.03	84.69	96.10	66.67	55.56	83.33	271	49	11	5	4	1
20120117_www.lportepilot.ca_52a9cf5e2276b39a9cb7c9b3e6b1e8320ce5b5d88d5539ae8d4775f5	14.55	42.55	8.77	15.38	25.00	11.11	20	27	208	1	3	8
20120117_www.dailymail.co.uk_c34acbbc260a94c894ed42d9e6fc75a03c008fdf32e31f38a73a156e	28.71	43.41	21.45	33.33	33.33	33.33	89	116	326	4	8	8
20120117_www.foxnews.com_b35609e4d760d5a249f4bb6a2b83c0bbbf71cb72480598a225771c2a	85.33	94.12	78.05	86.67	86.67	86.67	224	14	63	13	2	2
20120112_www.mirror.co.uk_0e915ee902e421aef19a4b8a664f2c7536b78caa60bce0f72642dced	89.33	92.62	86.26	72.00	75.00	69.23	339	27	54	9	3	4
20120117_www.theopenpress.com_f9539b4ba770cb31fcc376022ea3c2996dacf42bf088e4df1615f985	83.77	83.15	84.41	53.85	43.75	70.00	444	90	82	7	9	3
20120117_news.nationalpost.com_74eaa2b17b3146369c04833892352093f12b0df130bbb61431de91b5	88.22	78.93	100.00	77.19	62.86	100.00	809	216	0	22	13	0
20120112_www.bbc.co.uk_3dab24877ffe3d24aee57e63eb9b5857a0d9836ce966a5d836040f59	88.02	84.36	92.01	75.56	73.91	77.27	426	79	37	17	6	5
20120112_www.google.com_9dd19dd19f4a840eb2f87caa1c3c5e6c4112bc4ca62f84017385581d	96.63	94.83	98.50	75.00	69.23	81.82	459	25	7	9	4	2
20120117_www.winnipegfreepress.com_3d2c24aeef2bf0ed60610f88eb47843cbc1976c6fb8fef769ef233b4	4.90	20.29	2.79	0.00	0.00	0.00	14	55	488	0	11	23
20120117_topnews.us_79cfa1c6466acf007f87bf67f0e374affc8120c151663dc2463d26da	92.92	88.17	98.20	70.59	66.67	75.00	328	44	6	6	3	2
20111215_www.guardian.co.uk_b36e55db3ad48406ceed89688831170e56512ba2c7de0cb6b93891d1	2.05	88.89	1.03	0.00	0.00	0.00	8	1	765	0	1	16
20120112_www.jarrowandhebburngazette.com_71c89c93cb008511004a762e5d1c15f4b60117914cff78d5e93f07d6	63.64	46.77	99.54	23.08	13.33	85.71	217	247	1	6	39	1
20120112_www.cnn.com_48eddc7c17447b70075c26a1a3b168243edcbfb28f01855583e24adb	94.66	97.45	92.02	81.48	91.67	73.33	496	13	43	11	1	4
20120117_au.news.yahoo.com_4aa7f002030a8673f4db18bfa24e0aa3d2911db35f4528fdd04edfe8	2.10	72.73	1.07	0.00	0.00	0.00	8	3	742	0	1	25
20120112_www.metro.co.uk_96d49010bd2a84ea46896494ced5e2ec29884c8e0edd43ddf1850015	88.00	91.67	84.62	80.00	88.89	72.73	220	20	40	8	1	3
20120112_www.scotsman.com_e74fa65d2a9e544286e9f237baadcb4e8becf848ee2b6603bc664d19	73.97	59.16	98.64	49.46	33.33	95.83	581	401	8	23	46	1
20120112_psychcentral.com_3a9cfac24bdf075bd32634d897361fd714e02fdcb50f17cb0aaf42ba	3.20	52.94	1.65	0.00	0.00	0.00	9	8	536	0	4	18
20120112_www.myfoxorlando.com_5316e9995f47bf3b13faa028459b28a6bb73c30e4d3c3475ed6a8a4a	93.30	87.61	99.78	81.48	70.97	95.65	912	129	2	22	9	1
20120112_yourlife.usatoday.com_55c1f30efcbbf616dd0d6952c512f8c5e67d1720e6e47bea6489f71d	1.94	44.44	0.99	0.00	0.00	0.00	8	10	797	0	2	20
20120117_www.thesun.co.uk_97b33a3732d80d84c9fef2b7e6c733d7b91a132347f3e9044f35f397	64.20	68.06	60.75	70.97	78.57	64.71	260	122	168	11	3	6
20120117_www.timeslive.co.za_a0912f9c500faf06ce1cf62da98d19dae1797e191b8de15189394c0b	70.32	66.42	74.70	81.08	83.33	78.95	443	224	150	15	3	4
20120117_www.radaronline.com_9184f5362e8be57a8f73f6a649b1511854ff899f95d144a59ad4d7b1	67.42	52.03	95.73	46.51	33.33	76.92	269	248	12	10	20	3
20120117_www.dnaindia.com_04710b4ff490dae30da92912687c1719baa1a6e07674fd1991ed7f4d	96.10	96.10	96.10	83.33	83.33	83.33	148	6	6	5	1	1
20111215_www.hi-mag.com_6ea8940a980c5a88125994f6499541148791f863a94d469ba4a0cf9a	4.30	72.73	2.22	0.00	0.00	0.00	8	3	353	0	1	11
20120112_www.manufacturing.net_ad45736475db03b9536eef3cdb34ccf60f9ef07dc912bcfcf4245260	2.42	80.00	1.23	0.00	0.00	0.00	8	2	644	0	1	19
20120117_ibnlive.in.com_c65401e744233a75f5a66e6ae61f696e97ececcc12d9cb41989677f9	4.81	45.00	2.54	0.00	0.00	0.00	9	11	345	0	2	10
20120112_www.google.com_5c2af7d81ade24ac0a6d705e205aca59813c67fba804f7b68e2e7455	93.77	91.55	96.10	72.73	66.67	80.00	271	25	11	8	4	2
20111215_www.bbc.co.uk_3ca58792bf38888e10ccbd352d0d8b3e434adb151e58dd5bb3f8106d	88.05	85.33	90.95	71.43	68.18	75.00	442	76	44	15	7	5
20120112_www.nzherald.co.nz_92a98794ce71cef4443a615e7e85c4f03b6e14112749bb4a700a1dce	83.15	81.19	85.20	66.67	66.67	66.67	259	60	45	8	4	4
20120117_www.stuff.co.nz_b0d183e283e09133e68cbc1853155aaff77a5a2dace064eaa1c3ff00	83.94	74.17	96.67	48.48	36.36	72.73	290	101	10	8	14	3
20120117_www.mirror.co.uk_f8be6c4657c4a99f9f21f241d17711deee8e523f57d65acfcb15c249	95.68	93.19	98.31	84.44	82.61	86.36	465	34	8	19	4	3
20120112_www.wgntv.com_475fcb0dc84d707e52e33598972f0e526d604e4705e070477983f0bc	85.82	75.62	99.18	66.67	50.00	100.00	121	39	1	4	4	0
20120112_www.washingtonpost.com_eee5361fb4852f29b7eb98e4d9949019eb19da0ace7c5a7aee0cea4c	75.95	63.86	93.70	35.90	23.33	77.78	758	429	51	14	46	4
20120117_www.nydailynews.com_dbfe488b757fbf3551f5c7b2dd4a68fbf3eb263f65d52756519d0ebe	85.79	87.89	83.78	78.05	76.19	80.00	341	47	66	16	5	4
20120112_www.dailymail.co.uk_ff9c182fecce89bc6d525676f170015ff98123b2bdc1f879edc21f07	3.70	3.54	3.89	0.00	0.00	0.00	30	818	742	0	43	26
20120112_www.deccanherald.com_d304064d4358383d7808f3bbf503c5826e0b7f489aca950e61bd9085	93.68	96.32	91.19	81.48	84.62	78.57	445	17	43	11	2	3
20120117_www.island.lk_8162a1b624866b5638873fee5cdfb747118e1c8575d7dd887af1a33b	83.66	74.61	95.20	37.04	25.00	71.43	238	81	12	5	15	2
20120117_www.tgdaily.com_0851f71842f41f2052d882d4156844d3fd5e123efe3982167bd6663e	91.13	88.86	93.52	80.00	76.92	83.33	303	38	21	10	3	2
20120112_www.cbc.ca_97b451f726d4c18b8f7459c91c8e3f2b4919a104b89b7f67e12e1c36	68.02	89.07	55.01	73.68	93.33	60.87	269	33	220	14	1	9
20120112_www.wcti12.com_d0aebf8b87325236ee29df29ddaa2eb34789a01904e1c209e98791ca	92.15	92.36	91.95	86.67	92.86	81.25	411	34	36	13	1	3
20120112_www.belfasttelegraph.co.uk_0ef4ec4b4b9d78605a3791b1b53eb1d2b2fd075ed44e802b118ee9e4	2.56	60.00	1.31	0.00	0.00	0.00	9	6	679	0	2	21
20120117_www.un.org_143b51c3684fd547bcde51cc7fe04f7f116a8a68bb7d831d4e3649c3	30.96	83.05	19.03	0.00	0.00	0.00	98	20	417	0	3	10
20120112_www.google.com_14cfd3cb4f12edb4e5a2b171b635ed1159404cd611b3e9ac7f5e86ae	95.86	93.86	97.95	75.00	69.23	81.82	382	25	8	9	4	2
20120112_www.leaderpost.com_d0f89b07583a3389aa1fb2b2a81da1f47d400e9192b74b0be5e025af	6.40	32.00	3.56	0.00	0.00	0.00	8	17	217	0	2	10
20120117_www.ghanabusinessnews.com_d09bdab2244e27eeaa32f4a185db97c1a235c11b54b1073a5884959d	93.77	89.51	98.46	76.92	71.43	83.33	128	15	2	5	2	1
20111215_www.guardian.co.uk_31b93cbfe27a3a985c316bb412d46ed3f95dedce5f7025956ac071f3	4.49	54.05	2.34	0.00	0.00	0.00	20	17	834	0	3	17
20120112_www.forbes.com_72b8b70aaa540585aabfdb414844299633f29d454e019d7fc7af9389	92.87	88.81	97.30	71.43	76.92	66.67	794	100	22	10	3	5
20120117_www.montrealgazette.com_2fee9fc5139f4e58e87b3a396028a869f78356060e0141259c5839e8	6.29	47.37	3.37	0.00	0.00	0.00	9	10	258	0	2	11
20120112_www.huffingtonpost.com_134580e5460d518c3321104c060d62c008a75a07e1d567e73ff5a7ef	69.12	55.75	90.92	56.41	42.31	84.62	591	469	59	11	15	2
20120117_www.penguin-news.com_375ac28c560fc04beb3fcc92cb02c1c9e4bec5918d952cf8b9a398b6	93.57	92.14	95.05	61.54	50.00	80.00	211	18	11	4	4	1
20120117_www.montrealgazette.com_a43a527070bdc6c5e87cbade806685dd8f225e3b1768786102f89ad4	2.24	42.11	1.15	0.00	0.00	0.00	8	11	688	0	2	22
20120117_www.sacbee.com_d47c90c533a794a05c1634ccff149222ebcc939b5cfc68eecf8274c2	4.29	88.89	2.20	0.00	0.00	0.00	8	1	356	0	1	9
20120117_www.winnipegfreepress.com_be7fd7a2212584780fcc85b7e50b430545b789b00b78b67a13d595d8	7.12	28.57	4.07	5.71	9.09	4.17	22	55	519	1	10	23
20120117_www.montrealgazette.com_a9fd53720eef6a3beb5af87f466cf208b31c74d9bef701fa0d149020	2.27	42.11	1.16	0.00	0.00	0.00	8	11	679	0	2	19
20120112_yourlife.usatoday.com_1516de67ca7051e7cf7c204cc89c1308cbf19f78c5887fd58842e37d	2.19	44.44	1.12	0.00	0.00	0.00	8	10	705	0	2	20
20120112_www.thisissurreytoday.co.uk_8de5e5ad20300334221f15813ff259633f180b3dd8cf4ea985b56ef4	90.49	86.28	95.12	55.56	50.00	62.50	195	31	10	5	5	3
