file	F	P	R	F.tag	P.tag	R.tag	TP	FP	FN	TP.tag	FP.tag	FN.tag
20120106_www1.rizospastis.gr_c3012ca8ca2a0968b8e9e79641f4699f8044d3a08a73dcbdfc81bf91	2.71	25.81	1.43	0.00	0.00	0.00	8	23	551	0	2	9
20120106_www2.rizospastis.gr_a7a091cc3d3f43051c1d9936b8c624431e06cc68b33122edaddc992c	2.89	25.81	1.53	33.33	50.00	25.00	8	23	514	1	1	3
20120106_www2.rizospastis.gr_3cb716eac237f1f7bcf5b28ff4d03f53d7ad825635a4075941062dcc	2.88	22.58	1.54	0.00	0.00	0.00	7	24	448	0	2	8
20111221_www.express.gr_473b6f39b78009b8a0db81b690d50d060be6df0afb48d985edfe8725	2.29	11.76	1.27	0.00	0.00	0.00	10	75	778	0	1	22
20120106_www2.rizospastis.gr_cc72f28afe32a750460efbacbda4d57b6edff351688288a36a59523f	8.26	29.03	4.81	40.00	50.00	33.33	9	22	178	1	1	2
20111117_www.express.gr_3a7503f984e19276fafaee944f124abc40f5019f6d714fe776d3e51c	2.92	8.24	1.78	0.00	0.00	0.00	7	78	387	0	1	14
20111128_www.express.gr_5ea35f8d3f8677bfe844c9e4048385563cb9ad1bc53664318a3a6743	2.94	10.59	1.71	0.00	0.00	0.00	9	76	518	0	1	9
20120105_health.in.gr_004c53da77f6a9296a961382585a3245aa5e4b1d2a8c27b2c0b05f0a	9.51	36.23	5.47	0.00	0.00	0.00	25	44	432	0	5	17
20120106_www2.rizospastis.gr_a0f860cb41ae2c3b953cf235d185cf1712018cc407b444ab1e827c1b	4.29	22.58	2.37	0.00	0.00	0.00	7	24	288	0	2	6
20111216_www.express.gr_64ac71e0d5681563f3e75768aee0872c9de9ccdb8d10e14c5ba86360	2.17	11.76	1.19	0.00	0.00	0.00	10	75	828	0	1	23
20120106_www2.rizospastis.gr_e5d6357544ca1d9a9d9402a219c058cd3f63a20c1dd410cc52e6d481	2.51	22.58	1.33	0.00	0.00	0.00	7	24	519	0	2	8
20120106_www2.rizospastis.gr_96b17e3dcadc28f81603031e63512767bbe5746b0f3084a84a743970	2.87	22.58	1.54	0.00	0.00	0.00	7	24	449	0	2	7
20120106_www.tovima.gr_5ccfcd5dc81da74ab6661a16fd7b3de18fc8d15ffaa35b40e3a7dbd0	4.38	20.31	2.46	10.00	33.33	5.88	13	51	516	1	2	16
20111115_www.express.gr_60c020d5a20cd32bc666c3802c29f4bf9f1ab818cbeca961cbfc3df3	2.61	8.24	1.55	0.00	0.00	0.00	7	78	445	0	1	8
20120105_www.tovima.gr_dbcf2d57f1b76bdc40669c282840a3409b8c518581e85ce81e4daf9f	6.64	24.19	3.85	0.00	0.00	0.00	15	47	375	0	2	13
20120106_www1.rizospastis.gr_626b66a3c33a4d73985317f4b6d4aba9ff0672358adca186c83815ad	3.29	25.81	1.76	0.00	0.00	0.00	8	23	447	0	2	8
20120106_www2.rizospastis.gr_c4a7903a237df85bb5d949b5e25e98697135c20e4a815f58682e75c4	2.23	22.58	1.17	0.00	0.00	0.00	7	24	589	0	2	12
20120106_www1.rizospastis.gr_dafd09614c48faabda09182993d6a6abaa82d1e9f3d718c92153a4cc	1.57	22.58	0.81	0.00	0.00	0.00	7	24	852	0	2	27
20120106_www2.rizospastis.gr_a3080aeaea1dd8ee4dd9e8839eaee10dc733e3f6999b3dda4ed6da14	7.24	25.81	4.21	33.33	50.00	25.00	8	23	182	1	1	3
20120106_www.ethnos.gr_44aae21960a8c7b7fffe2b0ee08830c11e2dfff034195fbfbc256ee4	2.85	47.06	1.47	0.00	0.00	0.00	8	9	536	0	3	18
20120106_www.tovima.gr_6d307fa8a293d2d3777242a012dd9c907afbe09ab654f0e6fe2b7e73	11.17	7.19	25.00	28.57	25.00	33.33	11	142	33	1	3	2
20111115_www.express.gr_56539caf20c6ff25edba98bb2a51a03dde06ae052798c5f91cb88e4c	2.83	9.41	1.67	0.00	0.00	0.00	8	77	472	0	1	11
20120106_www.sigmalive.com_be320757a36a7237f5e642f4df70bd00edf441e223aac4626bc69fab	84.32	89.63	79.61	72.73	66.67	80.00	121	14	31	4	2	1
20120106_www.rizospastis.gr_dbae745f644cb04526ce737e48bbcdf1455495bd43c6ee3c7407fdfe	5.76	22.58	3.30	0.00	0.00	0.00	7	24	205	0	2	4
20120105_www.tovima.gr_ad1ed3d7794d0ea47e0fa6cabd0d9b0550b14d5fcd1d46c3cd447730	4.36	19.35	2.46	0.00	0.00	0.00	12	50	476	0	2	21
20120106_www2.rizospastis.gr_f0622e0b95e1080529f45dac2940e1015b6d2ab446b56226a74f7be7	3.41	22.58	1.84	0.00	0.00	0.00	7	24	373	0	2	7
20120106_www2.rizospastis.gr_27192fd83b2742940e079905c57769efee7280c0f2a70e8b7fe1b109	0.80	53.85	0.40	0.00	0.00	0.00	7	6	1733	0	2	23
20111107_www.express.gr_20a584d29d10a3c203d5ca471a3c184d30d7b1a4e58779e002e0cbfc	1.69	7.06	0.96	0.00	0.00	0.00	6	79	620	0	1	11
20120106_www2.rizospastis.gr_cb4de93f7f3e81ea49fc237ed8b6e7f16854c7193f267fa2794e601e	1.82	22.58	0.95	0.00	0.00	0.00	7	24	732	0	2	18
20120105_health.in.gr_e8edbd1ecc4b35d45dc569b9758af3498eba78c3aed809bb0269a1c1	7.80	33.85	4.41	0.00	0.00	0.00	22	43	477	0	5	15
20111110_www.express.gr_fc9eda2e0ff459066717f3a54e84e0562bbbabbd8c77424f5111d1b6	2.90	9.41	1.72	0.00	0.00	0.00	8	77	458	0	1	8
20120105_www.iatronet.gr_beb0bb54d8d761e3ec3af448128046930f8fe7603e924044b256e322	74.42	62.34	92.31	44.44	33.33	66.67	48	29	4	2	4	1
20120106_www1.rizospastis.gr_e5604ddccf9bb60dfdbb5dfe1df2cfa18f7030f6f65f8ff52ba466a7	12.90	25.81	8.60	33.33	50.00	25.00	8	23	85	1	1	3
20111111_www.express.gr_256f9080fd01b4846351b84bb4129eff8bcca307d9deddbf786948bd	4.10	9.41	2.62	0.00	0.00	0.00	8	77	297	0	1	6
20120106_www.sigmalive.com_933d4d485b475e4ddc031824c7494f26cc52dad11af991fd6adc8baa	3.38	52.94	1.75	0.00	0.00	0.00	9	8	506	0	2	11
20120106_www2.rizospastis.gr_c44d5229886107a964158809a7762986d468cbec420700d03e3fef7f	2.40	22.58	1.27	0.00	0.00	0.00	7	24	545	0	2	7
20120105_health.in.gr_9aff1149c40ef5839c0c58532ceac309a5ea459588a12c3a24408ea2	10.86	33.85	6.47	12.50	20.00	9.09	22	43	318	1	4	10
20120106_www2.rizospastis.gr_b6790588a82e5a49bbeb17c84d2d9955724b60b3149ff61a623706f7	6.84	61.54	3.62	0.00	0.00	0.00	8	5	213	0	2	5
20120106_www.ethnos.gr_1084803ed0be38ec9e1cd259051c6724425a18b4729e37010668f164	5.02	70.00	2.60	0.00	0.00	0.00	7	3	262	0	1	8
20111207_www.express.gr_5a2b984dd7cae62f5e2aa1e96ffeb4a2232535a31b16445374f66c5f	68.61	77.69	61.44	57.14	80.00	44.44	282	81	177	8	2	10
20120106_www.avgi.gr_32758bb0414ec845fa2c99f6114bd72bfe5267d725c46c88b341b882	80.97	70.20	95.64	35.29	27.27	50.00	285	121	13	3	8	3
20120106_www.kathimerini.com.cy_1237811088607f097f4d460a3f33776468f75970e9775b9b4f2a42dd	10.33	14.47	8.03	0.00	0.00	0.00	11	65	126	0	20	5
20120105_health.in.gr_ce02e86026b514251d6e6f8541c9650917fc21da910b24778e3c6c83	8.68	29.85	5.08	0.00	0.00	0.00	20	47	374	0	5	10
20120106_www2.rizospastis.gr_38caad2915651ddcf48231eb5f4ab64cd6a7b92c8c02b513f402d29e	2.84	25.81	1.50	25.00	50.00	16.67	8	23	525	1	1	5
20120106_www2.rizospastis.gr_4c627406ff6c4cfec9c51f5085dd6caa44978ae56797a0fb64af7695	3.33	22.58	1.80	0.00	0.00	0.00	7	24	382	0	2	6
20120106_www.tovima.gr_7abd8f795d5f410943446e48770f6a123cfddb0f827dd8ca705708d2	5.38	7.53	4.18	0.00	0.00	0.00	11	135	252	0	4	12
20120105_www.iatronet.gr_592fa311de7833d5d1ece2963aa544e055bf7a765e7d0414c7c2bc5e	90.53	86.27	95.24	58.82	50.00	71.43	220	35	11	5	5	2
20120105_www.tovima.gr_07b79daa65528f984e29ec38a6e8e0118143b4371a485c802d651f7e	3.89	24.19	2.12	0.00	0.00	0.00	15	47	694	0	2	16
20120106_www.tovima.gr_526e56bd7f9e2305519228aca4dc084ed33a3ee06a1192f3a43644f6	4.24	10.96	2.63	0.00	0.00	0.00	16	130	592	0	4	16
20111222_www.express.gr_95ab89f215d2fbfc626d18e0207d95c6ae39e790098120fc76942422	4.51	10.59	2.87	0.00	0.00	0.00	9	76	305	0	1	6
20111216_www.express.gr_b3e6051f0dd31380ead5dabc3379f11543208e81c92d880417870d5b	1.28	9.41	0.69	0.00	0.00	0.00	8	77	1158	0	1	19
20120106_www1.rizospastis.gr_a0c46c9e11a7fe0ec70aca89596807dddb688b5ee5f21075f8563f54	3.32	22.58	1.79	0.00	0.00	0.00	7	24	384	0	2	5
20120106_www2.rizospastis.gr_06396d8fa53c5b4e72a96d668b31aa1ecf07ab9d94f8eb442ca04b5c	22.22	25.81	19.51	50.00	50.00	50.00	8	23	33	1	1	1
20111118_www.express.gr_f226bbc41a07c1a1f6e320e7fe083986f5535a367c8d18b006d92de8	2.07	8.24	1.18	0.00	0.00	0.00	7	78	585	0	1	17
20111220_www.express.gr_07fae9dc16db9e3fa4b72504291c46a4ab71234ff69751ad7f34badb	6.04	9.41	4.44	0.00	0.00	0.00	8	77	172	0	1	6
20111124_www.express.gr_41edb297aa4c3872c400d4cafdd44d524fc56f1c7c28eaf2c3ae6256	4.34	9.41	2.82	0.00	0.00	0.00	8	77	276	0	1	8
20120106_www2.rizospastis.gr_b2138c0b117a24a9b0c5c862bd74433afa9e267d5007d241ea613877	3.47	22.58	1.88	0.00	0.00	0.00	7	24	365	0	2	5
20111109_www.express.gr_6066839f4292469965d02e2879526a4fed12f6a8c4e1ba5ecc111893	2.30	7.06	1.38	0.00	0.00	0.00	6	79	430	0	1	9
20111116_www.express.gr_1db2023edf82f75860f86aaae5f4f7cd09cda3ce998e53aab61cef0b	1.87	8.24	1.05	0.00	0.00	0.00	7	78	658	0	1	12
20111208_www.express.gr_da882fcb03388a9eb9b305a1b9fe9172e88e3dd13a766f46dd793e21	2.45	9.41	1.41	0.00	0.00	0.00	8	77	560	0	1	12
20120106_www1.rizospastis.gr_3bceecc05f9f8ed4e10be7860293dab4aa6615fc4245f6889c0f75c8	6.08	25.81	3.45	50.00	50.00	50.00	8	23	224	1	1	1
20120106_www2.rizospastis.gr_65f79f0c8c9c7b88c9798ff946fe94a0aeb143d875f44cbc190102a2	3.35	22.58	1.81	0.00	0.00	0.00	7	24	380	0	2	9
20120106_www2.rizospastis.gr_59047665d06bfe2a79a6cb23a841225acd543f670882bf5c5b8b9d61	4.96	22.58	2.79	0.00	0.00	0.00	7	24	244	0	2	5
20120106_www2.rizospastis.gr_47c20c12563f82cfff24713ca108825f2bf598af601a270e78a7f104	2.83	22.58	1.51	0.00	0.00	0.00	7	24	457	0	2	7
20111209_www.express.gr_46ec12e526b67d96ff38821c694d5361d8be99ade2067b8430e7b960	7.44	9.41	6.15	0.00	0.00	0.00	8	77	122	0	1	6
20111108_www.express.gr_95662e961b75586f8d3cbf40783417e579e5f8568ff39355feb442a0	2.70	8.24	1.61	0.00	0.00	0.00	7	78	427	0	1	8
20120104_www.ethnos.gr_e448555d474b216bc3089149adc72d7919a6b993918f342124259b5a	3.06	44.44	1.58	0.00	0.00	0.00	8	10	497	0	3	12
20120105_www.iatronet.gr_98e29d2767115b1eec228b6b1d5324684f1e377a61ff2992511a092c	81.48	74.44	90.00	46.15	33.33	75.00	99	34	11	3	6	1
20120106_www.ethnos.gr_3b5f67cacc3ead1a2b0f7ea99e704b65e0b723d7cb2e54b567099190	6.40	42.11	3.46	0.00	0.00	0.00	8	11	223	0	3	7
20120106_www.madata.gr_7fe67e5cad2bb97f9591b75debb7ab74fb06fff553080d7225b5b28b	82.06	71.04	97.14	70.00	57.14	90.32	883	360	26	28	21	3
20120106_news247.gr_9642177fd2e47bb2f105ff5d29a24bed2818abacac9ae5a27f744f07	94.13	95.79	92.52	84.62	91.67	78.57	705	31	57	22	2	6
20120106_www.ethnos.gr_4acbe762fc9067b1ac711dc400e09f5624e11cb5cecba6dd3f11863e	2.92	80.00	1.49	0.00	0.00	0.00	8	2	530	0	1	11
20120105_health.in.gr_4a7cc31923297628d65e4bb867cc70cd36d4943d943638e7c5c67110	5.33	29.51	2.93	0.00	0.00	0.00	18	43	597	0	5	17
20111107_www.express.gr_a22334a5897264c602d403563a377b23fe209d1eaa1e49c06510ca16	3.95	8.24	2.60	0.00	0.00	0.00	7	78	262	0	1	8
20120106_www1.rizospastis.gr_082fa9016c2096df4877f57acc73575eeb7f61307349a2e66adb623b	3.43	22.58	1.86	0.00	0.00	0.00	7	24	370	0	2	6
20111117_www.express.gr_d2562f3c6adb36b590741e0ab5f74e301958cba3810017779b579008	3.91	9.41	2.47	0.00	0.00	0.00	8	77	316	0	1	7
20120106_www.tanea.gr_2743af7d3edc812bc1f95226dd820db129f103e1fdcbab4747d48ca2	83.41	92.08	76.23	62.50	55.56	71.43	186	16	58	5	4	2
20120106_www2.rizospastis.gr_1393daa49ac0bd1888f5ad8b1f4b0026ba2088affae82ba7ba875d33	2.81	25.81	1.48	28.57	50.00	20.00	8	23	531	1	1	4
20120106_www.ekathimerini.gr_66c892f03f51842a17d8f50b3b8d78773079414488f4cc26419290d5	95.18	94.77	95.60	66.67	62.50	71.43	326	18	15	5	3	2
20120106_www1.rizospastis.gr_6324ccce3bf2584356381cf2d0a9f6b1ec45b8e85264a46283e22608	3.54	22.58	1.92	0.00	0.00	0.00	7	24	358	0	2	5
20120106_www.rizospastis.gr_b3a2647643910af92a4e94aa6af092dd222b919c18104ca46e5148fd	6.18	25.81	3.51	40.00	50.00	33.33	8	23	220	1	1	2
20120106_www2.rizospastis.gr_153049d6282cedbdce143ef6cc1ab7ec8e554ca00af0955afcfd58a3	1.18	61.54	0.60	0.00	0.00	0.00	8	5	1334	0	2	19
20120105_health.in.gr_95529ecbcd447882db17066571410eaa5abb659669410269e309d7ff	6.79	33.85	3.77	10.00	20.00	6.67	22	43	561	1	4	14
20120106_www.kavalanet.gr_439c1c31f81f17eb2bdb5534dcc59a6da4532b05c6c6583b269e2c0d	53.67	73.36	42.32	0.00	0.00	0.00	168	61	229	0	3	11
20120106_www2.rizospastis.gr_6877174498b98fffd102234307b963b4319128796e784e3eb00bfdc8	4.07	22.58	2.24	0.00	0.00	0.00	7	24	306	0	2	6
20111129_www.express.gr_43bbae2ad58c174e903cf0f7a4aa96207a86cf2a5d488ae808d0f663	4.11	9.41	2.63	0.00	0.00	0.00	8	77	296	0	1	7
20120106_www.imerisia.gr_a2be2693cc9f782331507fb88a7ca0d4e2dab3c9785a50d64606b5e8	4.59	17.81	2.63	0.00	0.00	0.00	13	60	481	0	1	10
20120106_www1.rizospastis.gr_ceb3b16b1edb4e9c17c96cecb18c8b7485a80f353fa986a9dddd2259	3.57	22.58	1.94	0.00	0.00	0.00	7	24	354	0	2	7
20120106_www1.rizospastis.gr_e53ffb7a7f150345dfe882e7ef338f8e1063da6319be5301ce2eb2f9	2.61	22.58	1.38	0.00	0.00	0.00	7	24	499	0	2	9
20120105_www.tovima.gr_281d8eb32b804880b2e3872d312977d42de48ad934565abff355c4a5	4.60	17.74	2.64	0.00	0.00	0.00	11	51	405	0	2	19
20120106_www.rizospastis.gr_a5dd180392c350fc5216a1d567f4f5f10801947349d28f25e9103517	5.71	25.81	3.21	50.00	50.00	50.00	8	23	241	1	1	1
20111108_www.express.gr_8d87eac6228b913fedfc02679a661fc6e5549935017c9961eb77e303	3.16	8.24	1.96	0.00	0.00	0.00	7	78	351	0	1	6
20120106_www.rizospastis.gr_19eb948b0ebf60960660fdec71812591b074d933dd9428469fa12602	4.00	22.58	2.19	0.00	0.00	0.00	7	24	312	0	2	5
20111215_www.express.gr_c320a7f3e07dca9df780b5037300e0ff5707dd591963fc6c1e06583f	79.71	83.01	76.67	50.00	71.43	38.46	391	80	119	5	2	8
20120106_www.tovima.gr_e86e96f302600f04a179aed847390294542f51d1503da4b522c54ba8	4.08	8.50	2.69	0.00	0.00	0.00	13	140	471	0	4	11
20120106_www2.rizospastis.gr_6c1891ba7050580ca6c1d46be688b48b0f2000aac3b0b3eb370922bf	3.47	22.58	1.88	0.00	0.00	0.00	7	24	365	0	2	5
20120105_health.in.gr_2d5283f445d02655a1938ade9ef89594f9f3703bcccbcdab7e34ebef	6.37	25.81	3.64	0.00	0.00	0.00	16	46	424	0	5	11
20111103_www.express.gr_b790b5da5f6a30c85f59855f847023204bb8b8f289a2c430be3f8e10	3.12	9.41	1.87	0.00	0.00	0.00	8	77	420	0	1	6
20120106_www1.rizospastis.gr_efb243352900c75b75af5f47c36ab1410908dd5082cbde5280654b01	4.96	22.58	2.79	0.00	0.00	0.00	7	24	244	0	2	4
20120106_www2.rizospastis.gr_41d4e64dcd0c98b6230384caa2b7c344d9e5f29d2cede980c9903f76	1.23	61.54	0.62	0.00	0.00	0.00	8	5	1280	0	2	17
20120104_www.ethnos.gr_5683f335ca018cb298ef4c230fe01cd48e2cf9274e8b2a8102fd2861	2.29	41.18	1.18	0.00	0.00	0.00	7	10	587	0	2	18
20120106_www.tanea.gr_3636bb961fc41b8cea72f7318753d851c18e45d9733070b62bde3763	85.92	83.80	88.15	85.71	75.00	100.00	119	23	16	3	1	0
20111115_www.express.gr_acb32363b90ee8aed08fb756afea5c8f035162a21dbf9c4d89156667	2.18	7.06	1.29	0.00	0.00	0.00	6	79	460	0	1	9
20111124_www.express.gr_5b7195d8167087d0cac73874900dbaf94452577d900c917daddc2049	2.54	9.41	1.47	0.00	0.00	0.00	8	77	536	0	1	12
20120106_www.tovima.gr_778fc562195b4f5c513d5409326ea5f59cfda0cdfc2ac2803bb61467	5.47	7.84	4.20	0.00	0.00	0.00	12	141	274	0	4	8
20120106_www.healthierworld.gr_8f1ebb75121b55f2bf3e3904f7531de2e91e18ebcc2e8cac720e66d9	4.88	58.33	2.55	0.00	0.00	0.00	7	5	268	0	1	9
20111107_www.express.gr_dfc1885e3264b533a48748b5e2154a32e563195109ed7424a5340ac1	2.97	9.41	1.76	0.00	0.00	0.00	8	77	446	0	1	8
20111121_www.iatronet.gr_ac6cc5580cf7b6c946fcd9fc07097f52de72399d63ad4aaef285b4fb	85.49	89.49	81.84	63.16	60.00	66.67	383	45	85	6	4	3
20120106_www2.rizospastis.gr_802011dc8844d88519901fcb001b74d86ff3d3a1ceec7f2f606b8712	9.33	29.03	5.56	50.00	50.00	50.00	9	22	153	1	1	1
20120105_www.tovima.gr_52df3a2ac78fa224f229919e635bde144016f650c22f7b006f05b83b	78.14	83.53	73.41	65.00	72.22	59.09	497	98	180	13	5	9
20120105_www.iatronet.gr_a7fac937931bd32d79c8a3bfc62a8c40fa80040d39a0a4eb4217b899	78.69	66.67	96.00	50.00	40.00	66.67	48	24	2	2	3	1
20111223_www.express.gr_374762ff4e1b04230ae3e3f963a915f8bdc31896297eb788bb6fc9b1	4.08	8.24	2.71	0.00	0.00	0.00	7	78	251	0	1	6
20120106_www2.rizospastis.gr_8e1358b4af8ab46e79216e8c3e5c757a4e602d1a9fd24cadbc05a47e	7.41	25.81	4.32	28.57	50.00	20.00	8	23	177	1	1	4
20120106_www.ethnos.gr_b15e984c9d3ce172467f41784f3c1eb2d2d7b6605d9030ec1731d067	4.08	70.00	2.10	0.00	0.00	0.00	7	3	326	0	1	12
20120106_www2.rizospastis.gr_e9512e8ed6f6bd10b993373bec9cc17d175df950b960b0046e35da3f	5.17	22.58	2.92	0.00	0.00	0.00	7	24	233	0	2	5
20111220_www.express.gr_b653280ceb3725e0bf879e115a50c2f08b70fc2359a66f1489b29568	4.79	9.41	3.21	0.00	0.00	0.00	8	77	241	0	1	5
20120106_www1.rizospastis.gr_30d12031433cfe118d842ab19f305db0825668b5e0a57d6bf1e36f89	5.53	22.58	3.15	0.00	0.00	0.00	7	24	215	0	2	5
20111108_www.express.gr_f55f99a0ba28eafd617327ce280104e26403c489240a5b6a8f695838	4.17	7.06	2.96	0.00	0.00	0.00	6	79	197	0	1	6
20111125_www.express.gr_14f9f62d33e82fd04a24eae22121a78d1c99a4d02c2379150e9318f6	80.23	80.90	79.58	52.17	75.00	40.00	343	81	88	6	2	9
20120106_www.tovima.gr_5940ed0617315b880dbed5f098069a51cfe09eb6bdf4e07a2e64211a	5.13	7.19	3.99	0.00	0.00	0.00	11	142	265	0	4	8
20120106_www2.rizospastis.gr_4e4eaf02db02876450dc459fd997fb8c7cecbab449aed2ed2326526a	2.46	22.58	1.30	0.00	0.00	0.00	7	24	532	0	2	8
20111208_www.express.gr_7e6c81d6363b6b098fdb9209cb5e1eaeb8f6652188f39bed5a3fcc8e	3.33	10.59	1.98	0.00	0.00	0.00	9	76	446	0	1	13
20120104_www.tanea.gr_4856692393303ac0750faa08921b46275dbf7b8743a1784b3a02e16c	3.76	77.78	1.93	0.00	0.00	0.00	7	2	356	0	1	10
20120105_health.in.gr_84db9e562bf0c4d0615291729f4f4e7ea9f6bf332227db41acf2ea1c	21.19	37.88	14.71	60.00	60.00	60.00	25	41	145	3	2	2
20120106_www2.rizospastis.gr_d0eac29f1bac96e9ce4b5f20f280d7114946f07311a907d9cafcbe5f	1.94	22.58	1.02	0.00	0.00	0.00	7	24	682	0	2	11
20111124_www.express.gr_b265df49bdcd900f8f251ea5c3fefe09438ea7270187d1228ce54a87	5.52	9.41	3.90	0.00	0.00	0.00	8	77	197	0	1	6
20120106_www.tovima.gr_8cb36110ec08965bf63853a9febef058a14d3410fadd3b74fae577a5	9.86	11.11	8.85	36.36	50.00	28.57	17	136	175	2	2	5
20111110_www.express.gr_6731493104b964ea9ee16b34b11871b08ddca1452726df3e47a44c93	3.12	9.41	1.87	0.00	0.00	0.00	8	77	419	0	1	8
20120105_www.tovima.gr_6c13ebd6b1b775f164ce483856462aa70e0b621d6e1a83c136133edf	3.58	16.13	2.01	0.00	0.00	0.00	10	52	487	0	2	12
20120106_www2.rizospastis.gr_2a18d89155f262735d35e82738c20f88b2c5aed7ad87a9cd672b5df9	12.12	25.81	7.92	50.00	50.00	50.00	8	23	93	1	1	1
20111209_www.express.gr_9cacbe500f05dd8a84d8ceb89f45b220ba877c4bd9d37b07e1917200	4.07	9.41	2.60	0.00	0.00	0.00	8	77	300	0	1	8
20120106_www1.rizospastis.gr_021a03d9892b5122d55f70ae6d4cdad2674283c2ec16b6f7aae4e54c	7.69	25.81	4.52	40.00	50.00	33.33	8	23	169	1	1	2
20120106_www1.rizospastis.gr_e769aa28eac392e0799b29ca6171a3fb529a867e5978ecf9d47e56e1	3.87	22.58	2.11	0.00	0.00	0.00	7	24	324	0	2	21
20120106_www.gazzetta.gr_08c549a0919d357dd41899a171b9bd889cc8a0b0fff492502324918c	4.42	3.52	5.95	20.00	50.00	12.50	10	274	158	1	1	7
20120106_www.iatronet.gr_7b13aab24b934713b4482ff88814ae5abc0c5d616377b401392a5b08	78.80	65.98	97.79	66.67	51.92	93.10	931	480	21	27	25	2
20120106_www.ethnos.gr_a42db6b3ddeedd18a628ff1a3885527ca306bc24806702e14105a9f8	3.54	47.06	1.84	0.00	0.00	0.00	8	9	427	0	3	10
20111230_www.express.gr_c0f338f1ae6dc751438af63bf1597e1d3d616482420662d253c1735f	5.90	10.59	4.09	0.00	0.00	0.00	9	76	211	0	1	9
20120106_www.tovima.gr_755883832374b7f11e02561b77076936a5c5561df0d3115825ab1b2e	6.65	8.90	5.31	0.00	0.00	0.00	13	133	232	0	4	9
20120106_www.tovima.gr_1eb5534d2cbe955ec6ae37fd69543c89eb1ad465f855145f167ccd90	5.73	17.19	3.44	0.00	0.00	0.00	11	53	309	0	3	12
20120106_www2.rizospastis.gr_7e8a0d053145e23ee184f445fcbe04cc4f3ca0381c3a43480af6b3f9	7.24	25.81	4.21	33.33	50.00	25.00	8	23	182	1	1	3
20111109_www.express.gr_2376175721162e688c97059cfb03f2837079f90a08aa9f6367da76cf	2.70	7.06	1.67	0.00	0.00	0.00	6	79	353	0	1	7
20111209_www.express.gr_f212a6708594ea38e73b3fe1314db81c8589616b9328807d08c6d7e2	84.35	83.06	85.68	56.00	77.78	43.75	407	83	68	7	2	9
20120106_www2.rizospastis.gr_92c6d53173a3dde62f6b1f10e9bc3d63ad18a1fbfc0593cf938cd84c	5.57	25.81	3.12	40.00	50.00	33.33	8	23	248	1	1	2
20111111_www.express.gr_9477f83c4114b83ec491f8dd605341de29bb64cb0e5b56efa78e03e8	2.86	8.24	1.73	0.00	0.00	0.00	7	78	398	0	1	5
20111229_www.express.gr_e89708756b62de16c045024abce18962f4887cceb384ba4d436dae93	3.42	10.59	2.04	0.00	0.00	0.00	9	76	432	0	1	8
20111103_www.express.gr_00432316609d53b9b165a50c0f43ba303c9d4babab967870dac4c878	2.77	8.24	1.66	0.00	0.00	0.00	7	78	414	0	1	9
20120105_www.iatronet.gr_6682b2563f1e08d6fc34d95f38dfe00e0168e0d2dfa2b37c33c8f0da	79.19	69.41	92.19	40.00	33.33	50.00	59	26	5	2	4	2
20120106_www.madata.gr_4a84a307028016904aae04b4c8eea2f151bc26c63e1e71df15a7a8a9	32.88	20.39	84.85	20.00	13.33	40.00	84	328	15	2	13	3
20120106_www1.rizospastis.gr_47e68d4610bab629936a8ee14bfc94672c7600f69963505a6348049a	3.30	25.81	1.76	0.00	0.00	0.00	8	23	446	0	2	8
20111229_www.express.gr_b611ea42be0555cfff74b352778168e2970dfefc4b9e88492e7bb17f	2.94	10.59	1.70	0.00	0.00	0.00	9	76	519	0	1	10
20111206_www.express.gr_fe5aaffb179cb79d777721a048b5fe804bb1bf6c8201e3611fa83eb7	65.47	77.66	56.59	70.27	81.25	61.90	292	84	224	13	3	8
20111121_www.express.gr_f9655722c07bbf29cfdfdc1beca6c36af03ae03d33da430619e3b424	1.08	3.53	0.64	0.00	0.00	0.00	3	82	466	0	1	8
20120105_www.iatronet.gr_3c658790e4145694b954a2018111cf5dab6c85e8da48b0d9a9957e9f	84.93	86.11	83.78	72.73	80.00	66.67	62	10	12	4	1	2
20120105_www.iatronet.gr_b14375ab46160ef5bfa6ad36b032440f1a35cab51049b090d00c1251	80.00	68.42	96.30	50.00	40.00	66.67	52	24	2	2	3	1
20111221_www.express.gr_069b684b39c02aaecedd887d39bbcabf1b78e4e33f2cb0fc602a7970	4.94	9.41	3.35	0.00	0.00	0.00	8	77	231	0	1	7
20120106_news.in.gr_b383053cb8a5cfaed77a3c484a291f9b048e9b6ad6fb0356eb5c42bc	12.42	27.54	8.02	12.50	16.67	10.00	19	50	218	1	5	9
20120106_www.gazzetta.gr_ea4afc824e8faac366c2da2ece24ca990251ccdd555ea51a8e647efb	6.03	4.55	8.97	20.00	50.00	12.50	13	273	132	1	1	7
20120106_www2.rizospastis.gr_540c1430ae93ee9b654f98ab6652d5ba0afe0afef7a919cb6de82216	6.27	69.23	3.28	50.00	50.00	50.00	9	4	265	1	1	1
20120106_www.tanea.gr_d60bfacbf5fe60959518fa29c45294f3545a0fe1531af25daffb1863	5.18	34.78	2.80	0.00	0.00	0.00	8	15	278	0	3	7
20120106_www2.rizospastis.gr_df3146054cbda7e9058cbba3a075af40f57fc82b67ea721da0305cbf	6.35	61.54	3.35	0.00	0.00	0.00	8	5	231	0	2	4
20111219_www.express.gr_36151b6ff7434e17bcc491b8f8d581a4389e87211b7f28e84e5ebac8	2.11	9.41	1.19	0.00	0.00	0.00	8	77	666	0	1	9
20120106_www2.rizospastis.gr_2bc56259d925e38b2f096ed4233e8951545100cf50ea2b55de1da2b7	2.23	22.58	1.17	0.00	0.00	0.00	7	24	591	0	2	10
20120106_www1.rizospastis.gr_aadc308f71018447452ad6fb40067cf4dd6d6d31be27f50a2d32b713	1.71	22.58	0.89	0.00	0.00	0.00	7	24	783	0	2	13
20120105_www.tovima.gr_09ed421a7f788e6271d6b95c3e691151012f2444cddceaec0d1f6583	5.03	25.81	2.79	0.00	0.00	0.00	16	46	558	0	2	22
20111222_www.express.gr_4d10b42a2ff71ce8ae177ae35a1b3a9696e59cba580a3eef8910038e	5.19	9.41	3.59	0.00	0.00	0.00	8	77	215	0	1	6
20111121_www.iatronet.gr_a359fea8cec89bca54e31c033e9688d9c666729ac3983054a7c5957a	83.17	76.61	90.97	71.43	62.50	83.33	131	40	13	5	3	1
20120105_www.iatronet.gr_d5cd556d7fa19bb67de03c43848019f43d36c51914e14f3331d35d65	75.20	61.84	95.92	28.57	20.00	50.00	47	29	2	1	4	1
20120106_www.sigmalive.com_706667b30210baedb84142980667c475d49778c1d8a085ee6a5c274d	2.60	53.33	1.33	0.00	0.00	0.00	8	7	592	0	2	18
20120106_www2.rizospastis.gr_e5563fdfa8d064db1c5e31fef6b5477f92e8fd3acf6304c327db26b5	4.09	22.58	2.25	0.00	0.00	0.00	7	24	304	0	2	11
20120106_www2.rizospastis.gr_a1a26f86a33c6a34853eaea42092a9963f9085a492a93cfa6bec8c5d	2.24	22.58	1.18	0.00	0.00	0.00	7	24	588	0	2	18
20120106_ygeia.tanea.gr_98b58c7da7ca2ec61067a99a266939be511fb5a5c4fe3863680042c0	94.15	92.53	95.83	75.00	75.00	75.00	322	26	14	9	3	3
20120106_www2.rizospastis.gr_987eb735663b2778b1d789a57bf7c111241aa8c44270b4d6196fb144	2.15	22.58	1.13	0.00	0.00	0.00	7	24	613	0	2	12
20120104_www.ethnos.gr_41c1158cb5999496f2b3c118f71758cfa6578f69df655d583c9f04ab	4.76	38.89	2.54	0.00	0.00	0.00	7	11	269	0	3	9
20120106_www.tovima.gr_00f8666084f9c41f6d9145a78c5b5d9126027542441e457f57a2fa9f	4.01	9.15	2.56	0.00	0.00	0.00	14	139	532	0	4	16
20120106_www2.rizospastis.gr_b3ebfe01d7238d8801c3ceb926f44d3b8179ef45ce38c791b085097d	1.72	22.58	0.89	0.00	0.00	0.00	7	24	777	0	2	14
20120105_www.iatronet.gr_3ae12d87cee7ca736bd9e95dfcf7b297cd86198eeff9c1c23d5a06d9	78.20	65.82	96.30	44.44	33.33	66.67	52	27	2	2	4	1
20120106_www.imerisia.gr_5b2ec712d4b755430be0f5536db84e99522b3d723286d2793ea92058	2.72	16.44	1.49	0.00	0.00	0.00	12	61	796	0	1	17
20120106_www2.rizospastis.gr_ab25098eb16959b61f71e7c2f1b79cad7d068f0cbb7db91c4774ae51	7.51	25.81	4.40	28.57	50.00	20.00	8	23	174	1	1	4
20120106_www1.rizospastis.gr_3e2bbbd8d5cb24dbfc5c6fc857b1d03875a6c8d8b3c64991971a6a31	5.49	22.58	3.12	0.00	0.00	0.00	7	24	217	0	2	4
20120106_www2.rizospastis.gr_175ef58f03c5ec5eb5f21ecbd79a8713f911f090da7ee742412b847a	3.53	22.58	1.91	0.00	0.00	0.00	7	24	359	0	2	5
20120106_www2.rizospastis.gr_c352ca0c0cc3030f7761de320e1c1825c6f85c3dd5bfe13daaf99b9a	0.62	61.54	0.31	0.00	0.00	0.00	8	5	2554	0	2	39
20120105_www.tovima.gr_e86e96f302600f04a179aed847390294542f51d1503da4b522c54ba8	3.73	16.13	2.11	0.00	0.00	0.00	10	52	464	0	2	10
20120105_health.in.gr_c46670d6a0dbfb0d3ed686dd447da10856af76a947ff3f61cb6956a9	12.01	30.30	7.49	0.00	0.00	0.00	20	46	247	0	5	8
20111109_www.express.gr_a5406a8d760df5c8f1ca77c7e5671bd70adc898b907cef3fa9d6894f	3.21	8.24	1.99	0.00	0.00	0.00	7	78	344	0	1	8
20120106_www1.rizospastis.gr_a66540e5c02b4b77e798998767348ba94e0183e7eb823c14ee211350	0.22	22.58	0.11	0.00	0.00	0.00	7	24	6344	0	2	73
20111118_www.express.gr_b1d00a3c56c49cd86bcf9653724333eb6a71e93b6da21e030198d6c0	3.53	11.76	2.08	0.00	0.00	0.00	10	75	471	0	1	11
20111110_www.express.gr_004288b23e8124db70326e1ab7a0a03f5d153453798f7598c3c548b9	3.39	8.24	2.13	0.00	0.00	0.00	7	78	321	0	1	7
20120106_www.tovima.gr_44cda937d91ce60e3c1445ec47ba270634f8fcfe3ba582a7d9e9bf99	4.47	20.31	2.51	0.00	0.00	0.00	13	51	505	0	3	16
20120106_www2.rizospastis.gr_207a2c2e5a14bcb14e360f2913c0761321c2fbe1c07aa6807136fa87	2.51	22.58	1.33	0.00	0.00	0.00	7	24	519	0	2	26
20120106_www.ethnos.gr_0710aec251283d5eed5180a4665fa59e885d40dc7c75840e6971c723	7.08	80.00	3.70	0.00	0.00	0.00	8	2	208	0	1	8
20111222_www.express.gr_cbb1bc7cc4b02645bf465743537fcdc1ad8251d3f4890f0e865f9e4d	6.85	12.94	4.66	0.00	0.00	0.00	11	74	225	0	1	6
20120106_www.kathimerini.com.cy_8ded27b855005117ea8cb17e663d58176100e779765a4edc88639a85	9.66	13.16	7.63	24.00	15.00	60.00	10	66	121	3	17	2
20111110_www.express.gr_524763985528fc595aa2eb584bd3a46f398b40073458ef6c521430bf	1.86	8.24	1.05	0.00	0.00	0.00	7	78	660	0	1	15
20120106_www.tovima.gr_743ded6e97f5182f3a2011cdd167996edc192c096917e935f1140f78	5.35	9.80	3.68	0.00	0.00	0.00	15	138	393	0	4	15
20111108_www.express.gr_05963c5c8f8e6c81583d2f0d1516236a680d1f2bcf814a5e9c3cd66e	3.00	8.24	1.84	0.00	0.00	0.00	7	78	374	0	1	7
20111202_www.express.gr_f029245942ee5e82f8bb398a4f8e7b4e9489c673f5e13f30816469f0	57.61	67.69	50.14	61.54	75.00	52.17	354	169	352	12	4	11
20111205_www.express.gr_b669808e9650e397551acabb032c65d63dba53ccc910d40902cee95b	5.32	9.41	3.70	0.00	0.00	0.00	8	77	208	0	1	6
20111104_www.express.gr_374193c3be99145c215b4474444c811d3f83b20ab84040d701ee7a21	2.53	9.41	1.46	0.00	0.00	0.00	8	77	539	0	1	7
20111228_www.express.gr_91844eaf591aafd47722010a53052af617c7d3b1344e13d0d5f1e422	4.27	9.41	2.76	0.00	0.00	0.00	8	77	282	0	1	11
20120106_ygeia.tanea.gr_895bdbab456571b6ba8bbfccf42a7a4217e64a02b0be91c3631f21d7	97.00	96.48	97.53	80.00	85.71	75.00	712	26	18	18	3	6
20111214_www.express.gr_87100ba7f8ccb4d12fdd727a588bb5f475b081b539784920d3e3d202	6.78	9.41	5.30	0.00	0.00	0.00	8	77	143	0	1	24
20120105_www.iatronet.gr_4d796b56bc5459bdc651928263d79cb6923e3481e78bea4612d58bd7	80.00	68.42	96.30	50.00	40.00	66.67	52	24	2	2	3	1
20120106_www1.rizospastis.gr_6c8418e0c9de1caebf7d1014ac85cc2dfdb189305fec9b9eb2f46714	6.30	25.81	3.59	50.00	50.00	50.00	8	23	215	1	1	1
20120106_www.avgi.gr_3cc4bf6093a74036e685b4709dae2c2f5d4c07e66a987333b7edf9a9	70.02	55.80	93.95	26.67	20.00	40.00	202	160	13	2	8	3
20120106_www2.rizospastis.gr_a096022539ce8a38357c9ffd0d98f001a4a68a9fa0ecfcd6dc127cc2	3.00	25.81	1.59	28.57	50.00	20.00	8	23	494	1	1	4
20120105_www.tovima.gr_0b43a77264cbda661352d3107e0780bf022a85487de5046c114de7ce	4.09	14.52	2.38	0.00	0.00	0.00	9	53	369	0	2	9
20120105_www.iatronet.gr_5eec159d756e40bbe033d83be4fe03418495c4dc5af85999663a58f0	82.67	72.09	96.88	50.00	40.00	66.67	62	24	2	2	3	1
20120105_www.iatronet.gr_23464b6d55853b749a8b1e0be1ba84bf1b0a850621da453dee215dad	89.80	82.35	98.72	57.14	44.44	80.00	154	33	2	4	5	1
20111110_www.express.gr_0c53167360f973c556ac16cb24a5889800377524260e1fb79ff8a842	3.25	9.41	1.96	0.00	0.00	0.00	8	77	400	0	1	8
20120106_www2.rizospastis.gr_f5d9e8187b20c39407b443235f3819b54ae6a1e36cab96ab1d948752	9.36	25.81	5.71	33.33	50.00	25.00	8	23	132	1	1	3
20111211_www.express.gr_0d2742fbb769047d9c957a0f2cad86f8091cd95db2b7dd02aea402e0	3.63	9.41	2.25	0.00	0.00	0.00	8	77	348	0	1	6
20111220_www.express.gr_7d9d7f5bab474e00ca1586c589abfda1c4b0155a7ba8cbca568097a2	2.94	10.59	1.70	0.00	0.00	0.00	9	76	519	0	1	12
20120106_www1.rizospastis.gr_25e75c59e84818b25bc3ac4dfadb217ccadb83f07c4c5e1736d90c6c	2.25	22.58	1.18	0.00	0.00	0.00	7	24	585	0	2	9
20111124_www.express.gr_b3b0b46160797ac992227af3a7b80c59f959cc8d72d94a439cc59e4d	3.96	9.41	2.51	0.00	0.00	0.00	8	77	311	0	1	7
20111103_www.express.gr_c61012b55d72b56911132fdce606fca3b88af9af03cbfd839df60fcf	2.14	9.41	1.20	0.00	0.00	0.00	8	77	656	0	1	10
20120106_www1.rizospastis.gr_145b3f95f91f38806a381c0a5d948524d0d31b82456e504ebe531526	4.72	25.81	2.60	33.33	50.00	25.00	8	23	300	1	1	3
20120106_www2.rizospastis.gr_472bebbb3bde3519feba48dd832bf5562f2a8ffe11b80578ef8cd451	10.39	25.81	6.50	40.00	50.00	33.33	8	23	115	1	1	2
20120106_www2.rizospastis.gr_15e09c5191562721dc271c7419642f4682e5f4d35452267b4c8417c9	4.53	22.58	2.52	0.00	0.00	0.00	7	24	271	0	2	4
20111109_www.express.gr_060b6fabbaed834d9aab87a2e99f17ff7fd02bcd00ec63d6932533b7	2.37	9.41	1.36	0.00	0.00	0.00	8	77	582	0	1	15
20120106_www2.rizospastis.gr_fe781b3c38a2199759a4bf3cfc2b42a5ac87dad7c530940307653f0b	1.27	61.54	0.64	0.00	0.00	0.00	8	5	1239	0	2	27
20120106_www2.rizospastis.gr_ed2b7239f505720e152a418a4cbe4685000be53adfcb01e45bfea1e0	2.89	22.58	1.55	0.00	0.00	0.00	7	24	446	0	2	8
20120104_www.express.gr_b5d0f82fd2a1eb5030314ed1f18c6d41ef99e214e05ac1ad56381234	2.50	88.89	1.27	0.00	0.00	0.00	8	1	624	0	1	14
20120106_www1.rizospastis.gr_9bee46ba264b3073b643e84da3e0fdd95a2fa0977fb7489b57d04e88	16.49	25.81	12.12	50.00	50.00	50.00	8	23	58	1	1	1
20120105_www.iatronet.gr_337af06773b53fbd71a24f9afab26564ba117c2f81d2b526f9d08121	79.14	67.07	96.49	44.44	33.33	66.67	55	27	2	2	4	1
20120106_www2.rizospastis.gr_f07c6ea188bee2759e1882bc3e1ed48a9d503e0731f9ea4102592b9a	1.83	25.81	0.95	0.00	0.00	0.00	8	23	836	0	2	16
20111121_www.iatronet.gr_daefc5bd65a1d9515057b7a1afbf8d982af1d43e9005e12c065047f8	46.86	70.69	35.04	72.73	66.67	80.00	82	34	152	4	2	1
20111121_www.iatronet.gr_5eeec604a37e3ad124a6a86455086bc1b3f8aaebe2a1b3e4e20f03c2	58.45	77.58	46.89	71.43	71.43	71.43	128	37	145	5	2	2
20120106_www.tovima.gr_a909b8f3df1e94341cfaa7fbecabb510252279fdea3f2ac2ac842bbd	4.94	14.67	2.97	0.00	0.00	0.00	11	64	359	0	4	10
20120105_health.in.gr_d0530b7dc9d3e8806ed8ea3e4a42598a6bb41a4926ac876875d9ef3b	6.42	23.73	3.71	0.00	0.00	0.00	14	45	363	0	5	8
20111208_www.express.gr_7f8b8764037bad1ff59f3af30fa310cb1e02ad353f65d35bf4dff14f	7.66	9.41	6.45	0.00	0.00	0.00	8	77	116	0	1	5
20120105_www.iatronet.gr_4d35ad34c0394e80a3c921b7ea922bf76f6df87e28711ffbcacd9d38	77.17	64.47	96.08	44.44	33.33	66.67	49	27	2	2	4	1
20120106_www2.rizospastis.gr_794ce5494a6a61481505e8466e6c6302ba5deeafaaec66597e860e91	3.49	25.81	1.87	28.57	50.00	20.00	8	23	420	1	1	4
20120106_www2.rizospastis.gr_2e4ebcd101dfe61b3fd5e7d24b5eee22eb38a8d6a4270f35a6f6ecd1	3.01	22.58	1.61	0.00	0.00	0.00	7	24	427	0	2	6
20111208_www.express.gr_3d4cd6f7f007284da97d1c82f42585a03326efd5f255111354fe31c6	8.26	10.59	6.77	0.00	0.00	0.00	9	76	124	0	1	5
20120106_www2.rizospastis.gr_01be2c662a68a89e2b6447eabf0f47bb97acb824ee458da03f03eb19	3.34	22.58	1.80	0.00	0.00	0.00	7	24	381	0	2	7
20120106_www.tovima.gr_bd177f1cd6a7e8f04fdf3fbf94a41e2a5491c917e1fdaf9394c8b278	4.68	13.07	2.85	0.00	0.00	0.00	20	133	681	0	4	19
20111111_www.express.gr_5d294cfc699d671a0633d111cc97695081f6aba0650e82835d755410	2.52	9.41	1.45	0.00	0.00	0.00	8	77	542	0	1	8
20120106_www2.rizospastis.gr_994b5549682886b3f7f65fe5e3b48366dc450fdaa1bbb9ffe1e49a2e	2.36	22.58	1.25	0.00	0.00	0.00	7	24	555	0	2	28
20120106_www.kathimerini.com.cy_21a451967de884b70d8bc66ea154dc81bd15493ea0dd3a75029bd2b7	10.70	17.11	7.78	16.00	10.00	40.00	13	63	154	2	18	3
20120106_www2.rizospastis.gr_0fad417f959d08c7d4c5e4b111f0e6947c4b06fdcaf238ecc0c4fa40	9.09	25.81	5.52	28.57	50.00	20.00	8	23	137	1	1	4
20120106_www2.rizospastis.gr_17b900db841facbbd3f68ba2a4e12c703b87be026a04d5327fbe8db3	7.31	25.81	4.26	22.22	50.00	14.29	8	23	180	1	1	6
20120106_www1.rizospastis.gr_ec43fb4eabb6d54951b63442e151e806c0aaf08fd774013566688b59	2.50	22.58	1.33	0.00	0.00	0.00	7	24	521	0	2	9
20111107_www.express.gr_231d2664a4db5da65d0642392c1ff687d86544c4b9050f9111e91e63	3.27	9.41	1.98	0.00	0.00	0.00	8	77	396	0	1	9
20111209_www.express.gr_c40eb4117befbf5f952315762b40ac3e5444dc7f735a0bc42ffd15e9	3.10	9.41	1.86	0.00	0.00	0.00	8	77	423	0	1	12
20120106_www.amna.gr_63874c0c8c5825f85331abfdd9129f20078402387c8fe7c0c64c1a8f	5.36	81.25	2.77	0.00	0.00	0.00	13	3	456	0	1	12
20120106_www2.rizospastis.gr_430c69c850ffdc7b9e57f46336bc5f1f7ac199c4e3b2a3e735d9bb6d	8.65	25.81	5.19	40.00	50.00	33.33	8	23	146	1	1	2
20120106_www2.rizospastis.gr_e0ff09814e6314a1f4ca461b8906c10019e8b6a9485efaa189f114a5	1.79	22.58	0.93	0.00	0.00	0.00	7	24	743	0	2	19
20120105_www.tovima.gr_2f30505d76bbd9e1d9623994c0e7eb30b9562e336f001aed304ce056	4.38	17.74	2.50	0.00	0.00	0.00	11	51	429	0	2	11
20120106_www2.rizospastis.gr_4d37e32200422d807f569df7e6992257f777abf5d2f456f620f567a0	2.91	25.81	1.54	0.00	0.00	0.00	8	23	511	0	2	8
20111205_www.express.gr_7de48933dd3497ea6eb8d2bc245d33b800d6c722854384c53d517474	4.01	10.59	2.47	0.00	0.00	0.00	9	76	355	0	1	9
20120106_www1.rizospastis.gr_2aa94aaa431ddc8312632d751db90abdac8eeb09a2a7a4744471a3aa	2.60	25.81	1.37	33.33	50.00	25.00	8	23	576	1	1	3
20111116_www.express.gr_4aeefed514143ae7a94e00147e1b959c35ab893fe801b4d480ece28b	2.66	7.06	1.64	0.00	0.00	0.00	6	79	360	0	1	7
20120106_www.imerisia.gr_12662d25f929afe0be123012a33914b6df6e3f8c0d897c94506e4b3b	2.62	33.33	1.36	0.00	0.00	0.00	7	14	507	0	3	9
20120106_www2.rizospastis.gr_83834f9b5d5acb15f6928e6ca81b31800fe1022147a409c44d54486f	4.71	22.58	2.63	0.00	0.00	0.00	7	24	259	0	2	4
20111125_www.express.gr_a694c95c23d5f13418425bc9c10be8b7f28af890e02ba9df7a8cba0a	1.85	9.41	1.02	0.00	0.00	0.00	8	77	774	0	1	18
20120106_www2.rizospastis.gr_40e174dcabbfed720e29794f4110e6a8657fec6c336fb08a4a48e302	5.58	22.58	3.18	0.00	0.00	0.00	7	24	213	0	2	4
20111104_www.express.gr_42e0b60d0d424eb58535a9932e2c03999ea754f508248e913b735615	2.59	8.24	1.54	0.00	0.00	0.00	7	78	449	0	1	7
20120104_www.ethnos.gr_67fb7f6b381c4bd32020a7aefaee9ac33c52adb36a9edda980196644	10.84	47.37	6.12	50.00	66.67	40.00	9	10	138	2	1	3
20111114_www.express.gr_740104ca9f4f641cbe1fc581888fa6fc3152eccfe050e526c021bb92	2.61	9.41	1.52	0.00	0.00	0.00	8	77	520	0	1	12
20111124_www.express.gr_bbd4749990571767de952fd3133d2ec377dd7db73ee39e2a2f03feee	2.82	9.41	1.66	0.00	0.00	0.00	8	77	474	0	1	11
20111207_www.express.gr_0e39c680ecd8e7816cbc3230718634f0f44e1a74c8b2fa376911cb11	2.39	10.59	1.35	0.00	0.00	0.00	9	76	658	0	1	14
20120106_www2.rizospastis.gr_c825bea11ea3f70fe71c70904da686001675cb60fa5853cf38bc549b	1.44	61.54	0.73	0.00	0.00	0.00	8	5	1091	0	2	16
20111121_www.iatronet.gr_baaba59c87de69c8f4e336e185ed5577afd7b3f3b1fe42b919da955e	94.29	91.79	96.94	82.35	77.78	87.50	380	34	12	7	2	1
20120105_www.iatronet.gr_4aa56bb54d911f4028542d434ab247d8cb5911c5d1acbdd9406ac859	90.85	84.21	98.63	54.55	42.86	75.00	144	27	2	3	4	1
20111213_www.express.gr_d1e42fbafda74cc6b09d1d127706e6012b4a9f829bb74bcc4aaf2e5a	79.69	87.02	73.50	64.71	84.62	52.38	563	84	203	11	2	10
20120104_www.express.gr_3bae953f5cb76346e8647bca0efc48cbe7043f275b43b20128766f8e	7.21	88.89	3.76	0.00	0.00	0.00	8	1	205	0	1	9
20120106_www.ethnos.gr_87553605a11fbc907733c47c9b500c6e1c565ed42128396890bf97d2	3.49	47.06	1.81	0.00	0.00	0.00	8	9	433	0	3	10
20120106_www.tovima.gr_8ed6c47955eb9c05bf7864d13d7cabf2127e43f6b87b5ff1cabe3c68	5.00	8.50	3.54	0.00	0.00	0.00	13	140	354	0	4	9
20111208_www.express.gr_bb19adba9b0ca9d1ea79cf6871ca675a14d79c48f0e88d287717399f	3.42	10.59	2.04	0.00	0.00	0.00	9	76	432	0	1	7
20120106_www2.rizospastis.gr_f473c75686edb8891959ceb43259ddc866c56205bad5d0da1709bf49	3.37	22.58	1.82	0.00	0.00	0.00	7	24	377	0	2	7
20120106_www1.rizospastis.gr_162e8a9f4367a37a089fb00823ec369701b9686069ae530ef7a81455	4.95	25.81	2.74	50.00	50.00	50.00	8	23	284	1	1	1
20111126_www.express.gr_6219a1e1667df8fd3c1a6986603d18290530ce62404ca1b9ede5f401	2.24	9.41	1.27	0.00	0.00	0.00	8	77	621	0	1	11
